0.1621
0.071593
0.045565
0.26915
0.32548
0.15115
0.15507
0.18289
0.22112
0.19885
0.20285
0.13324
0.15843
0.17217
0.071595
-0.22916
-0.26601
-0.43613
-0.87819
-0.82108
-0.43905
-0.27643
-0.62506
-0.44517
-0.43728
-0.38565
-0.2918
0.18389
0.54482
0.12966
0.28882
0.20761
0.22824
0.098285
0.080933
0.060353
0.060662
0.091274
0.18841
0.32719
0.21972
0.14912
0.20468
0.056098
0.56393
-0.69375
-0.79769
-0.34392
-0.52081
-0.70368
-0.76877
-0.35393
-0.83439
-0.59571
-0.49389
-0.45854
-0.40906
0.41344
0.37264
0.085085
0.31825
0.36645
0.32776
0.15675
0.14296
0.15629
0.029453
0.020452
0.12547
0.046123
0.047044
0.011432
0.027048
0.15624
0.10456
0.25397
0.18233
0.25854
0.091775
0.12882
0.30069
0.025756
0.30906
0.064496
0.0089477
0.38341
0.23571
0.098826
0.081035
0.066645
0.031987
0.034301
0.10725
0.54913
0.072125
0.044269
0.010798
0.031873
0.021033
