0
0
0
0
0
0
0
0
0
0
0.25995
0.32767
0.37591
0.63556
0.68367
0.65524
0.63044
0.53715
0.42732
0.47011
0.25857
0.2821
0.37748
0.62561
0.68347
0.67825
0.63084
0.55111
0.53238
0.31698
0.52698
0.70875
0.72162
0.86748
0.9103
0.89037
0.75498
0.68918
0.52695
0.4595
0.44244
0.72257
0.90773
0.87496
0.96874
0.88859
0.83352
0.51481
0.56562
0.56985
0.25996
0.54471
0.93687
0.85842
0.88607
1
0.87235
0.67005
0.5282
0.57616
0.11753
0.47011
0.90843
0.95806
0.95846
0.87868
0.91937
0.75375
0.75258
0.57379
0.11753
0.32767
0.49806
0.72335
0.70621
0.58711
0.34835
0.46634
0.44521
0.42731
0.049818
0.099636
0.17548
0.24207
0.17438
0.049818
0.049818
0
0
0.024909
0
0
0
0
0
0
0
0
0
0
