0
0
-0.21265
-0.21227
-0.14636
-0.094521
-0.06943
-0.022168
0.21798
0.041988
0.20298
-0.068891
0.15697
0.099891
-0.088836
-0.089129
-0.062323
-0.1359
0
0
0
0
-0.24739
-0.046824
-0.16174
0.061735
-0.10075
-0.17643
0.23624
0.030667
0.21311
0.0075699
0.14441
0.14737
0.055885
-0.26392
0.053079
-0.18723
0
0
0
0
-0.17467
0.0035592
-0.066995
-0.014464
-0.073679
-0.1468
0.21989
0.059098
0.2793
0.035351
0.074352
-0.31338
0.18237
-0.12293
0.13686
-0.32734
0
0
0
0
-0.26147
-0.12884
-0.12357
-0.095192
-0.39965
-0.12031
0.056829
-0.034304
0.43855
-0.1201
0.1587
-0.31491
0.10403
-0.17871
-0.12425
-0.097779
0
0
0
0
-0.39209
-0.097685
-0.0032772
-0.018961
-0.2812
-0.080382
0.019501
-0.22564
0.47871
-0.054629
0.11245
-0.32725
0.069909
-0.23977
-0.39748
-0.17426
0
0
0
0
-0.38518
-0.024687
-0.070975
0.079983
-0.99501
-0.28186
-0.27987
-0.25208
0.42194
-0.48592
0.060786
-0.65235
-0.14975
-0.69772
-0.26257
-0.3546
0
0
0
0
-0.56647
-0.37004
-0.05696
-0.18445
-0.91542
-0.39512
-0.39394
-0.64787
0.48996
-0.36159
0.32902
-0.46321
0.10613
-0.36564
-0.17583
-0.20027
0
0
0
0
-0.35916
-0.67911
-0.23216
-0.13469
-0.58684
-0.37511
-0.14502
-0.36539
0.42136
-0.37072
0.19694
-0.46604
0.02308
-0.61417
-0.20775
-0.20027
0
0
-0.0091137
-0.0091137
0.28823
-0.37193
-0.4145
-0.18862
-0.40777
-0.25999
-0.064729
-0.23664
0.44464
-0.34859
0.066559
-0.46588
0.10468
-0.39761
-0.16448
-0.1536
0
0
-0.11003
-0.11003
-0.27188
-0.30611
-0.33744
-0.14207
0.025419
-0.12792
-0.29264
-0.24562
0.34369
-0.11669
0.0018188
-0.21331
-0.16279
-0.34286
-0.18436
-0.18094
0
0
