-0.14202
-0.39672
-0.6366
-0.78417
-0.25372
-0.1356
-0.137
-0.26664
-0.18073
-0.229
-0.25044
-0.14076
-0.089172
-0.15262
-0.16375
-0.39672
0.12701
0.09203
0.33254
0.76419
0.81532
0.33156
0.20314
0.64266
0.36081
0.28916
0.37283
0.23291
-0.1193
-0.45099
-0.15934
-0.37662
-0.20468
-0.19191
-0.09468
-0.16712
-0.18048
-0.18076
-0.17521
-0.28062
-0.36793
-0.41243
-0.35483
-0.14805
-0.14978
-0.44153
0.54597
0.23909
0.069989
0.29134
0.52333
0.37817
0.2337
0.54593
0.36523
0.22956
0.32116
0.14196
-0.10388
-0.63236
-0.36696
-0.57486
-0.41478
-0.014953
-0.017741
-0.11475
-0.1149
-0.34658
-0.34992
-0.39412
-0.29329
-0.079647
-0.21533
-0.14518
0.17237
0.20137
0.13014
0.17937
0.048733
0.065438
0.35448
0.40106
0.218
0.15099
0.12438
0.0464
0.099972
0.044979
0.036718
0.03702
0.20548
0.56389
0.20274
0.11948
0.13681
0.080821
0.3411
0.11314
0.05784
0.20303
0.14362
0.062205
