0.035244
1
0.021636
0.46686
0.96304
0.60834
0.51262
0.24228
0.14841
0.29298
0.21715
0.094013
0.034751
0.63778
1
1
0.54931
0.51972
1
0.9137
1
0.63525
0.074086
0.23117
0.6525
0.87192
0.29205
0.3465
0.1816
0.28228
0.65887
0.59248
0.094959
0.34916
0.95191
0.62864
0.45681
0.24185
0.13775
0.14996
0.29967
0.24739
0.36693
0.48029
0.29807
0.099991
0.66402
0.33706
0.58842
0.070966
0.45288
0.54439
0.36003
0.45793
0.41208
1
0.25446
0.84168
1
0.66924
0.92712
0.52586
0.19088
1
0.18982
1
0.20707
0.17624
1
1
0.69128
1
0.68292
1
0.38991
1
0.67169
0.0018766
1
0.21156
0.77263
0.42284
1
0.35709
0.3269
0.31537
0.38406
0.40093
0.37991
0.39493
0.38489
0.38765
0.27222
0.24799
0.75805
0.41248
0.41207
0.36024
0.47863
0.28932
0.37408
0.40474
0.36363
0.40426
0.37574
1
0.39813
0.39883
0.10235
0.11702
0.23195
0.18863
0.28443
0.26972
0.18424
0.15235
0.18776
0.21962
0.72812
0.90735
0.10497
0.10843
0.25017
0.18509
0.38556
0.38213
0.08188
0.10236
0.34068
0.29004
0.33464
0.92828
