0
0
0.048993
0.11341
-0.092132
0.39268
0.67186
0.84839
-1.0005
-0.096198
-0.1466
0.60755
0.073045
-0.036534
0.013619
0.16775
-0.032329
0.22062
0
0
0
0
-0.073209
-0.76586
0.79849
0.10653
0.58987
1.0045
-0.43908
0.12135
-0.1187
0.43327
-0.26211
0.053293
-0.030152
0.13994
-0.057644
0.18583
0
0
0
0
0.1596
-0.26162
0.11583
0.37438
0.35963
0.96956
-0.57842
0.82639
0.097544
1.6777
0.19775
1.4273
0.12503
0.77208
-0.2796
0.21629
0
0
0
0
0.42697
-0.53396
0.53649
0.31708
0.33068
0.33468
-0.22599
0.67672
0.6033
1.575
0.27326
1.1664
-0.1367
0.95507
0.23344
0.46966
0
0
0
0
0.15293
-0.30236
-0.31548
-0.43671
-0.076745
-0.0099194
0.00027634
0.14578
0.37647
1.229
-0.1342
0.6163
-0.30312
0.29422
0.24131
0.31895
0
0
0
0
-0.013558
-0.60827
0.14466
-0.53578
0.3104
-0.288
0.3245
0.3797
0.82945
1.3817
-0.14391
-0.11927
-0.16402
0.2511
0
0
0
0
0
0
0.050647
-0.0083637
-0.15558
0.27938
0.015914
0.31569
0.62546
0.79091
0.36075
0.29038
-0.32738
-0.74534
-0.25745
-0.12887
0
0
0
0
0
0
0.12754
0.22069
0.0032133
0.18412
-0.012438
0.2493
0.025235
0.24284
0.83068
0.29771
-0.17308
-0.25046
-0.095294
0.20249
0
0
0
0
0
0
0
0
0
0
-0.014184
0.074621
-0.034028
0.067918
0.12831
0.23168
0.024313
0.17325
-0.19021
0.2262
0
0
0
0
0
0
0
0
0
0
0
0
0
0
0.14513
0.067918
0
0
0
0
0
0
0
0
