0.080408
0.17955
0.1766
0.14782
0.065103
0.080067
0.08015
0.055704
0.048259
0.17956
0.009227
0.091908
0.0038805
0.042515
0.04664
0.070739
0.09246
0.011058
0.023211
0.058201
0.058777
0.05144
0.045566
0.085057
0.07056
0.10725
0.24505
0.17997
0.023533
0.03623
0.17617
0.19145
0.023482
0.0042405
0.083788
0.023641
0.020388
0.12331
0.051974
0.034528
0.078774
0.026555
0.020118
0.061773
0.038034
0.027089
0.055874
0.40488
0.05805
0.24764
0.19523
0.23652
0.50395
0.10423
0.33372
0.13218
0.093516
0.1537
0.13915
0.19205
0.58881
-0.42934
-1.5052
-0.42753
-0.55518
-0.67517
-0.32381
-0.95587
-0.40016
-0.37897
-0.3839
-0.4547
-0.38144
