0
0
0.11143
0.054775
0.093809
0.016301
0.15238
0.12311
0.13926
0.085937
-0.27956
-0.2614
-0.09014
0.10383
0.0083411
0.021809
0.00031672
0.027855
0
0
0
0
0.14795
-0.085768
0.037028
-0.10483
0.14208
0.034034
0.076876
0.023635
-0.36639
-0.22404
-0.012851
0.099058
0.086682
0.18635
0.0018383
0.023462
0
0
0
0
0.11211
-0.07069
0.081017
-0.028261
0.092505
0.0011385
0.092788
0.049038
-0.36014
-0.13395
-0.0092078
0.23825
0.049678
0.15979
0.017055
0.02001
0
0
0
0
0.089613
-0.020119
0.10422
-0.052983
0.20782
0.060245
0.073012
0.04436
-0.92729
-0.40363
0.020986
0.23941
-0.04775
0.17411
0.041053
0.036549
0
0
0
0
0.36931
0.023772
0.069933
-0.03507
0.18626
0.0032192
-0.041066
-0.12255
-1.0546
-0.51002
-0.12081
0.0081468
-0.055782
0.1882
0.048259
0.041092
0
0
0
0
0.34307
-0.072826
-0.0011444
-0.17514
0.21326
-0.27674
-0.1502
-0.51492
-1.1737
-0.86467
0.11509
-0.024556
-0.11407
0.017798
0.05097
0.052726
0
0
0
0
0.43636
0.11949
0.14517
-0.22382
0.23882
-0.2402
0.011634
-0.27239
-0.982
-0.52528
0.044579
0.052731
-0.20475
0.067466
0.04337
0.032813
0
0
0
0
0.14444
0.33178
0.10602
0.028191
0.21647
-0.077049
0.16481
-0.26121
-1.2002
-0.48993
-0.16156
-0.027698
-0.19332
0.22469
0
0
0
0
0.016323
0.016323
-0.27582
0.17867
0.28861
-0.03015
0.16051
-0.042027
0.27357
-0.38011
-0.84804
-0.37731
-0.095326
-0.17196
-0.2692
0.21704
0.067196
0.062598
0
0
0.16081
0.16081
0.19003
0.16924
0.30897
-0.031548
0.090578
-0.0088904
0.099648
-0.27971
-0.7903
-0.43456
-0.007964
-0.1342
-0.0024057
0.25043
0.044192
0.040927
0
0
