-0.43051,-0.00026554,0.0033042
-0.41469,-0.013059,0.040822
-0.38378,-0.28543,0.56005
-0.40446,-0.013004,0.038604
-0.3673,-0.30888,0.5514
-0.38077,-0.21969,0.56331
-0.40092,-0.0098412,0.080864
-0.3649,-0.29332,0.56885
-0.37431,-0.17465,0.56707
-0.38975,0.0038907,0.099893
-0.35085,-0.26332,0.57264
-0.37228,-0.15051,0.56745
-0.38443,-0.020083,0.55935
-0.34204,-0.29922,0.5729
-0.35353,-0.18983,0.57162
-0.37248,-0.063744,0.56741
-0.38406,0.069516,0.55975
-0.33459,-0.29605,0.57326
-0.3457,-0.18968,0.57343
-0.35836,-0.067822,0.56978
-0.3816,0.052256,0.56241
-0.35715,0.0036632,0.10728
-0.32636,-0.24761,0.57313
-0.34575,-0.14298,0.57343
-0.35963,-0.027479,0.56929
-0.3692,0.1002,0.56804
-0.35079,-0.0094042,0.085584
-0.32102,-0.263,0.57305
-0.33035,-0.15946,0.57319
-0.34066,-0.050503,0.57335
-0.35483,0.080984,0.57112
-0.37467,0.23431,0.567
-0.33723,0.0087642,0.10899
-0.31363,-0.24548,0.57252
-0.32317,-0.13432,0.57308
-0.33523,-0.013789,0.57327
-0.35331,0.11419,0.5717
-0.36509,0.24948,0.56882
-0.29766,-0.30075,0.56721
-0.30615,-0.20096,0.5694
-0.32407,-0.081804,0.57309
-0.3347,0.038778,0.57326
-0.34426,0.15584,0.5734
-0.32323,-0.0093096,0.085762
-0.28816,-0.2695,0.5706
-0.30482,-0.16071,0.56885
-0.31317,-0.055206,0.57233
-0.32374,0.076879,0.57309
-0.34531,0.20621,0.57342
-0.31137,-0.00927,0.11044
-0.28158,-0.24792,0.57012
-0.29924,-0.13474,0.56772
-0.30794,-0.030275,0.57015
-0.32048,0.10294,0.57304
-0.33708,0.2349,0.57329
-0.26628,-0.30583,0.55208
-0.27282,-0.23384,0.56902
-0.2893,-0.11922,0.57031
-0.30305,-0.0079914,0.56811
-0.31097,0.12457,0.57141
-0.33084,0.26449,0.5732
-0.26153,-0.30132,0.56562
-0.27441,-0.20643,0.56922
-0.2783,-0.094524,0.5697
-0.29243,0.020163,0.56949
-0.30198,0.16293,0.56796
-0.31704,0.28605,0.57298
-0.25187,-0.30585,0.5558
-0.26314,-0.21598,0.5678
-0.26587,-0.097753,0.56815
-0.28006,0.0098271,0.56993
-0.29336,0.14722,0.56925
-0.30726,0.28576,0.56986
-0.24424,-0.30543,0.55463
-0.25414,-0.21774,0.56667
-0.25927,-0.10413,0.56732
-0.27016,0.0030182,0.56868
-0.28438,0.13363,0.57047
-0.30111,0.28478,0.56785
-0.23043,-0.30534,0.55504
-0.24546,-0.21072,0.56214
-0.25565,-0.095655,0.56686
-0.26239,0.0092545,0.56771
-0.26988,0.14531,0.56865
-0.28183,0.27829,0.57015
-0.22612,-0.2981,0.56279
-0.23793,-0.18987,0.56023
-0.24722,-0.091788,0.56311
-0.24783,0.031992,0.56345
-0.26131,0.15794,0.56757
-0.27762,0.28951,0.56962
-0.21394,-0.29499,0.56098
-0.22293,-0.19213,0.56231
-0.2375,-0.087853,0.56033
-0.23883,0.033519,0.56002
-0.25538,0.15876,0.56683
-0.26542,0.29568,0.56809
-0.20402,-0.28907,0.5595
-0.21848,-0.18381,0.56165
-0.21924,-0.077918,0.56176
-0.23647,0.045152,0.56057
-0.24766,0.17686,0.56335
-0.21407,-0.0093072,0.096218
-0.19774,-0.29998,0.55833
-0.2048,-0.19128,0.55961
-0.21421,-0.082777,0.56102
-0.2206,0.036899,0.56197
-0.23277,0.17265,0.56145
-0.21267,-0.0089344,0.086546
-0.18776,-0.2981,0.55477
-0.19834,-0.18779,0.55865
-0.20001,-0.087602,0.5589
-0.21304,0.028567,0.56084
-0.22127,0.16424,0.56207
-0.19889,-0.0087004,0.083606
-0.17564,-0.30622,0.54495
-0.1851,-0.20866,0.55323
-0.19533,-0.10228,0.5582
-0.20179,0.014976,0.55917
-0.20554,0.15228,0.55972
-0.21866,0.2873,0.56168
-0.16684,-0.30616,0.54058
-0.17349,-0.21669,0.55229
-0.18748,-0.10806,0.55461
-0.19491,0.00534,0.55814
-0.20213,0.12278,0.55922
-0.20244,0.26809,0.55926
-0.15783,-0.30411,0.54926
-0.16696,-0.21765,0.55389
-0.17787,-0.10342,0.55122
-0.18623,0.022738,0.55388
-0.18687,0.14593,0.55426
-0.1979,0.27747,0.55859
-0.15608,-0.30837,0.5287
-0.15705,-0.23414,0.55271
-0.16714,-0.12642,0.55384
-0.17394,0.0020334,0.55218
-0.17947,0.11842,0.55113
-0.18703,0.26728,0.55435
-0.14609,-0.30601,0.53581
-0.14751,-0.22719,0.55137
-0.15583,-0.11617,0.55254
-0.15987,-0.00040937,0.55311
-0.16388,0.11832,0.55367
-0.17311,0.26103,0.55238
-0.1321,-0.30671,0.53226
-0.13446,-0.22626,0.54954
-0.14201,-0.11215,0.5506
-0.15225,-0.0059372,0.55204
-0.15743,0.11889,0.55277
-0.16052,0.25686,0.5532
-0.12748,-0.30675,0.53823
-0.12672,-0.21221,0.54587
-0.13713,-0.10876,0.54992
-0.14464,0.0072147,0.55097
-0.15031,0.1426,0.55177
-0.15809,0.27685,0.55286
-0.11754,-0.30356,0.54123
-0.11693,-0.20272,0.54285
-0.12713,-0.10155,0.5461
-0.12992,0.014463,0.5477
-0.14031,0.14418,0.55036
-0.14253,0.29044,0.55067
-0.10713,-0.30644,0.53046
-0.10882,-0.22254,0.54479
-0.11949,-0.1069,0.5427
-0.1225,0.0042007,0.54346
-0.12247,0.13454,0.54344
-0.12702,0.26826,0.54604
-0.095877,-0.30934,0.51741
-0.10415,-0.2504,0.5452
-0.10407,-0.13588,0.54519
-0.10645,-0.021773,0.54536
-0.11488,0.1067,0.54334
-0.12039,0.24614,0.54284
-0.099444,-0.0087506,0.13294
-0.088309,-0.26474,0.54289
-0.090726,-0.16162,0.54325
-0.09329,-0.052016,0.54362
-0.097944,0.06203,0.5443
-0.10175,0.20113,0.54485
-0.090905,-0.0089666,0.12156
-0.087008,-0.25736,0.5427
-0.083024,-0.16169,0.54212
-0.084114,-0.03421,0.54228
-0.089241,0.09254,0.54303
-0.099687,0.22338,0.54455
-0.076668,-0.0090461,0.1168
-0.070745,-0.28016,0.53965
-0.074252,-0.17668,0.54085
-0.077394,-0.061294,0.5413
-0.078526,0.054433,0.54147
-0.089926,0.20124,0.54313
-0.068307,-0.0089901,0.1192
-0.063424,-0.26688,0.53541
-0.068395,-0.17015,0.53829
-0.064341,-0.060958,0.53594
-0.071381,0.061043,0.54002
-0.072406,0.19663,0.54058
-0.055486,-0.0090625,0.11437
-0.053703,-0.29421,0.5348
-0.055432,-0.17916,0.53438
-0.059115,-0.074611,0.53393
-0.061129,0.046485,0.53421
-0.058341,0.16791,0.53382
-0.052835,-0.0086241,0.09592
-0.04187,-0.29704,0.53626
-0.047881,-0.19568,0.53624
-0.051755,-0.085299,0.53528
-0.046489,0.032541,0.53658
-0.048907,0.15812,0.53599
-0.050688,0.29972,0.53555
-0.038539,-0.30981,0.51288
-0.033674,-0.23634,0.53513
-0.035737,-0.12878,0.53541
-0.042685,-0.0097361,0.53638
-0.038614,0.11993,0.53581
-0.042246,0.2612,0.53631
-0.033636,-0.004576,0.15887
-0.030832,-0.30257,0.53368
-0.031228,-0.19836,0.53479
-0.03107,-0.083041,0.53477
-0.031826,0.036082,0.53487
-0.035751,0.15836,0.53541
-0.038528,0.30034,0.5358
-0.017148,-0.023267,0.19508
-0.016128,-0.28417,0.53269
-0.019935,-0.18927,0.53322
-0.018111,-0.073481,0.53297
-0.018081,0.055148,0.53296
-0.026463,0.17562,0.53413
-0.0048103,-0.1184,0.13584
-0.011895,-0.026636,0.16011
-0.0075211,-0.30427,0.5087
-0.0096716,-0.22027,0.53081
-0.0076978,-0.11328,0.52969
-0.012849,-0.0068372,0.53224
-0.011016,0.12778,0.53158
-0.016332,0.26183,0.53272
0.003372,-0.082094,0.14059
-0.0044464,-0.028873,0.19072
0.0042958,-0.29073,0.52585
0.0030804,-0.19519,0.52554
-0.0044873,-0.087465,0.52786
-0.0023066,0.041218,0.52662
0.0041363,0.16841,0.52581
0.0049189,-0.14187,0.13297
0.0084385,-0.031818,0.16332
0.0067178,-0.3077,0.51607
0.0095626,-0.22423,0.52717
0.0081589,-0.12161,0.52682
0.0095368,0.0018534,0.52716
0.014166,0.12945,0.52832
0.011896,0.2592,0.52775
0.02257,-0.018109,0.15417
0.015651,-0.30799,0.51504
0.015274,-0.21624,0.5284
0.019795,-0.11926,0.52779
0.022526,-0.001089,0.52742
0.022007,0.13338,0.52749
0.022337,0.26911,0.52744
0.032828,-0.0091237,0.15939
0.024422,-0.28849,0.52716
0.02402,-0.18939,0.52722
0.033156,-0.078095,0.52598
0.03021,0.035303,0.52638
0.031143,0.17591,0.52626
0.044157,-0.0085818,0.096298
0.035195,-0.308,0.51776
0.033402,-0.21953,0.52595
0.037965,-0.10574,0.52534
0.038209,0.0093034,0.5253
0.041138,0.12943,0.52491
0.040908,0.26379,0.52494
0.045692,-0.29624,0.47787
0.04292,-0.25738,0.52467
0.049121,-0.14641,0.52354
0.048668,-0.023479,0.5238
0.050333,0.094639,0.52286
0.054994,0.23149,0.52023
0.060317,-0.0036062,0.14319
0.056993,-0.26359,0.5191
0.061298,-0.15072,0.51759
0.058685,-0.039648,0.51815
0.058202,0.080566,0.51842
0.060007,0.20606,0.51768
0.074757,-0.0089997,0.11707
0.063282,-0.29095,0.51758
0.063452,-0.18804,0.51763
0.06666,-0.08337,0.51867
0.069727,0.039508,0.51966
0.072454,0.16486,0.52054
0.076916,-0.0088693,0.10386
0.074895,-0.31023,0.50179
0.070622,-0.2245,0.51994
0.072881,-0.12391,0.52067
0.0769,-0.00077737,0.52122
0.080161,0.13188,0.521
0.082067,0.2632,0.52087
0.085158,-0.0020978,0.14049
0.082707,-0.26237,0.52083
0.082074,-0.15224,0.52087
0.091448,-0.034687,0.52023
0.090211,0.085389,0.52032
0.09209,0.21765,0.52019
0.098129,-0.0086522,0.13508
0.087174,-0.27241,0.52052
0.094847,-0.15799,0.52
0.097164,-0.046483,0.51985
0.099177,0.07649,0.51971
0.10405,0.20186,0.51938
0.10683,-0.0088686,0.1242
0.095995,-0.29414,0.51993
0.10271,-0.19259,0.51947
0.10443,-0.086241,0.51935
0.11269,0.044043,0.51724
0.11825,0.16758,0.51457
0.12252,-0.0087148,0.090345
0.1091,-0.30888,0.50984
0.11588,-0.2185,0.51571
0.11589,-0.11688,0.51571
0.11759,0.0071283,0.51489
0.1206,0.14275,0.51376
0.13374,0.24702,0.5272
0.11324,-0.29691,0.46505
0.11925,-0.24945,0.51409
0.12284,-0.15893,0.51512
0.13209,-0.060012,0.5262
0.13666,0.063736,0.52897
0.13393,0.19461,0.52732
0.14171,-0.0090612,0.11488
0.1239,-0.29128,0.51618
0.12865,-0.19882,0.52249
0.13966,-0.095933,0.53079
0.13677,0.030743,0.52904
0.14861,0.13601,0.53621
0.15597,0.28526,0.54068
0.13538,-0.30816,0.51324
0.1374,-0.23949,0.52942
0.14241,-0.13672,0.53246
0.14572,-0.023693,0.53447
0.1531,0.10231,0.53893
0.15942,0.22358,0.54277
0.15773,-0.0090232,0.11704
0.14537,-0.28533,0.53425
0.14937,-0.18649,0.53668
0.15735,-0.080433,0.54151
0.16155,0.027498,0.54336
0.17032,0.16105,0.54482
0.17226,0.30127,0.545
0.17335,0.19858,0.78434
0.1683,-0.0088452,0.12512
0.15364,-0.28937,0.53926
0.16078,-0.19402,0.54323
0.16161,-0.078832,0.54337
0.17351,0.017779,0.56417
0.17374,0.1537,0.56492
0.16849,0.055798,0.74415
0.1756,0.10566,0.80048
0.18157,0.25665,0.81344
0.16385,-0.30999,0.51435
0.16826,-0.24634,0.54448
0.16874,-0.13689,0.54456
0.17851,-0.074551,0.58002
0.1713,-0.199,0.77931
0.17092,-0.076845,0.77836
0.1778,0.012376,0.80526
0.18409,0.14468,0.81893
0.19455,0.27734,0.83571
0.1661,-0.30868,0.51555
0.17588,-0.26845,0.57169
0.17553,-0.29269,0.68274
0.16852,-0.26814,0.75084
0.17856,-0.23091,0.80691
0.18407,-0.12594,0.81889
0.19088,0.0025822,0.83222
0.19404,0.1275,0.83522
0.2012,0.25875,0.86268
0.17974,-0.31001,0.51811
0.18463,-0.29854,0.59419
0.17839,-0.29546,0.68283
0.18101,-0.2905,0.76967
0.18348,-0.23061,0.8176
0.19008,-0.13415,0.83146
0.19805,-0.02146,0.83902
0.2033,0.097895,0.86926
0.21641,0.21039,0.89667
0.2053,-0.0091131,0.11313
0.18729,-0.30468,0.56853
0.18565,-0.29784,0.65776
0.19052,-0.29409,0.74049
0.18598,-0.28286,0.81974
0.19923,-0.1973,0.85219
0.20481,-0.095683,0.87399
0.20843,0.014603,0.88537
0.22061,0.12041,0.92161
0.22547,0.25006,0.93563
0.19786,-0.30825,0.54334
0.19416,-0.30084,0.62536
0.2024,-0.28141,0.70115
0.19662,-0.28746,0.79884
0.20434,-0.27564,0.87252
0.20771,-0.16602,0.8831
0.21257,-0.049756,0.89201
0.22715,0.025844,0.94046
0.22971,0.16761,0.94656
0.22986,-0.0093403,0.1014
0.20834,-0.30554,0.58152
0.20958,-0.2849,0.65219
0.20509,-0.29047,0.79149
0.21179,-0.28108,0.88272
0.21341,-0.17798,0.89304
0.22547,-0.10991,0.93561
0.22927,0.022355,0.94606
0.2416,0.14718,0.9682
0.23856,-0.0088876,0.086852
0.21163,-0.3052,0.5863
0.217,-0.28376,0.65912
0.21876,-0.28263,0.8624
0.22242,-0.25715,0.92682
0.22723,-0.13255,0.94069
0.23613,-0.010175,0.95397
0.24595,0.10957,0.97413
0.25906,0.22664,0.99405
0.22095,-0.29176,0.54412
0.22308,-0.28491,0.64089
0.22915,-0.28074,0.91523
0.23169,-0.20804,0.94885
0.24235,-0.094659,0.96922
0.25085,0.021361,0.98309
0.264,0.17035,0.99775
0.25749,0.0047148,0.11909
0.23773,-0.27663,0.95071
0.24773,-0.18789,0.97655
0.25214,-0.059689,0.98611
0.26718,0.069475,0.99865
0.28405,0.23449,0.9976
0.24157,-0.2782,0.94068
0.25354,-0.22884,0.9894
0.25682,-0.092814,0.99237
0.27891,0.047648,0.99979
0.29539,0.23181,0.98881
0.25029,-0.27253,0.94743
0.2559,-0.21099,0.99168
0.26848,-0.081296,0.9988
0.28839,0.07873,0.99575
0.28404,-0.0092664,0.10571
0.26365,-0.26556,0.99748
0.27292,-0.15185,0.99934
0.28919,0.0028469,0.99541
0.27075,-0.27849,0.96095
0.28213,-0.20913,0.99842
0.29006,-0.062125,0.99504
0.28514,-0.27551,0.99171
0.2913,-0.14181,0.99424
0.29494,-0.27012,0.98899
0.29739,-0.27549,0.97556
0.34763,-0.0020218,0.10863
0.37437,-0.0093238,0.08521
0.40102,-0.012834,0.025567
0.40915,-0.013016,0.0079285
0.41963,-0.013374,0.021784
0.29794,0.25688,0.96332
0.29196,0.23714,0.99337
0.27444,0.24529,0.99952
0.29051,0.21245,0.99485
0.22686,0.26889,0.6013
0.235,0.25353,0.86063
0.27401,0.20869,0.99947
0.22205,0.26786,0.6119
0.21347,0.26843,0.71125
0.29808,0.16491,0.98523
0.20856,0.27067,0.56347
0.21314,0.26367,0.67159
0.21209,0.26512,0.77779
0.29855,0.15178,0.98461
0.20103,0.25619,0.55097
0.2056,0.25805,0.6567
0.19871,0.25487,0.76596
0.30023,0.1324,0.97541
0.19058,0.25697,0.53981
0.19984,0.2491,0.64988
0.19673,0.24722,0.75324
0.30063,0.11937,0.97207
0.17429,0.25764,0.52978
0.19069,0.23895,0.64834
0.19254,0.2417,0.75271
0.29998,0.10638,0.97747
0.16391,0.25831,0.52003
0.18701,0.22448,0.65779
0.29772,0.099561,0.88449
0.29526,0.085635,0.98898
0.0123,0.4197,0.04688
0.19402,0.20657,0.62741
0.18246,0.22495,0.70655
0.19749,0.20764,0.82
0.25455,0.12776,0.99067
0.19378,0.18017,0.59203
0.18552,0.19214,0.6838
0.29238,0.072668,0.89408
0.29533,0.071492,0.98889
0.010549,0.39591,0.059603
0.19257,0.17268,0.63653
0.17921,0.18964,0.71718
0.20094,0.16085,0.8383
-0.013227,0.40577,0.0057387
0.19389,0.14739,0.59054
0.18577,0.1675,0.67791
0.28471,0.042394,0.88895
0.29406,0.029736,0.99058
0.19271,0.13601,0.58604
0.18348,0.15092,0.66381
0.29599,0.020326,0.88999
0.29447,0.014088,0.99004
-0.0075647,0.35306,0.10729
0.19098,0.1321,0.64651
0.29822,0.00288,0.88293
0.30038,0.0040764,0.97419
0.0074054,0.31666,0.11163
0.19332,0.11563,0.63183
0.17638,0.12155,0.72218
0.20075,0.10429,0.83465
0.0093709,0.3071,0.091181
0.19082,0.10016,0.64749
0.17652,0.11644,0.72194
0.29607,-0.021744,0.95894
0.009385,0.28499,0.1004
0.1935,0.088945,0.63071
0.17947,0.093423,0.71672
0.20173,0.072484,0.84116
0.0094031,0.26845,0.098357
0.19291,0.074713,0.60881
0.1842,0.07658,0.69365
0.18959,0.066821,0.80284
0.28047,-0.028366,0.99912
0.1913,0.051983,0.58158
0.1844,0.066106,0.67249
0.29503,-0.05956,0.89303
0.29652,-0.05681,0.9873
0.0088694,0.24642,0.11958
0.189,0.045949,0.65447
0.17699,0.059113,0.73092
0.30069,-0.081597,0.97156
0.0091997,0.22992,0.10906
0.19322,0.028488,0.63242
0.17634,0.033479,0.72225
0.21085,0.0079927,0.85432
0.26352,-0.053631,0.99738
0.19419,0.0081527,0.61445
0.18423,0.024783,0.6934
0.17729,0.033798,0.78052
0.28516,-0.085198,0.99713
0.0085208,0.20605,0.12473
0.1922,-0.004841,0.63881
0.17755,0.007586,0.7201
0.21124,-0.022015,0.85556
0.18618,-0.0047732,0.1276
0.18598,-0.014053,0.56473
0.18886,-0.01906,0.6547
0.17815,0.001323,0.73379
0.30024,-0.13776,0.97528
0.16789,-0.0087192,0.12881
0.19318,-0.030718,0.5999
0.18594,-0.02593,0.68073
0.179,-0.02428,0.77619
0.29373,-0.14422,0.99101
0.1402,0.007251,0.13279
0.19305,-0.04858,0.60161
0.18506,-0.03883,0.68724
0.2903,-0.14187,0.89643
0.29249,-0.14819,0.99266
0.13923,0.00048779,0.13426
0.18722,-0.051219,0.56867
0.18368,-0.048268,0.66334
0.29196,-0.15889,0.88237
0.30017,-0.1668,0.97588
0.13265,-0.0088203,0.12702
0.0023734,0.11964,0.13622
0.1941,-0.073298,0.62693
0.18209,-0.058651,0.70931
0.19795,-0.07991,0.82102
0.2787,-0.16567,0.99988
0.10872,0.0079079,0.13647
0.18785,-0.076665,0.57066
0.18442,-0.07184,0.66211
0.18027,-0.066004,0.7531
0.29787,-0.20275,0.98551
0.1135,-0.0085013,0.086825
0.0088688,0.094311,0.10123
0.19293,-0.10835,0.60888
0.18427,-0.093499,0.6931
0.27659,-0.19008,0.89163
0.29126,-0.19768,0.9943
0.089633,-0.009085,0.1113
0.0085645,0.08016,0.13874
0.19241,-0.12019,0.63756
0.18053,-0.10708,0.71485
0.20094,-0.13009,0.83847
0.27181,-0.19796,0.9992
0.081903,-0.0090061,0.11684
0.0088202,0.062049,0.12603
0.19339,-0.13188,0.63138
0.18168,-0.11895,0.7124
0.26908,-0.20531,0.90322
0.26788,-0.20828,0.99873
0.066296,-0.0089345,0.12027
0.0086357,0.046626,0.13521
0.19288,-0.14136,0.63454
0.17951,-0.128,0.71664
0.26531,-0.2111,0.9046
0.27302,-0.22075,0.99935
0.045135,-0.0083893,0.088359
0.0094828,0.033616,0.13938
0.19476,-0.15222,0.61694
0.18304,-0.14027,0.70223
0.18875,-0.14602,0.801
0.28221,-0.24761,0.99838
-0.21433,0.27155,0.56103
0.035039,-0.0063071,0.15408
0.017596,0.0070812,0.21903
0.19373,-0.16905,0.59269
0.18608,-0.1634,0.67966
0.18033,-0.15346,0.76538
0.29297,-0.27577,0.98388
-0.18364,0.22193,0.55237
0.026014,-0.013333,0.12326
0.019093,-0.0034663,0.20981
0.019564,-0.0023285,0.30319
0.19449,-0.1834,0.62446
0.18311,-0.17233,0.70177
0.18701,-0.17028,0.79722
0.28613,-0.27314,0.99464
-0.21331,0.22603,0.56088
0.020767,-0.02056,0.099146
0.019701,-0.021165,0.19737
0.01128,-0.01585,0.28842
0.19304,-0.19432,0.60937
0.18511,-0.18541,0.6869
0.18023,-0.17535,0.77306
0.27151,-0.27829,0.97397
-0.2021,0.20082,0.55921
0.015938,-0.023721,0.098479
0.0087028,-0.027734,0.18964
-0.0012106,-0.02003,0.28108
0.19519,-0.20805,0.62005
0.18392,-0.19559,0.69576
0.17934,-0.18421,0.77533
0.26973,-0.27926,0.9684
-0.21364,0.19352,0.56093
-0.30588,0.28937,0.56929
0.0063692,-0.029402,0.17296
0.0011534,-0.020049,0.26125
0.19117,-0.21881,0.64531
0.17926,-0.20519,0.71709
0.24282,-0.26635,0.88718
0.25424,-0.27584,0.9798
-0.23817,0.20183,0.56017
0.0086402,-0.054986,0.096227
-0.038463,-0.0085928,0.1378
0.19462,-0.23226,0.62364
0.18292,-0.22582,0.70315
0.22862,-0.27039,0.84308
0.237,-0.2777,0.94602
-0.20887,0.17225,0.56022
-0.31665,0.26339,0.57298
0.0019437,-0.057184,0.14394
0.23112,-0.28493,0.56112
0.22901,-0.27686,0.63589
0.20062,-0.25325,0.69153
0.21869,-0.26727,0.80436
0.2334,-0.27994,0.90795
-0.18607,0.12769,0.55379
-0.27307,0.20772,0.56905
0.0087379,-0.07959,0.095988
-0.058813,-0.0090144,0.11748
0.22932,-0.28876,0.58743
0.22211,-0.2829,0.66526
0.19699,-0.25485,0.71865
0.22205,-0.28165,0.83841
-0.13191,0.057525,0.54884
-0.21811,0.13666,0.5616
-0.30772,0.23563,0.57005
0.009039,-0.09506,0.1181
0.21341,-0.29271,0.52197
0.21718,-0.28777,0.61112
0.20834,-0.28189,0.6895
0.20154,-0.2795,0.77528
0.20704,-0.28267,0.86613
-0.17128,0.075914,0.55283
-0.26413,0.17273,0.56793
-0.37644,0.27435,0.56666
-0.098132,-0.008695,0.090781
0.21311,-0.3005,0.5874
0.20496,-0.29712,0.66226
0.19587,-0.28359,0.73995
0.19948,-0.28629,0.8302
-0.14087,0.038282,0.55044
-0.23365,0.12551,0.56124
-0.33027,0.22117,0.57319
0.0049151,-0.1207,0.13555
0.205,-0.30646,0.56859
0.19587,-0.3009,0.64332
0.19332,-0.29496,0.72839
0.18836,-0.28821,0.80572
-0.13512,0.012556,0.54964
-0.21308,0.09421,0.56085
-0.31405,0.18621,0.5727
0.0018445,-0.13163,0.13489
0.19321,-0.30386,0.55812
0.18935,-0.29986,0.6327
0.018799,-0.14842,0.52792
-0.061404,-0.067759,0.53425
-0.13418,0.0082441,0.5495
-0.22946,0.085257,0.56223
-0.32395,0.18999,0.57309
0.0036817,-0.14131,0.13331
0.13417,-0.26145,0.52746
0.056986,-0.18189,0.51911
-0.011823,-0.12513,0.53204
-0.093707,-0.046347,0.54368
-0.18223,0.030963,0.55155
-0.27378,0.11107,0.56914
0.0092106,-0.16274,0.1129
0.16616,-0.30722,0.53548
0.078809,-0.22535,0.52109
0.0037191,-0.14621,0.5257
-0.071578,-0.082041,0.54013
-0.14987,-0.0090014,0.5517
-0.24052,0.069525,0.5602
-0.33275,0.15708,0.57323
0.15083,-0.30481,0.50643
0.086868,-0.23811,0.52054
0.013391,-0.17662,0.52813
-0.062822,-0.109,0.53507
-0.13219,-0.032057,0.549
-0.22503,0.046859,0.56263
-0.31609,0.13304,0.57297
0.14649,-0.30737,0.51743
0.079352,-0.24479,0.52105
-0.0018642,-0.17537,0.52637
-0.071269,-0.10593,0.53995
-0.15602,-0.039569,0.55257
-0.24316,0.047438,0.56087
-0.34458,0.13545,0.57341
0.11626,-0.2987,0.51553
0.050447,-0.23982,0.5228
-0.01659,-0.17095,0.53276
-0.09398,-0.099962,0.54372
-0.18638,-0.025323,0.55397
-0.26399,0.052613,0.56791
0.00077249,-0.20357,0.12636
0.085991,-0.27546,0.5206
0.01205,-0.21126,0.52779
-0.060001,-0.14558,0.53405
-0.14481,-0.07015,0.551
-0.23554,0.0065071,0.56079
-0.33261,0.094368,0.57322
0.097791,-0.30573,0.51688
0.027262,-0.23441,0.52678
-0.045927,-0.17542,0.53672
-0.12921,-0.10129,0.54729
-0.21206,-0.02719,0.5607
-0.30081,0.055713,0.56781
0.090965,-0.30902,0.51049
0.028501,-0.25508,0.52661
-0.045455,-0.1818,0.53676
-0.12409,-0.11164,0.54437
-0.20684,-0.050892,0.55992
-0.29447,0.036415,0.56896
0.072499,-0.30862,0.50939
0.0098144,-0.24451,0.52723
-0.070469,-0.18123,0.53949
-0.14232,-0.11351,0.55065
-0.23025,-0.033063,0.56204
-0.3185,0.050228,0.57301
0.052004,-0.29383,0.52192
-0.017843,-0.23604,0.53293
-0.094965,-0.1709,0.54386
-0.18049,-0.089516,0.55127
-0.27209,-0.016345,0.56893
0.052225,-0.31131,0.4953
0.0081198,-0.26864,0.52681
-0.067296,-0.21137,0.53765
-0.13652,-0.14337,0.54983
-0.22193,-0.072648,0.56217
-0.32086,0.013925,0.57304
0.025748,-0.29527,0.52698
-0.047732,-0.23997,0.53628
-0.12363,-0.16843,0.5441
-0.20518,-0.097912,0.55967
-0.30406,-0.0093738,0.56853
0.013384,-0.307,0.52295
-0.052891,-0.24827,0.535
-0.12965,-0.18213,0.54754
-0.20895,-0.11124,0.56023
-0.30939,-0.028668,0.57075
-0.0029715,-0.29892,0.527
-0.071852,-0.23956,0.54029
-0.14568,-0.17513,0.55112
-0.24273,-0.094919,0.56063
-0.32596,-0.015268,0.57312
-0.023686,-0.29205,0.53374
-0.094379,-0.23322,0.54378
-0.19079,-0.15877,0.55654
-0.2672,-0.087611,0.56831
-0.39765,0.0049095,0.0024539
-0.037054,-0.29815,0.53559
-0.12128,-0.22953,0.54296
-0.20448,-0.15471,0.55957
-0.2852,-0.084071,0.57057
-0.40164,0.00080024,0.0082107
-0.043866,-0.30335,0.53468
-0.12451,-0.23856,0.54461
-0.19877,-0.17453,0.55872
-0.28602,-0.10273,0.57067
-0.39879,-0.012203,0.036588
-0.057662,-0.29829,0.53383
-0.13225,-0.24558,0.54903
-0.21049,-0.181,0.56046
-0.30581,-0.091242,0.56926
-0.42555,-0.012887,0.028444
-0.10202,-0.28182,0.54489
-0.18028,-0.20568,0.55125
-0.26472,-0.13664,0.568
-0.36663,-0.054292,0.56853
-0.12801,-0.26724,0.54661
-0.2133,-0.20399,0.56088
-0.30008,-0.13268,0.56772
-0.094146,-0.30432,0.54056
-0.17251,-0.23876,0.55253
-0.26304,-0.17424,0.56779
-0.35456,-0.098452,0.57123
-0.15202,-0.27509,0.55201
-0.24163,-0.20118,0.56037
-0.32384,-0.1338,0.57309
-0.1447,-0.29519,0.55098
-0.22479,-0.23361,0.56259
-0.31502,-0.15602,0.57295
-0.15238,-0.30452,0.54818
-0.23731,-0.23474,0.56038
-0.32064,-0.15848,0.57304
-0.18131,-0.29201,0.55139
-0.26383,-0.22083,0.56789
-0.3559,-0.1467,0.57072
-0.22457,-0.26483,0.56256
-0.31692,-0.19122,0.57298
-0.19497,-0.29618,0.55815
-0.27897,-0.23577,0.56979
-0.20713,-0.30435,0.53836
-0.27076,-0.25523,0.56876
-0.37763,-0.17011,0.56644
-0.27815,-0.25892,0.56969
-0.23076,-0.30762,0.5364
-0.29972,-0.25615,0.56767
-0.25291,-0.30658,0.55017
-0.33055,-0.25125,0.57319
-0.29728,-0.27972,0.56823
-0.28911,-0.30436,0.56431
-0.30059,-0.30392,0.55171
-0.31299,-0.30494,0.56395
-0.34439,-0.30098,0.57138
-0.35539,-0.30925,0.54627
0.012935,0.42124,0.032653
0.012187,0.41085,0.056032
0.010685,0.40103,0.070112
0.0088361,0.37937,0.076186
0.0095555,0.35636,0.091818
0.009515,0.33965,0.092557
0.0091493,0.32066,0.10684
0.1994,0.30048,0.61476
0.18194,0.29302,0.51933
0.20873,0.28715,0.63543
0.19679,0.28784,0.72304
0.0091935,0.30134,0.088614
0.23424,0.28049,0.58818
0.20541,0.27852,0.65918
0.19557,0.28493,0.73217
0.22799,0.27729,0.8573
0.2851,0.27631,0.99111
0.20936,0.26817,0.56944
0.22056,0.26641,0.68015
0.1985,0.27109,0.74863
0.233,0.26825,0.87075
0.2861,0.26056,0.99673
0.21105,0.25709,0.57411
0.21708,0.2642,0.66794
0.19809,0.25764,0.74742
0.23896,0.25493,0.87436
0.28163,0.25608,0.99863
0.21238,0.25464,0.59587
0.20246,0.24929,0.67909
0.1998,0.25355,0.76918
0.24482,0.24451,0.90243
-0.34445,0.30602,0.56171
0.18842,0.24089,0.57244
0.18322,0.24792,0.66573
0.20195,0.24583,0.77519
0.24062,0.23842,0.88995
-0.32033,0.28563,0.57304
0.17533,0.23841,0.54692
0.19028,0.23376,0.6509
0.1798,0.23871,0.73783
0.21129,0.23254,0.85571
0.28083,0.2298,0.99897
0.00414,0.23941,0.12131
0.19395,0.22326,0.62784
0.1818,0.22706,0.71147
0.19743,0.22153,0.81987
0.29406,0.21228,0.99057
0.0092362,0.2263,0.10715
0.19427,0.2155,0.61477
0.18367,0.22031,0.69759
0.18111,0.21657,0.79057
0.30074,0.207,0.97115
0.0092694,0.21716,0.10023
0.19285,0.20684,0.60379
0.18448,0.2019,0.69158
0.17804,0.20396,0.77862
0.29913,0.19639,0.96609
0.0086117,0.2054,0.084135
0.19369,0.19546,0.59323
0.18414,0.19801,0.67144
0.18032,0.19318,0.76251
0.21886,0.19867,0.87946
-0.34244,0.23779,0.57338
0.17472,0.19117,0.54556
0.18556,0.18423,0.6602
0.18025,0.18408,0.75013
0.21484,0.18363,0.86686
0.27058,0.1789,0.99906
0.0059601,0.18438,0.12766
0.19411,0.17857,0.62686
0.18238,0.17935,0.70718
0.2843,0.17461,0.88388
0.29818,0.17107,0.98511
0.0091119,0.17737,0.1128
0.19292,0.17012,0.60316
0.18497,0.17077,0.68791
0.17758,0.17029,0.7798
0.29949,0.16622,0.96695
-0.37445,0.19804,0.56704
0.18794,0.16063,0.57095
0.18307,0.16268,0.66722
0.18028,0.16263,0.75534
0.21795,0.15568,0.87661
0.26711,0.15846,0.99864
0.18511,0.14899,0.56197
0.18739,0.15179,0.65716
0.18024,0.14736,0.74827
0.2152,0.14484,0.86798
-0.32003,0.17887,0.57303
0.0048141,0.15413,0.13148
0.19474,0.14347,0.62289
0.18209,0.14111,0.70929
0.29166,0.13921,0.89452
0.29768,0.13525,0.98577
0.0090203,0.13478,0.11687
0.19335,0.13478,0.59769
0.18485,0.1331,0.67425
0.18034,0.13411,0.7677
0.29555,0.12794,0.95772
-0.36245,0.15799,0.569
0.17741,0.11941,0.54987
0.18854,0.12237,0.65523
0.18019,0.12089,0.74009
0.2035,0.12328,0.84406
0.28515,0.11896,0.99713
0.0086671,0.11888,0.13336
0.19281,0.11033,0.60415
0.18389,0.11312,0.69593
0.17805,0.11403,0.7786
0.30073,0.10359,0.97126
-0.3735,0.13217,0.56722
0.18513,0.10733,0.56203
0.1858,0.10649,0.6598
0.18023,0.10117,0.74689
0.21325,0.099366,0.86184
0.27578,0.10139,0.99968
0.0012875,0.099876,0.13887
0.19427,0.097058,0.62587
0.18081,0.092407,0.71434
0.29583,0.08779,0.89048
0.29923,0.088063,0.98371
0.0090607,0.093299,0.11422
0.19248,0.087332,0.58534
0.18419,0.086359,0.67165
0.18032,0.087071,0.7639
0.22026,0.087254,0.88709
-0.3319,0.094727,0.57321
0.014376,0.084362,0.39307
0.19078,0.07607,0.64779
0.17541,0.077525,0.72508
0.20055,0.074581,0.83057
0.28924,0.069429,0.99539
0.0036053,0.073559,0.14157
0.19522,0.064241,0.61984
0.18361,0.062904,0.69804
0.29762,0.066148,0.88481
0.29975,0.061098,0.9794
0.0084848,0.055013,0.090467
0.18897,0.052778,0.57419
0.1858,0.052565,0.65981
0.18027,0.052313,0.75345
0.21828,0.058592,0.87765
-0.32297,0.06762,0.57308
0.0080386,0.048222,0.1437
0.19281,0.049752,0.60417
0.1839,0.042647,0.69584
0.17716,0.048175,0.78085
0.29645,0.046716,0.95984
0.0085344,0.044179,0.094237
0.011406,0.04347,0.39203
0.19014,0.035414,0.65177
0.17604,0.039022,0.7286
0.21334,0.034004,0.86213
0.28353,0.035466,0.99782
0.0095389,0.033618,0.13223
0.19234,0.026148,0.5849
0.18432,0.025342,0.67215
0.18031,0.030534,0.76212
0.22004,0.027597,0.89014
-0.33738,0.028596,0.5733
0.021333,0.019812,0.16492
0.0011808,0.020037,0.26086
0.18445,0.023299,0.55986
0.18713,0.021453,0.65759
0.17968,0.017271,0.73754
0.21387,0.022069,0.8638
0.27932,0.021519,0.99962
0.053589,0.0050859,0.14369
0.017026,0.0093726,0.20412
0.016762,0.0090939,0.30629
0.0062451,0.010864,0.39127
0.18966,0.0058871,0.65337
0.1781,0.010698,0.73367
0.20619,0.011399,0.84732
0.28747,0.0051057,0.99614
0.094788,0.004024,0.1389
0.030862,0.0022786,0.16828
0.020391,0.00033404,0.25784
0.02014,-0.0040506,0.35771
0.1926,-0.0042507,0.60615
0.18484,0.0031352,0.68886
0.17831,-0.0038616,0.77794
0.29804,0.00059748,0.96355
0.12717,-0.0049379,0.13474
0.024962,-0.014775,0.16242
0.017938,-0.0062544,0.24368
0.01916,-0.0050815,0.34912
0.19312,-0.013442,0.6007
0.18567,-0.013341,0.68275
0.18037,-0.011685,0.77252
0.29557,-0.0087808,0.95778
-0.36777,-0.0056845,0.56831
0.018462,-0.022297,0.1764
0.00428,-0.018751,0.31126
0.19385,-0.017345,0.59111
0.18534,-0.01705,0.6852
0.18037,-0.015344,0.77192
0.21976,-0.020604,0.89397
-0.36387,-0.021277,0.56903
0.0097676,-0.029155,0.16941
0.19284,-0.030907,0.60389
0.18395,-0.030362,0.69553
0.17793,-0.032147,0.77891
0.29699,-0.029394,0.96111
-0.37616,-0.032508,0.56671
0.011356,-0.035198,0.39163
0.19178,-0.037805,0.64148
0.17716,-0.041571,0.72079
0.20081,-0.039332,0.83576
0.28614,-0.037918,0.99671
0.0090313,-0.045819,0.11595
0.19271,-0.046183,0.58606
0.18406,-0.045175,0.67114
0.18032,-0.043416,0.76333
0.21987,-0.045301,0.89244
-0.33875,-0.051118,0.57332
0.021495,-0.060064,0.38595
0.19427,-0.05771,0.62583
0.18241,-0.053834,0.70698
0.2953,-0.051226,0.89217
0.29889,-0.054144,0.98416
0.0090966,-0.067847,0.11378
0.19275,-0.063398,0.58618
0.1831,-0.06667,0.66663
0.18032,-0.062431,0.76352
0.22016,-0.061571,0.88847
-0.32969,-0.072549,0.57318
0.16949,-0.078666,0.53765
0.19021,-0.076907,0.65135
0.17924,-0.078107,0.73645
0.20678,-0.074851,0.84803
0.28214,-0.072251,0.99841
0.0088135,-0.0931,0.12943
0.19361,-0.088394,0.59427
0.18566,-0.080595,0.68283
0.18036,-0.085913,0.76981
0.22209,-0.086227,0.90194
-0.35685,-0.10059,0.57035
0.019599,-0.099173,0.39031
0.19217,-0.091502,0.63905
0.17833,-0.089656,0.71872
0.20045,-0.095929,0.82856
0.29421,-0.093755,0.99038
0.008769,-0.10477,0.13229
0.19392,-0.099749,0.61325
0.18279,-0.10477,0.70413
0.29767,-0.095757,0.88467
0.3,-0.094791,0.97727
0.0087779,-0.11682,0.090977
0.1886,-0.11223,0.57302
0.18412,-0.10891,0.6626
0.18026,-0.11693,0.75266
0.2185,-0.10665,0.87834
-0.33485,-0.13715,0.57326
0.010555,-0.12659,0.39623
0.19055,-0.12582,0.6492
0.17976,-0.12685,0.73774
0.20167,-0.11776,0.84098
0.27909,-0.11389,0.99971
0.020108,-0.13991,0.39185
0.19166,-0.13028,0.64225
0.17736,-0.13162,0.72044
0.2007,-0.12672,0.83362
0.29056,-0.12489,0.99483
0.0089682,-0.14561,0.1243
0.19292,-0.13908,0.60308
0.18441,-0.14414,0.69205
0.17771,-0.1432,0.77945
0.29978,-0.13444,0.96761
0.0088169,-0.1586,0.087999
0.19133,-0.15047,0.58167
0.18602,-0.14949,0.65943
0.18025,-0.14591,0.74995
0.21898,-0.14866,0.87986
-0.32481,-0.18115,0.5731
0.0222,-0.1681,0.39272
0.19332,-0.16347,0.63183
0.18073,-0.15792,0.71449
0.29014,-0.15533,0.89229
0.29369,-0.1533,0.99107
0.0093562,-0.17761,0.10493
0.19324,-0.17021,0.59908
0.18598,-0.16442,0.68041
0.17973,-0.16574,0.77433
0.21965,-0.16258,0.89546
-0.37225,-0.20601,0.56746
0.18824,-0.18058,0.57189
0.18499,-0.18045,0.66115
0.18027,-0.17516,0.75372
0.21879,-0.1736,0.87924
-0.32637,-0.21559,0.57313
0.18818,-0.18915,0.57171
0.18602,-0.19121,0.65944
0.18022,-0.18829,0.74554
0.2165,-0.18987,0.87205
-0.32175,-0.22048,0.57306
0.17232,-0.19911,0.54141
0.18738,-0.19284,0.65717
0.18026,-0.20145,0.75221
0.21474,-0.19706,0.86653
-0.31859,-0.23372,0.57301
0.19126,-0.20201,0.58148
0.18346,-0.20695,0.66394
0.18026,-0.21054,0.75258
0.21826,-0.20284,0.87757
-0.32245,-0.24568,0.57307
-0.0054405,-0.22948,0.12233
0.19032,-0.21387,0.65066
0.1802,-0.21466,0.74029
0.25825,-0.20969,0.88246
0.28485,-0.20648,0.99726
0.0025037,-0.2368,0.12194
0.19328,-0.22169,0.63203
0.17738,-0.22133,0.72041
0.19924,-0.22162,0.82381
0.29446,-0.21871,0.99005
0.0074208,-0.24627,0.12008
0.1922,-0.23737,0.63884
0.177,-0.23803,0.72107
0.20075,-0.23578,0.83455
0.28885,-0.22797,0.99556
0.0094296,-0.25601,0.10662
0.1944,-0.23915,0.62503
0.18232,-0.24286,0.70758
0.22425,-0.2429,0.8421
0.29706,-0.23378,0.98659
0.0094806,-0.26624,0.10456
0.19502,-0.25254,0.62114
0.19169,-0.2511,0.71682
0.22322,-0.25431,0.83983
0.29852,-0.24033,0.98465
0.0093793,-0.27494,0.10856
0.19907,-0.25842,0.61598
0.1978,-0.25737,0.71258
0.22477,-0.26105,0.82541
0.30044,-0.25649,0.97365
0.1838,-0.26994,0.51882
0.20833,-0.27077,0.63629
0.1984,-0.26649,0.71748
0.22859,-0.26814,0.83876
0.29948,-0.25726,0.98161
0.20853,-0.28219,0.5164
0.23003,-0.27659,0.63058
0.21215,-0.27611,0.71559
0.21089,-0.27801,0.80387
0.29882,-0.26897,0.96537
-0.00014705,-0.30604,0.11397
0.21237,-0.29259,0.59641
0.20369,-0.29216,0.67124
0.19891,-0.29022,0.76804
0.0072337,-0.31648,0.11171
0.21015,-0.29456,0.62426
0.0095968,-0.33307,0.099938
0.009477,-0.34952,0.086843
0.0097442,-0.37297,0.088688
0.0059951,-0.39111,0.099272
0.0092549,-0.40159,0.088506
0.010722,-0.4048,0.071458
0.011941,-0.41605,0.060864
-0.36977,0.30429,0.56587
-0.34423,0.29787,0.5734
-0.36867,0.26563,0.56814
-0.29005,0.30285,0.56702
-0.25901,0.30564,0.55597
-0.35307,0.23668,0.57179
-0.31074,0.26332,0.57132
-0.24586,0.3031,0.55995
-0.33665,0.2346,0.57329
-0.255,0.28366,0.56678
-0.34246,0.21318,0.57338
-0.24685,0.27501,0.5629
-0.34501,0.19604,0.57342
-0.2442,0.26049,0.56144
-0.3338,0.19824,0.57324
-0.2071,0.28024,0.55996
-0.29769,0.20507,0.56812
-0.17558,0.29833,0.55178
-0.25597,0.2364,0.5669
-0.35989,0.1456,0.56919
-0.19384,0.26366,0.55798
-0.27201,0.19685,0.56892
-0.11902,0.30601,0.53198
-0.18975,0.25538,0.55593
-0.27316,0.18349,0.56906
-0.11739,0.30226,0.52003
-0.17927,0.25421,0.5511
-0.25825,0.19268,0.56719
-0.36181,0.094943,0.56899
-0.15847,0.25888,0.55291
-0.24194,0.18732,0.56041
-0.32787,0.11707,0.57315
-0.10341,0.28945,0.54509
-0.18548,0.21596,0.55344
-0.26762,0.14883,0.56837
-0.41919,0.015082,0.0038714
-0.090952,0.28068,0.54328
-0.16592,0.22505,0.55396
-0.25911,0.14548,0.5673
-0.35889,0.062535,0.56958
-0.40053,0.0090948,0.09116
-0.10488,0.26706,0.54531
-0.18643,0.19046,0.554
-0.2672,0.12609,0.56831
-0.37471,0.035022,0.56699
-0.043575,0.3029,0.51383
-0.097907,0.25828,0.54429
-0.18383,0.18561,0.55248
-0.26363,0.11536,0.56786
-0.36648,0.021617,0.56855
-0.043803,0.28557,0.53653
-0.1269,0.21521,0.54597
-0.21222,0.14755,0.56072
-0.29951,0.064892,0.56765
-0.0080371,0.30792,0.52156
-0.068145,0.25277,0.53815
-0.14554,0.18878,0.5511
-0.23476,0.11821,0.56098
-0.33019,0.033134,0.57319
-0.00031233,0.29636,0.52578
-0.074998,0.23303,0.54096
-0.14602,0.1725,0.55117
-0.23927,0.10407,0.56002
-0.32871,0.021555,0.57316
-0.0032853,0.28968,0.52717
-0.073008,0.23289,0.54067
-0.15105,0.15957,0.55187
-0.23359,0.089797,0.56125
-0.34305,-0.0064692,0.57339
0.017422,0.29326,0.52811
-0.062339,0.22209,0.53479
-0.13841,0.15374,0.5501
-0.22045,0.078535,0.56194
-0.3193,-0.0042863,0.57302
0.037852,0.30132,0.52535
-0.032706,0.23607,0.53499
-0.10897,0.1726,0.54475
-0.19244,0.099479,0.5575
-0.2872,0.018752,0.57082
0.064728,0.30797,0.50759
-0.0024946,0.24795,0.52672
-0.075004,0.1906,0.54096
-0.15521,0.11482,0.55245
-0.24196,0.038962,0.56042
-0.33366,-0.039414,0.57324
0.045613,0.27541,0.5243
-0.02555,0.22205,0.534
-0.099894,0.14391,0.54458
-0.1934,0.067618,0.55792
-0.27387,-0.0056036,0.56915
0.098495,0.30823,0.51238
0.028046,0.25627,0.52667
-0.042376,0.19325,0.53633
-0.12239,0.11873,0.5434
-0.20701,0.042654,0.55994
-0.30837,-0.044706,0.57033
0.10876,0.30638,0.51559
0.033699,0.24194,0.52591
-0.03456,0.17883,0.53525
-0.12302,0.11292,0.54375
-0.20609,0.036469,0.55981
-0.29967,-0.048148,0.56767
0.11622,0.30877,0.50739
0.055427,0.25218,0.51999
-0.018019,0.19198,0.53296
-0.096819,0.11424,0.54413
-0.17816,0.042831,0.55114
-0.26568,-0.032864,0.56812
-0.0015872,0.1864,0.12828
0.089699,0.27495,0.52035
0.01069,0.20523,0.52745
-0.058926,0.13445,0.5339
-0.13589,0.06582,0.54974
-0.22396,-0.0097602,0.56247
-0.31165,-0.093275,0.57169
0.13626,0.30456,0.49729
0.07689,0.25286,0.52122
0.010973,0.18237,0.52752
-0.066239,0.10966,0.53704
-0.14561,0.042177,0.55111
-0.24173,-0.037952,0.56038
-0.33479,-0.13322,0.57326
0.15524,0.3049,0.51857
0.083622,0.23888,0.52077
0.014629,0.17737,0.52844
-0.063725,0.097566,0.53559
-0.14132,0.036871,0.55051
-0.23041,-0.046849,0.562
-0.32634,-0.1322,0.57313
-0.0084273,0.14235,0.13238
0.13204,0.26818,0.52617
0.05049,0.20133,0.52277
-0.02318,0.12865,0.53367
-0.10084,0.06251,0.54472
-0.18575,-0.018233,0.5536
-0.27615,-0.10782,0.56943
0.0089201,0.13933,0.096729
0.18002,0.30548,0.54038
0.09031,0.22353,0.52031
0.022611,0.16159,0.52741
-0.057881,0.082717,0.53377
-0.13374,0.008559,0.54944
-0.21682,-0.0665,0.5614
-0.32241,-0.1649,0.57307
0.0078066,0.12958,0.13397
0.18957,0.30103,0.55009
0.095587,0.21593,0.51995
0.18075,0.29368,0.72396
0.17882,0.28525,0.80151
-0.13473,-0.0040051,0.54958
-0.22107,-0.088717,0.56204
-0.31393,-0.17725,0.57265
0.0086202,0.11656,0.13486
0.20523,0.30014,0.56143
0.19338,0.29952,0.63894
0.18812,0.29003,0.71798
-0.059423,0.063535,0.53397
-0.1314,-0.01135,0.54854
-0.22118,-0.09604,0.56205
-0.3128,-0.18896,0.57217
0.0088166,0.10582,0.12683
0.20369,0.29126,0.5526
0.20803,0.29309,0.64082
0.19717,0.28272,0.7199
0.2004,0.28623,0.81495
-0.12658,-0.021135,0.54579
-0.20934,-0.10818,0.56029
-0.31034,-0.1964,0.57115
0.008587,0.099076,0.13691
0.20808,0.28617,0.52999
0.21118,0.28171,0.6121
0.20084,0.28055,0.69251
0.20397,0.28375,0.78999
0.21602,0.28281,0.8803
-0.17234,-0.0906,0.55257
-0.27091,-0.17476,0.56878
0.0090537,0.082353,0.11443
-0.067752,0.0086061,0.13702
0.22105,0.28139,0.60217
0.20797,0.27598,0.67896
0.20567,0.26925,0.76416
0.22189,0.28167,0.87103
-0.15116,-0.077339,0.55189
-0.24573,-0.17456,0.56229
-0.33836,-0.26608,0.57331
-0.056077,0.0085572,0.093448
0.23064,0.28216,0.5829
0.22392,0.27269,0.66315
0.19762,0.24455,0.71446
0.22184,0.27576,0.83863
-0.12641,-0.062362,0.54569
-0.20892,-0.14711,0.56023
-0.308,-0.24334,0.57017
0.0085016,0.049485,0.14208
0.23343,0.27298,0.56828
0.19272,0.23056,0.60796
0.18491,0.22728,0.68839
0.22336,0.25607,0.82164
0.24024,0.27777,0.92551
-0.19148,-0.1479,0.55694
-0.28834,-0.24291,0.57056
0.0085647,0.041366,0.13876
-0.015712,0.015436,0.20412
0.19281,0.21924,0.60415
0.18469,0.20819,0.68997
0.2135,0.24021,0.81019
0.25193,0.27313,0.93983
-0.19465,-0.16075,0.5581
-0.294,-0.25524,0.56908
0.016046,0.024058,0.14721
0.0039771,0.018879,0.23467
0.18666,0.20029,0.56688
0.18899,0.19895,0.65449
0.17929,0.1902,0.73657
0.24556,0.26012,0.89795
-0.15896,-0.14513,0.55298
-0.25124,-0.23907,0.56533
0.02041,0.020899,0.12261
0.011371,0.015814,0.21222
0.01513,0.013035,0.31437
0.19394,0.19096,0.6279
0.18289,0.18024,0.70336
0.19305,0.18627,0.81035
0.27612,0.27627,0.99314
-0.21739,-0.21124,0.56149
0.027584,0.011013,0.11462
0.021506,0.010027,0.20412
0.01768,0.0068783,0.29454
0.19388,0.18028,0.61309
0.18547,0.17121,0.68421
0.17917,0.16787,0.77575
0.28952,0.2768,0.98726
-0.19785,-0.21386,0.55858
0.034186,0.0092301,0.096214
0.028903,-0.00058926,0.1808
0.014582,-0.014358,0.29273
0.19228,0.16505,0.63835
0.18108,0.14926,0.71387
0.19902,0.17475,0.82334
0.26483,0.24178,0.99836
-0.23904,-0.27038,0.55998
0.040456,0.0034152,0.14565
0.18464,0.14127,0.56048
0.18993,0.15286,0.65292
0.17653,0.13868,0.72981
0.2145,0.17872,0.8658
-0.16091,-0.2122,0.55325
-0.25351,-0.29342,0.56659
0.0088602,-0.043184,0.12449
0.19512,0.14239,0.61851
0.18393,0.12953,0.69564
0.17686,0.12612,0.78162
0.28855,0.23568,0.99569
-0.21499,-0.2769,0.56113
0.061427,-0.0005225,0.14372
0.18996,0.12984,0.57734
0.18526,0.12393,0.66071
0.18028,0.11659,0.755
0.30019,0.23951,0.97571
-0.18087,-0.25732,0.55133
0.09666,0.0088217,0.1292
-0.0037059,-0.094611,0.13898
0.19069,0.11433,0.64834
0.17768,0.091456,0.71988
0.21134,0.13248,0.85587
-0.16677,-0.25771,0.55394
0.10282,0.0032554,0.13809
0.18575,0.091699,0.56398
0.1867,0.091904,0.6583
0.1802,0.090131,0.7412
0.30072,0.21207,0.97133
-0.17719,-0.28379,0.55138
0.008862,-0.10069,0.097528
0.19318,0.092758,0.59995
0.18579,0.080104,0.68179
0.28125,0.18145,0.88884
0.29312,0.19452,0.99183
0.12864,0.0092362,0.10984
-0.00095004,-0.13471,0.13469
0.18997,0.070084,0.65285
0.17699,0.052978,0.73092
0.3008,0.19359,0.97068
0.1535,0.0091937,0.11328
0.0052866,-0.14513,0.1325
0.1937,0.065536,0.62941
0.18255,0.047752,0.7059
0.19282,0.060024,0.80986
0.27395,0.14073,0.99946
0.0089084,-0.15075,0.12715
0.19524,0.044597,0.61977
0.18191,0.036773,0.71063
0.1992,0.05819,0.82372
0.27379,0.14017,0.99944
0.0089354,-0.17195,0.12556
0.19188,0.033713,0.64083
0.17646,0.01926,0.72203
0.20175,0.04359,0.84122
0.26415,0.10301,0.99786
0.00080292,-0.19181,0.12779
0.18841,0.012174,0.65546
0.1802,0.0040663,0.74076
0.29993,0.1411,0.9779
0.0093437,-0.19842,0.10062
0.19388,0.002803,0.62827
0.182,-0.0056915,0.71001
0.19564,0.004104,0.816
0.27991,0.096843,0.99936
0.18391,-0.012805,0.55816
0.18787,-0.023687,0.65636
0.29817,0.11218,0.88307
0.30031,0.11009,0.97472
0.0094742,-0.22986,0.10057
0.19338,-0.023926,0.63146
0.18206,-0.039113,0.70957
0.20037,-0.01417,0.82688
0.2686,0.066038,0.99882
0.1932,-0.045342,0.59964
0.18525,-0.053205,0.68586
0.17647,-0.052989,0.78262
0.28583,0.070143,0.99684
0.19356,-0.048541,0.59488
0.18555,-0.06031,0.67702
0.18036,-0.069885,0.77041
0.29137,0.059234,0.99415
-0.0068653,-0.29575,0.11421
0.19172,-0.071524,0.64188
0.17598,-0.091727,0.72288
0.29731,0.043426,0.96184
0.007698,-0.29067,0.11473
0.1923,-0.085642,0.6382
0.17805,-0.098926,0.71922
0.29691,0.042996,0.96092
0.009599,-0.30906,0.10077
0.19287,-0.097864,0.63467
0.18154,-0.11384,0.71306
0.20096,-0.082454,0.83878
0.0096943,-0.32461,0.092913
0.19249,-0.10718,0.63705
0.17644,-0.12376,0.72207
0.20213,-0.099548,0.8424
0.0047001,-0.34653,0.10844
0.19118,-0.12984,0.64527
0.17772,-0.14209,0.73272
0.30058,0.0054868,0.97252
0.0094984,-0.35217,0.10214
0.19199,-0.14373,0.64017
0.17798,-0.16307,0.71936
0.21114,-0.12463,0.85522
-0.0092111,-0.39887,0.0020374
0.18893,-0.16239,0.57407
0.18562,-0.1599,0.67732
0.2869,-0.044726,0.89041
0.29443,-0.037592,0.99009
0.0091353,-0.38916,0.073717
0.19445,-0.1749,0.62471
0.17979,-0.18148,0.71615
0.20113,-0.1644,0.83932
0.015163,-0.40949,0.0043352
0.19353,-0.1831,0.58864
0.1852,-0.1974,0.67565
0.29201,-0.065463,0.89383
0.28998,-0.065273,0.99508
0.012165,-0.41645,0.055966
0.19256,-0.2112,0.63657
0.1754,-0.21964,0.7249
0.21472,-0.17569,0.86647
0.13251,-0.28524,0.46925
0.19161,-0.22238,0.64253
0.17542,-0.23259,0.7258
0.29788,-0.089436,0.96319
0.16964,-0.26488,0.5239
0.18747,-0.23631,0.65702
0.29792,-0.10839,0.87913
0.3007,-0.10848,0.97154
0.18663,-0.26453,0.52936
0.19178,-0.25292,0.64147
0.19611,-0.24855,0.75262
0.29816,-0.1274,0.96384
0.18834,-0.26449,0.53002
0.19747,-0.26117,0.62932
0.19603,-0.25476,0.73947
0.21355,-0.24115,0.85643
0.19473,-0.28299,0.5026
0.20969,-0.26945,0.62635
0.20737,-0.26668,0.73097
0.27026,-0.18991,0.89746
0.26291,-0.18975,0.99693
0.21243,-0.27422,0.60949
0.21225,-0.27124,0.71491
0.23188,-0.25758,0.85456
0.26346,-0.21088,0.99735
0.22754,-0.27883,0.6436
0.29345,-0.1797,0.99139
0.23338,-0.27634,0.59918
0.29387,-0.21369,0.99084
0.29358,-0.22784,0.99122
0.30008,-0.24613,0.96833
0.29419,-0.2667,0.9904
-0.41931,0.013324,0.025376
-0.37621,0.30395,0.56452
-0.4112,0.013562,0.023042
-0.37039,0.30964,0.54057
-0.37885,0.23741,0.56539
-0.40168,0.012857,0.027812
-0.35513,0.30852,0.55644
-0.3646,0.23167,0.56891
-0.38793,0.088256,0.55319
-0.35467,0.307,0.55735
-0.36441,0.22181,0.56895
-0.37525,0.10056,0.56689
-0.34354,0.28647,0.5284
-0.35084,0.23576,0.57264
-0.36638,0.11684,0.56857
-0.37652,-0.0091084,0.56665
-0.33253,0.30494,0.56455
-0.344,0.20793,0.5734
-0.35532,0.10262,0.57094
-0.37691,-0.024834,0.56657
-0.35995,0.00884,0.080278
-0.32674,0.26466,0.57313
-0.34185,0.15741,0.57337
-0.35939,0.029822,0.56938
-0.37543,-0.089555,0.56685
-0.35082,0.0094009,0.089477
-0.31557,0.27,0.57296
-0.33313,0.16865,0.57323
-0.34749,0.048939,0.57345
-0.35471,-0.06829,0.57117
-0.37986,-0.21366,0.5643
-0.30534,0.3043,0.56383
-0.31719,0.2057,0.57299
-0.32727,0.09956,0.57314
-0.33992,-0.012697,0.57334
-0.35647,-0.15671,0.5705
-0.33095,0.0091025,0.085771
-0.3056,0.26316,0.56917
-0.31315,0.15881,0.57232
-0.32165,0.039842,0.57306
-0.34048,-0.085121,0.57335
-0.3566,-0.21483,0.57045
-0.3254,-0.00036706,0.11161
-0.2967,0.23524,0.56838
-0.30483,0.1268,0.56885
-0.31924,0.014315,0.57302
-0.33514,-0.1018,0.57326
-0.35108,-0.25004,0.57255
-0.27641,0.3034,0.56551
-0.28793,0.20865,0.57066
-0.30343,0.095626,0.56827
-0.31223,-0.01861,0.57193
-0.33041,-0.15381,0.57319
-0.29481,0.0092179,0.089309
-0.27357,0.2884,0.56911
-0.2803,0.18161,0.56996
-0.29409,0.075453,0.56906
-0.30235,-0.06186,0.56801
-0.31641,-0.18245,0.57297
-0.28942,0.0093371,0.092357
-0.26692,0.28016,0.56828
-0.27341,0.16778,0.56909
-0.28868,0.059172,0.57047
-0.29131,-0.069493,0.56978
-0.3076,-0.19894,0.57001
-0.28107,0.009089,0.11105
-0.25905,0.27027,0.56729
-0.26701,0.15628,0.56829
-0.2711,0.051268,0.5688
-0.28799,-0.074765,0.57065
-0.30392,-0.21911,0.56847
-0.272,0.0089176,0.11659
-0.25108,0.24236,0.56524
-0.25329,0.13918,0.56646
-0.26839,0.018222,0.56846
-0.27727,-0.10636,0.56958
-0.29022,-0.23904,0.57007
-0.23774,0.30515,0.5505
-0.23905,0.20062,0.55998
-0.2556,0.098804,0.56686
-0.26302,-0.0071698,0.56779
-0.27602,-0.14452,0.56942
-0.28991,-0.28666,0.57015
-0.22374,0.26438,0.56244
-0.2399,0.16008,0.56011
-0.24531,0.054478,0.56205
-0.25633,-0.061083,0.56695
-0.27066,-0.20434,0.56875
-0.23583,0.0092625,0.10595
-0.21743,0.24216,0.56149
-0.2286,0.14072,0.56243
-0.24095,0.028031,0.56027
-0.24505,-0.09855,0.56191
-0.25369,-0.23343,0.56662
-0.22623,-0.0070496,0.12252
-0.2086,0.24055,0.56018
-0.21558,0.1386,0.56122
-0.2273,0.017804,0.56274
-0.23445,-0.11076,0.56105
-0.24424,-0.24123,0.56147
-0.21457,0.0046793,0.12421
-0.19904,0.25025,0.55876
-0.21204,0.14472,0.56069
-0.22198,0.031533,0.56217
-0.22273,-0.10081,0.56228
-0.24152,-0.24323,0.56035
-0.20802,0.0022528,0.12547
-0.19138,0.23032,0.55688
-0.19962,0.12978,0.55884
-0.20791,0.017531,0.56008
-0.22247,-0.10964,0.56225
-0.23246,-0.25057,0.56152
-0.1799,0.30136,0.5304
-0.18241,0.2172,0.55166
-0.19395,0.11617,0.558
-0.19754,-0.0074581,0.55853
-0.21399,-0.12807,0.56098
-0.21428,-0.2674,0.56103
-0.16762,0.30128,0.53189
-0.17481,0.21867,0.55197
-0.18604,0.11368,0.55377
-0.19384,-0.0086869,0.55798
-0.1976,-0.1297,0.55854
-0.20617,-0.26094,0.55982
-0.1654,0.30565,0.53764
-0.16609,0.21195,0.55398
-0.17096,0.1087,0.55291
-0.18114,-0.0074529,0.55137
-0.18374,-0.13116,0.55243
-0.19751,-0.27492,0.55853
-0.15318,0.30517,0.54711
-0.15688,0.20548,0.55269
-0.16169,0.10858,0.55336
-0.17426,-0.026749,0.5521
-0.17753,-0.14724,0.5513
-0.18638,-0.29508,0.55397
-0.14124,0.30098,0.54988
-0.14966,0.20192,0.55168
-0.15821,0.093884,0.55288
-0.1636,-0.037712,0.55363
-0.17363,-0.1767,0.55225
-0.15204,0.0088713,0.092714
-0.13426,0.30334,0.54684
-0.13745,0.20066,0.54996
-0.14229,0.085514,0.55064
-0.15213,-0.03404,0.55202
-0.15514,-0.16069,0.55244
-0.13812,0.0090792,0.10381
-0.1228,0.27995,0.54363
-0.13232,0.18715,0.54907
-0.13865,0.065278,0.55013
-0.13918,-0.05828,0.55021
-0.15092,-0.17669,0.55185
-0.12656,0.008876,0.096725
-0.12071,0.27972,0.54288
-0.12458,0.18476,0.54465
-0.13086,0.071445,0.54823
-0.1316,-0.048453,0.54866
-0.14331,-0.17908,0.55079
-0.1228,0.0088224,0.094964
-0.10993,0.29819,0.54453
-0.11165,0.1824,0.54411
-0.11657,0.071674,0.54294
-0.11855,-0.049658,0.54257
-0.13018,-0.17058,0.54785
-0.10775,0.0089297,0.10187
-0.098158,0.28017,0.54433
-0.10712,0.18362,0.5452
-0.10814,0.065808,0.54495
-0.10726,-0.049525,0.54516
-0.11326,-0.19265,0.54373
-0.09509,0.0089791,0.11841
-0.092157,0.27597,0.54345
-0.089855,0.16825,0.54312
-0.097211,0.064299,0.54419
-0.10361,-0.061402,0.54512
-0.10949,-0.19464,0.54463
-0.092106,0.0090545,0.11452
-0.079053,0.26121,0.54155
-0.08859,0.17071,0.54293
-0.092848,0.060144,0.54355
-0.095217,-0.073219,0.5439
-0.096311,-0.20617,0.54406
-0.081548,0.0088633,0.12411
-0.073791,0.25421,0.54078
-0.080595,0.15473,0.54177
-0.075951,0.034418,0.54109
-0.086927,-0.094974,0.54269
-0.088825,-0.21653,0.54297
-0.065581,0.0087599,0.12915
-0.066382,0.27797,0.53713
-0.068165,0.17223,0.53816
-0.072259,0.053279,0.54052
-0.067726,-0.071862,0.5379
-0.078104,-0.19549,0.54141
-0.062034,0.0085647,0.092884
-0.052262,0.28797,0.53516
-0.05276,0.17836,0.53503
-0.054279,0.072473,0.53466
-0.06106,-0.061389,0.5342
-0.063218,-0.18391,0.53529
-0.054671,0.008836,0.10574
-0.041218,0.29204,0.53617
-0.051414,0.18893,0.53537
-0.044465,0.073727,0.53662
-0.054234,-0.044014,0.53467
-0.052532,-0.17214,0.53509
-0.040736,0.0089266,0.11175
-0.037735,0.28894,0.53569
-0.037239,0.18581,0.53562
-0.038982,0.077453,0.53586
-0.038355,-0.037361,0.53578
-0.040099,-0.16964,0.53602
-0.025777,0.013523,0.11165
-0.030108,0.30598,0.51703
-0.027851,0.23302,0.53432
-0.033441,0.11613,0.53509
-0.032846,0.0033942,0.53501
-0.033313,-0.11191,0.53508
-0.032624,-0.26049,0.53498
-0.024193,0.015857,0.15111
-0.014759,0.30319,0.51089
-0.02118,0.21665,0.53339
-0.015587,0.10541,0.53262
-0.020936,-0.0018745,0.53336
-0.023575,-0.13258,0.53373
-0.018142,-0.2795,0.53297
-0.01117,0.027281,0.14995
-0.0050887,0.30381,0.50252
-0.0068671,0.23378,0.52921
-0.0059879,0.13348,0.52871
-0.010471,0.020092,0.53127
-0.012289,-0.11299,0.53216
-0.0068087,-0.2543,0.52918
-0.00030695,0.093512,0.13987
-0.0027518,0.029556,0.17263
-0.00054333,0.30076,0.52581
0.00054196,0.19432,0.52566
0.0025841,0.085512,0.52542
-0.0018948,-0.028241,0.52638
0.0030395,-0.15866,0.52553
0.0038944,-0.30257,0.52545
0.0049951,0.036314,0.15161
0.011853,0.304,0.50053
0.01317,0.2284,0.52807
0.007632,0.12168,0.52668
0.0067595,0.0057886,0.52647
0.014427,-0.1111,0.52839
0.0079739,-0.25731,0.52677
0.021465,0.019631,0.16053
0.017078,0.3053,0.52508
0.015984,0.22037,0.5283
0.023791,0.10006,0.52725
0.02377,-0.012314,0.52725
0.018195,-0.15118,0.528
0.017489,-0.27485,0.5281
0.03257,0.00020677,0.16541
0.028517,0.25875,0.52661
0.026386,0.14681,0.5269
0.030533,0.02906,0.52634
0.026079,-0.094272,0.52694
0.033248,-0.22137,0.52597
0.040095,0.0086102,0.137
0.037532,0.26924,0.52539
0.034448,0.17053,0.52581
0.040769,0.053701,0.52496
0.040213,-0.068753,0.52503
0.046247,-0.20609,0.52422
0.049874,0.008978,0.11886
0.04438,0.29722,0.52447
0.04509,0.20143,0.52437
0.049258,0.083333,0.52347
0.053769,-0.041507,0.52092
0.05227,-0.16269,0.52177
0.056266,-0.2982,0.51951
0.05679,0.30771,0.50743
0.056952,0.20672,0.51912
0.061154,0.096009,0.5176
0.058495,-0.0099951,0.51825
0.061171,-0.14219,0.5176
0.061117,-0.27799,0.5176
0.065048,0.30312,0.49922
0.063414,0.21632,0.51762
0.069829,0.11604,0.51969
0.066011,-0.0021395,0.51846
0.074704,-0.11756,0.52126
0.07572,-0.27041,0.5213
0.072934,0.30465,0.49365
0.071137,0.2397,0.52011
0.079753,0.1263,0.52103
0.08367,0.008927,0.52076
0.085279,-0.11644,0.52065
0.089542,-0.23926,0.52036
0.094748,0.00094249,0.13958
0.083754,0.25858,0.52076
0.081795,0.14955,0.52089
0.090356,0.043073,0.52031
0.092986,-0.083591,0.52013
0.093439,-0.2182,0.5201
0.099096,0.008768,0.13205
0.091161,0.28036,0.52025
0.091436,0.17389,0.52024
0.10303,0.051714,0.51945
0.10163,-0.05943,0.51954
0.1013,-0.18753,0.51957
0.10988,0.0089479,0.12349
0.10253,0.28152,0.51948
0.10547,0.18267,0.51928
0.10547,0.065331,0.51928
0.11022,-0.051852,0.51842
0.11693,-0.19477,0.5152
0.11576,0.009075,0.10399
0.11042,0.28256,0.51833
0.11124,0.18151,0.51793
0.12111,0.063906,0.51407
0.1253,-0.058982,0.51805
0.1304,-0.17994,0.52481
0.13291,0.0091584,0.10449
0.11679,0.29882,0.51527
0.12224,0.2055,0.51476
0.12404,0.087087,0.51638
0.13118,-0.023814,0.52565
0.13374,-0.14749,0.52721
0.13676,-0.27756,0.52903
0.12782,0.28994,0.46897
0.12977,0.24822,0.52399
0.13573,0.1525,0.52841
0.13892,0.031403,0.53034
0.13979,-0.085472,0.53087
0.15161,-0.21129,0.53803
0.14556,0.0090526,0.12002
0.13692,0.28674,0.52913
0.13916,0.17816,0.53049
0.14745,0.083522,0.53551
0.15533,-0.038766,0.54029
0.15872,-0.15739,0.54234
0.15774,0.0087181,0.086449
0.14831,0.29964,0.50589
0.14948,0.22868,0.53674
0.1577,0.13181,0.54172
0.15721,0.014436,0.54142
0.16943,-0.10806,0.54468
0.17323,-0.24027,0.5477
0.16863,-0.1409,0.77012
0.17205,0.0091908,0.098797
0.15589,0.30774,0.52807
0.16176,0.21417,0.5434
0.16631,0.11491,0.54416
0.17351,0.027771,0.56419
0.17327,-0.11033,0.56341
0.17747,-0.22841,0.57672
0.17812,-0.062075,0.80596
0.17874,-0.21596,0.80729
0.18389,0.0028941,0.1283
0.16341,0.28465,0.54367
0.16587,0.18582,0.54408
0.1723,0.073025,0.54515
0.16852,0.20336,0.74961
0.17583,0.14024,0.80097
0.17963,0.024874,0.80924
0.18389,-0.10077,0.8185
0.19413,-0.23162,0.8353
0.16974,0.28875,0.49344
0.17436,0.27542,0.56686
0.17477,0.16781,0.56818
0.1721,0.28946,0.75533
0.17859,0.22582,0.80697
0.18352,0.1229,0.81769
0.18496,0.0086464,0.82083
0.19896,-0.11754,0.84019
0.2055,-0.21954,0.87618
0.19918,-0.0035595,0.12626
0.1836,0.30211,0.58268
0.18033,0.29136,0.65957
0.18383,0.29139,0.74578
0.18469,0.268,0.82024
0.19161,0.16312,0.83291
0.19936,0.057288,0.85035
0.20188,-0.071532,0.86479
0.21079,-0.18956,0.88985
0.2138,0.0093968,0.10013
0.19138,0.29838,0.54538
0.18946,0.29986,0.6339
0.191,0.28916,0.71408
0.18761,0.28842,0.80354
0.19352,0.2061,0.83473
0.19975,0.097032,0.84266
0.21249,0.028075,0.89192
0.2142,-0.10924,0.89399
0.22382,-0.2148,0.93085
0.19577,0.28773,0.5006
0.19987,0.30061,0.61174
0.19732,0.29072,0.69248
0.19865,0.28452,0.77902
0.19899,0.25584,0.84026
0.20889,0.18751,0.88682
0.21609,0.0764,0.89629
0.21936,-0.028133,0.918
0.23328,-0.12901,0.95068
0.22851,0.008789,0.083202
0.21199,0.28559,0.54112
0.21168,0.28035,0.62315
0.20534,0.27371,0.70813
0.20427,0.28539,0.83796
0.21329,0.24056,0.89289
0.21595,0.11594,0.89611
0.22681,0.049461,0.93949
0.23875,-0.076579,0.95899
0.24326,-0.22008,0.97047
0.21386,0.28576,0.5335
0.21646,0.28098,0.61118
0.21606,0.27359,0.69913
0.22085,0.27893,0.90642
0.22646,0.20196,0.93847
0.23144,0.082993,0.94856
0.2464,-0.020266,0.97474
0.2495,-0.18079,0.97995
0.25348,0.0092427,0.11341
0.23022,0.28036,0.60825
0.22669,0.27935,0.92014
0.23539,0.20351,0.95311
0.23976,0.070895,0.9657
0.25116,-0.045272,0.98382
0.26511,-0.17152,0.9984
0.26425,0.0044872,0.11831
0.23292,0.27885,0.93331
0.24366,0.21633,0.97101
0.25018,0.091507,0.98154
0.25953,-0.040445,0.9944
0.28047,-0.18824,0.99913
0.24616,0.27491,0.9147
0.24851,0.23496,0.97762
0.25882,0.13093,0.99387
0.27093,0.0058426,0.9991
0.28049,-0.15588,0.99912
0.26207,0.20787,0.88547
0.25892,0.2217,0.99395
0.27286,0.092374,0.99933
0.28263,-0.056249,0.9982
0.29125,0.0095436,0.092446
0.26092,0.27615,0.98245
0.27214,0.16959,0.99924
0.28856,0.017964,0.99568
0.29989,0.009233,0.11196
0.2813,0.22346,0.99877
0.29407,0.064984,0.99057
0.27928,0.2776,0.9839
0.29249,0.16235,0.99266
0.29445,0.27664,0.97511
0.32854,0.0093848,0.10639
0.34847,0.0094612,0.086652
0.36576,0.0097143,0.094985
0.38573,0.0093982,0.096126
0.41255,0.016918,0.0027026
0.40895,-0.0056402,0.086793
0.41554,-0.00383,0.079048
-0.38914,-0.27129,0.5478
-0.37224,-0.28099,0.56746
-0.36984,-0.27467,0.56792
-0.37776,-0.24054,0.56641
-0.38381,-0.21199,0.56002
-0.38947,-0.1832,0.54632
-0.33894,-0.25338,0.57332
-0.382,-0.1876,0.56198
-0.31886,-0.27246,0.57301
-0.36112,-0.1995,0.56898
-0.28932,-0.28989,0.5703
-0.35422,-0.19683,0.57136
-0.26772,-0.29586,0.56838
-0.34857,-0.17381,0.57347
-0.27567,-0.27607,0.56937
-0.35578,-0.15158,0.57076
-0.28623,-0.23979,0.5707
-0.3808,-0.10497,0.56328
-0.31932,-0.18389,0.57302
-0.23776,-0.29477,0.56027
-0.36436,-0.11174,0.56896
-0.29455,-0.21049,0.56894
-0.38881,-0.064763,0.54926
-0.33696,-0.13837,0.57329
-0.25611,-0.23489,0.56692
-0.38549,-0.062142,0.55821
-0.33205,-0.12159,0.57322
-0.25313,-0.22455,0.56638
-0.38259,-0.052445,0.56134
-0.32711,-0.11613,0.57314
-0.24248,-0.22862,0.56049
-0.38238,-0.030804,0.56157
-0.32903,-0.10264,0.57317
-0.23799,-0.21116,0.56021
-0.38856,-0.002162,0.55036
-0.33707,-0.073878,0.57329
-0.25922,-0.16097,0.56731
-0.16779,-0.27413,0.55368
-0.35835,-0.038213,0.56978
-0.28742,-0.11764,0.5708
-0.20223,-0.2205,0.55923
-0.38569,0.0086192,0.55798
-0.32624,-0.056456,0.57313
-0.24482,-0.16123,0.56179
-0.16034,-0.25968,0.55317
-0.37702,0.011839,0.56655
-0.30378,-0.063607,0.56841
-0.23357,-0.15595,0.56126
-0.14724,-0.26815,0.55134
-0.3795,0.032684,0.56468
-0.31363,-0.041036,0.57252
-0.23091,-0.1411,0.56189
-0.14698,-0.25266,0.5513
-0.37946,0.054351,0.56473
-0.32275,-0.021388,0.57307
-0.24132,-0.11374,0.56032
-0.14846,-0.22124,0.55151
-0.38671,0.065493,0.53178
-0.3495,0.030694,0.57315
-0.28163,-0.060643,0.57012
-0.18878,-0.16778,0.55537
-0.10606,-0.2618,0.54545
-0.37509,0.070775,0.56692
-0.30756,-0.013897,0.56999
-0.22043,-0.10652,0.56194
-0.14131,-0.2087,0.5505
-0.38843,0.095128,0.55096
-0.34353,0.042917,0.57339
-0.26081,-0.046758,0.56751
-0.17745,-0.14471,0.55132
-0.098073,-0.2447,0.54432
-0.38076,0.10618,0.56332
-0.3251,0.03797,0.57311
-0.24203,-0.058973,0.56043
-0.16129,-0.15334,0.55331
-0.064245,-0.26752,0.53589
-0.36496,0.10785,0.56884
-0.30561,0.035549,0.56918
-0.22982,-0.062766,0.56214
-0.14331,-0.15515,0.55078
-0.049421,-0.27217,0.53586
-0.36735,0.11036,0.56839
-0.30014,0.03695,0.56773
-0.21815,-0.058113,0.5616
-0.12737,-0.15493,0.54624
-0.044321,-0.25217,0.5366
-0.37234,0.13864,0.56744
-0.30907,0.065749,0.57062
-0.22403,-0.027309,0.56248
-0.1436,-0.13032,0.55083
-0.046923,-0.23956,0.53647
-0.38339,0.16488,0.56047
-0.32657,0.10212,0.57313
-0.2593,0.017123,0.56732
-0.17316,-0.078321,0.55237
-0.084017,-0.17778,0.54227
0.020847,-0.29828,0.52765
-0.35366,0.14635,0.57157
-0.28387,0.068507,0.5704
-0.2049,-0.021707,0.55963
-0.10872,-0.12841,0.54482
-0.02131,-0.23345,0.53341
-0.38051,0.17955,0.56359
-0.32325,0.11857,0.57308
-0.24752,0.035068,0.56327
-0.16456,-0.048058,0.55377
-0.063088,-0.16423,0.53522
0.022329,-0.26766,0.52745
-0.36053,0.1803,0.56898
-0.29768,0.10976,0.56812
-0.22401,0.026209,0.56248
-0.14023,-0.067078,0.55035
-0.036686,-0.18227,0.53554
0.049614,-0.28362,0.52327
-0.37551,0.20415,0.56684
-0.31234,0.14016,0.57198
-0.24115,0.053475,0.5603
-0.15996,-0.036335,0.55312
-0.052659,-0.1393,0.53506
0.032473,-0.24684,0.52608
-0.38768,0.23191,0.55427
-0.33811,0.178,0.57331
-0.2671,0.099718,0.5683
-0.18092,0.0068835,0.55134
-0.094253,-0.096461,0.54376
0.00027272,-0.19426,0.5257
-0.17197,0.0090518,0.11578
-0.37646,0.23524,0.56666
-0.31855,0.16165,0.57301
-0.23617,0.078755,0.56064
-0.16198,-0.002339,0.5534
-0.06798,-0.10471,0.53805
0.031879,-0.20958,0.52616
-0.16294,0.0090241,0.11707
-0.37655,0.2507,0.56664
-0.31661,0.18166,0.57298
-0.25187,0.10191,0.56568
-0.17414,0.016089,0.55213
-0.085431,-0.073689,0.54247
0.019498,-0.18234,0.52783
0.12324,-0.29595,0.51537
-0.3878,0.27011,0.55375
-0.33999,0.21654,0.57334
-0.27222,0.14221,0.56894
-0.1982,0.06634,0.55863
-0.10546,-0.030595,0.54539
-0.008982,-0.13762,0.53042
0.092603,-0.23777,0.52016
-0.1312,0.0088437,0.12581
-0.37934,0.26473,0.56485
-0.32161,0.20721,0.57305
-0.24491,0.12663,0.56184
-0.16099,0.038824,0.55327
-0.066496,-0.061589,0.53719
0.025635,-0.16363,0.527
0.12467,-0.26722,0.51721
-0.11715,0.0089283,0.1213
-0.37027,0.27362,0.56783
-0.30876,0.21289,0.57049
-0.2365,0.13115,0.56057
-0.16282,0.05248,0.55352
-0.067105,-0.044229,0.53754
0.03409,-0.14754,0.52586
0.13202,-0.25859,0.52616
-0.10403,0.0090817,0.10901
-0.36558,0.27971,0.56873
-0.30907,0.2176,0.57062
-0.22455,0.13726,0.56256
-0.15336,0.055234,0.5522
-0.057149,-0.044025,0.53395
0.04877,-0.15233,0.52374
0.13624,-0.24379,0.52872
0.1825,-0.29399,0.59268
0.17083,-0.28381,0.71478
-0.37891,0.30936,0.54292
-0.34522,0.26931,0.57342
-0.27215,0.20262,0.56893
-0.2014,0.12263,0.55911
-0.11164,0.031278,0.54412
-0.015453,-0.070092,0.5326
0.085987,-0.16944,0.5206
0.1566,-0.25854,0.54106
0.18054,-0.27134,0.6375
0.16851,-0.26345,0.74907
-0.070816,0.0089557,0.10852
-0.34296,0.28262,0.57338
-0.27821,0.21425,0.56969
-0.20015,0.12891,0.55892
-0.11152,0.044511,0.54414
-0.01992,-0.055397,0.53322
0.085193,-0.15361,0.52066
0.15445,-0.23588,0.53976
0.18186,-0.26153,0.62919
0.16852,-0.24566,0.7498
0.19508,-0.26903,0.83621
-0.35732,0.30633,0.55931
-0.29828,0.24554,0.56797
-0.22371,0.17329,0.56243
-0.13763,0.08387,0.54999
-0.049801,-0.0058859,0.53576
0.042553,-0.099754,0.52472
0.13706,-0.19579,0.52921
0.18023,-0.24386,0.58547
0.17033,-0.22536,0.71278
0.18189,-0.24916,0.81416
0.21679,-0.27384,0.89713
-0.33362,0.29725,0.57324
-0.25889,0.22655,0.56727
-0.17976,0.14294,0.55117
-0.10121,0.052755,0.54477
0.0025571,-0.044201,0.52541
0.095221,-0.12984,0.51998
0.17234,-0.22405,0.54516
0.18126,-0.22965,0.63297
0.16859,-0.21136,0.76312
0.1997,-0.24511,0.84576
0.22464,-0.26724,0.93323
-0.32014,0.2974,0.57303
-0.23853,0.21551,0.56009
-0.1666,0.14234,0.55398
-0.076538,0.053138,0.54118
0.012012,-0.04628,0.52778
0.11578,-0.15205,0.51576
0.17266,-0.19991,0.56149
0.18049,-0.21214,0.66025
0.1724,-0.20417,0.78199
0.19983,-0.23324,0.85835
0.23215,-0.2667,0.94938
-0.32149,0.30413,0.56681
-0.25442,0.24247,0.56671
-0.17645,0.16031,0.55156
-0.090728,0.075909,0.54325
-0.0025951,-0.013198,0.52678
0.10833,-0.11658,0.51909
0.16941,-0.19228,0.54467
0.17918,-0.19494,0.64601
0.1686,-0.18333,0.76447
0.19949,-0.21266,0.84863
0.227,-0.24243,0.94002
-0.019707,0.021409,0.13184
-0.28667,0.28646,0.57076
-0.19612,0.2031,0.55832
-0.12236,0.12231,0.54338
-0.024042,0.022902,0.53379
0.066829,-0.071858,0.51872
0.14923,-0.15169,0.53659
0.19016,-0.19057,0.6025
0.16847,-0.15771,0.74104
0.18428,-0.19231,0.81935
0.2182,-0.20921,0.9062
-0.012967,0.026435,0.088105
-0.29657,0.30498,0.55944
-0.22696,0.23824,0.56282
-0.14476,0.15665,0.55099
-0.055703,0.076076,0.53431
0.039965,-0.01926,0.52507
0.12635,-0.11254,0.51944
0.1777,-0.1649,0.57747
0.17246,-0.15446,0.69297
0.17533,-0.15681,0.79694
0.20775,-0.19101,0.88322
0.23732,-0.22602,0.95541
-0.0089384,0.035068,0.15031
-0.24366,0.27376,0.56115
-0.17523,0.19729,0.55186
-0.089598,0.11429,0.54308
0.014929,0.013897,0.52844
0.10508,-0.072293,0.51931
0.17314,-0.14442,0.55316
0.17849,-0.14987,0.65037
0.16858,-0.14436,0.76094
0.19923,-0.16586,0.85218
0.22518,-0.19414,0.93479
-0.0090311,0.053301,0.11635
-0.26451,0.30473,0.56094
-0.20172,0.24073,0.55915
-0.10685,0.14584,0.54526
-0.027511,0.067444,0.53427
0.070585,-0.027005,0.51993
0.15291,-0.1111,0.53882
0.19058,-0.15154,0.60423
0.17078,-0.12798,0.73295
0.18523,-0.14296,0.82141
0.21843,-0.17293,0.90143
0.25099,-0.20433,0.98342
0.0079089,0.049251,0.1436
-0.23684,0.28684,0.56049
-0.1585,0.20818,0.55292
-0.067347,0.12562,0.53768
0.012799,0.037238,0.52798
0.12341,-0.057589,0.51554
0.17449,-0.10608,0.56728
0.18105,-0.12319,0.66429
0.17148,-0.11828,0.77974
0.20168,-0.13611,0.86418
0.22868,-0.16648,0.94488
-0.0090537,0.081485,0.11666
0.071425,0.0087182,0.13314
-0.18928,0.25654,0.55566
-0.11478,0.17253,0.54336
-0.01409,0.089338,0.53241
0.077805,-0.0071175,0.52116
0.15155,-0.074947,0.538
0.18276,-0.10506,0.62351
0.16943,-0.092044,0.7364
0.18689,-0.12027,0.82503
0.21821,-0.14274,0.90612
0.25174,-0.16922,0.98517
0.00050736,0.075549,0.14201
-0.21838,0.2898,0.56164
-0.13781,0.21259,0.55001
-0.049985,0.1324,0.53572
0.052087,0.037654,0.52187
0.13216,-0.044619,0.52625
0.1813,-0.085629,0.58885
0.17035,-0.078,0.70862
0.17619,-0.084778,0.80175
0.20477,-0.11268,0.87386
0.23641,-0.15168,0.95428
-0.0089063,0.10916,0.12556
0.094965,0.0088313,0.12862
-0.17011,0.26258,0.55312
-0.089893,0.18376,0.54312
0.014749,0.080673,0.52847
0.097046,6.9926e-005,0.51985
0.17279,-0.062601,0.5463
0.17915,-0.07737,0.6462
0.16856,-0.066137,0.75791
0.19982,-0.089134,0.84412
0.22147,-0.11355,0.92409
0.26236,-0.15275,0.99652
0.10471,0.0091483,0.11306
-0.17156,0.27215,0.55276
-0.079154,0.19383,0.54156
0.0078672,0.099848,0.52674
0.099823,0.020852,0.51967
0.173,-0.049742,0.54696
0.17999,-0.05969,0.64094
0.16856,-0.053178,0.75689
0.19865,-0.07854,0.83959
0.22102,-0.096002,0.9228
0.26192,-0.14218,0.99619
0.12472,0.0092182,0.10855
-0.15715,0.27268,0.55273
-0.059041,0.18262,0.53392
0.024549,0.10021,0.52715
0.12182,0.0067766,0.5145
0.17313,-0.03515,0.56299
0.18038,-0.043624,0.65977
0.17053,-0.028352,0.77741
0.19999,-0.065222,0.85886
0.22392,-0.092264,0.93116
0.28296,-0.14035,0.99806
0.1325,0.008976,0.12323
-0.13393,0.26304,0.54947
-0.044801,0.18231,0.53667
0.061002,0.084904,0.51761
0.13204,0.0076459,0.52617
0.17881,-0.038831,0.58099
0.17263,-0.021261,0.6917
0.1754,-0.025133,0.79849
0.20694,-0.051777,0.88069
0.23719,-0.093229,0.95519
-0.008917,0.15051,0.1269
-0.16594,0.30535,0.548
-0.078694,0.22678,0.54149
0.014169,0.13261,0.52832
0.10723,0.051265,0.51916
0.17085,-0.014384,0.54491
0.18089,-0.02287,0.63531
0.16859,-0.0092347,0.76233
0.19909,-0.039166,0.84058
0.21962,-0.059715,0.91877
0.26138,-0.088731,0.99579
-0.15699,0.30177,0.52542
-0.10274,0.25949,0.545
-0.014391,0.17306,0.53245
0.090092,0.078747,0.52033
0.15903,0.020234,0.54253
0.19048,-0.013168,0.60485
0.16848,0.0084761,0.74241
0.18626,-0.0077841,0.82365
0.21814,-0.041347,0.90019
0.24929,-0.071885,0.97944
-0.13991,0.30187,0.52474
-0.080851,0.24993,0.54181
0.010147,0.16885,0.52732
0.093199,0.092197,0.52012
0.17347,0.017606,0.54873
0.17943,0.019006,0.64444
0.16851,0.019056,0.74909
0.19568,-0.0043682,0.83677
0.21969,-0.022406,0.91897
0.25732,-0.062371,0.99274
-0.13179,0.30482,0.54478
-0.047509,0.2346,0.53633
0.049715,0.14551,0.52321
0.12888,0.066307,0.52281
0.17758,0.029815,0.57708
0.1725,0.035765,0.69261
0.1749,0.028469,0.7883
0.20094,0.0027687,0.86185
0.22884,-0.025565,0.94533
0.20524,0.0088706,0.085972
-0.077581,0.27551,0.54133
0.012341,0.18553,0.52786
0.10848,0.11164,0.51908
0.17349,0.044381,0.54854
0.18029,0.038424,0.63906
0.16856,0.054632,0.75822
0.19431,0.024548,0.83547
0.22052,0.0045734,0.92136
0.26039,-0.028182,0.99505
-0.086231,0.29571,0.54259
0.0090475,0.21167,0.52704
0.096446,0.12804,0.5199
0.16522,0.063836,0.54397
0.18178,0.056026,0.6297
0.16952,0.053767,0.73616
0.18875,0.04922,0.82908
0.21788,0.024171,0.91306
0.24943,-0.0045566,0.97978
-0.081338,0.29834,0.54188
0.011525,0.21819,0.52766
0.10485,0.13364,0.51933
0.17321,0.073666,0.55223
0.17953,0.072985,0.64381
0.16856,0.079679,0.75756
0.19064,0.062749,0.83199
0.21808,0.03436,0.90876
0.25106,0.0050276,0.9836
-0.073637,0.30709,0.53237
0.0095589,0.23467,0.52717
0.10647,0.15457,0.51922
0.17175,0.091655,0.54506
0.18164,0.083907,0.63055
0.16853,0.095911,0.75119
0.18965,0.070148,0.83103
0.2181,0.04595,0.90836
0.25014,0.020458,0.98144
-0.048047,0.29383,0.5362
0.044011,0.20781,0.52452
0.12861,0.13619,0.52244
0.1753,0.098156,0.56986
0.17516,0.099036,0.6766
0.17208,0.10359,0.78122
0.19917,0.074956,0.85629
0.22787,0.056255,0.94254
0.28146,0.007713,0.9987
0.0043997,0.2657,0.52588
0.086426,0.18601,0.52057
0.15951,0.12874,0.54282
0.18307,0.1035,0.62162
0.1703,0.11454,0.73419
0.18515,0.1034,0.82125
0.21269,0.072394,0.89216
0.2439,0.056576,0.97133
-0.033147,0.29929,0.53505
0.063672,0.22351,0.5177
0.1397,0.15822,0.53081
0.17815,0.12144,0.5789
0.17087,0.1353,0.70478
0.17537,0.12615,0.79783
0.20215,0.10632,0.86566
0.22869,0.080084,0.94491
0.32249,0.0096891,0.096897
0.043405,0.2563,0.5246
0.1253,0.17609,0.51804
0.17491,0.13874,0.56862
0.17955,0.13304,0.66884
0.17229,0.14531,0.78174
0.19908,0.12403,0.85602
0.22547,0.093097,0.93563
0.2624,0.05552,0.99655
0.02859,0.2813,0.5266
0.12117,0.20088,0.51411
0.17259,0.15961,0.56035
0.17843,0.1529,0.65119
0.1686,0.15358,0.76422
0.19812,0.12939,0.83909
0.22166,0.1154,0.92462
0.25786,0.076979,0.99315
0.033744,0.28072,0.52591
0.12762,0.20893,0.52113
0.17346,0.16682,0.564
0.18079,0.1563,0.66157
0.16859,0.16318,0.76395
0.19784,0.13896,0.83883
0.22256,0.12214,0.92724
0.25963,0.089494,0.99448
0.037645,0.29602,0.52538
0.12505,0.22499,0.51771
0.17433,0.18305,0.56677
0.17958,0.16912,0.65627
0.16858,0.1819,0.76161
0.19651,0.16243,0.83756
0.2215,0.14437,0.92419
0.2561,0.11425,0.99183
0.046215,0.30302,0.50192
0.117,0.24418,0.51517
0.17276,0.19769,0.5581
0.17868,0.19418,0.64914
0.16856,0.19111,0.75842
0.19055,0.1744,0.83191
0.21809,0.1568,0.90854
0.25062,0.12699,0.98257
0.41393,0.012225,0.05809
0.091697,0.26869,0.52022
0.15872,0.21908,0.54234
0.18684,0.18775,0.61229
0.17259,0.20212,0.72173
0.18551,0.19439,0.82201
0.21386,0.17243,0.89358
0.24269,0.14421,0.96969
0.41699,0.013159,0.035855
0.1279,0.25895,0.5215
0.17432,0.21365,0.56673
0.17841,0.21382,0.65113
0.16862,0.22619,0.76932
0.19898,0.19676,0.84025
0.22057,0.18511,0.92149
0.25313,0.15494,0.98843
0.12242,0.27032,0.51487
0.17339,0.22928,0.54989
0.17913,0.22806,0.64636
0.16851,0.23416,0.74746
0.19354,0.21694,0.83475
0.21811,0.19485,0.90825
0.2493,0.16845,0.97947
0.12395,0.28285,0.51626
0.1726,0.24718,0.56021
0.17884,0.24194,0.65302
0.16856,0.24623,0.75773
0.19596,0.22837,0.83703
0.21792,0.21197,0.91213
0.2528,0.18606,0.98766
0.12734,0.29666,0.52076
0.1739,0.25571,0.56542
0.17883,0.24902,0.65295
0.16859,0.25408,0.76274
0.19619,0.2355,0.83726
0.22093,0.22595,0.92255
0.25483,0.19281,0.99088
0.14239,0.29962,0.53245
0.18175,0.26045,0.59029
0.17307,0.26601,0.68844
0.17521,0.27072,0.7945
0.2028,0.25051,0.86769
0.22767,0.21946,0.94195
0.27164,0.1921,0.99918
0.17298,0.28561,0.55522
0.17899,0.28477,0.65366
0.16894,0.28626,0.75651
0.19188,0.26609,0.83317
0.21838,0.24585,0.90252
0.24503,0.22193,0.97287
0.15988,0.30566,0.53781
0.18886,0.27923,0.6089
0.17203,0.29059,0.71389
0.18291,0.28486,0.80996
0.20818,0.26549,0.88459
0.23336,0.24124,0.95077
0.17205,0.30625,0.53479
0.18589,0.29789,0.61995
0.19922,0.29003,0.70214
0.20444,0.28568,0.82746
0.22048,0.26631,0.92122
0.25273,0.24809,0.98749
0.1912,0.30374,0.57276
0.19894,0.29271,0.66479
0.22422,0.27823,0.92047
0.25398,0.25481,0.99025
0.25584,0.27227,0.95192
0.2642,0.27873,0.97293
0.2893,0.26139,0.99536
-0.012617,0.42072,0.041544
-0.012858,0.4082,0.046542
-0.011526,0.39806,0.051491
0.0052452,0.38987,0.099723
-0.00085072,0.36929,0.10562
-0.0014668,0.3482,0.10867
-0.0096186,0.34343,0.098906
-0.35203,0.30426,0.56614
0.0034226,0.32926,0.11065
-0.34364,0.29348,0.5734
-0.0091388,0.31627,0.083424
-0.38117,0.27991,0.56288
-0.28968,0.29287,0.57021
-0.15075,0.30432,0.54814
-0.38447,0.27022,0.55931
-0.2966,0.2825,0.56841
-0.17398,0.29344,0.55217
-0.0066965,0.3045,0.52727
-0.38385,0.26567,0.55997
-0.29876,0.26537,0.56784
-0.17571,0.28604,0.55175
-0.049295,0.29687,0.53589
-0.0095974,0.2879,0.099759
-0.36445,0.25228,0.56894
-0.2657,0.26132,0.56812
-0.13333,0.28073,0.54938
0.0098287,0.28766,0.52724
0.12905,0.29796,0.52303
-0.38972,0.24234,0.54522
-0.32622,0.25139,0.57313
-0.21945,0.26367,0.5618
-0.089157,0.27218,0.54302
0.057905,0.29018,0.51859
0.15775,0.29873,0.54175
0.18138,0.29499,0.6372
-0.38966,0.2364,0.54122
-0.31932,0.23913,0.57302
-0.21589,0.249,0.56127
-0.071625,0.26743,0.54016
0.072087,0.28064,0.52042
0.17336,0.28656,0.55023
0.17882,0.29011,0.64831
0.17213,0.28916,0.75979
-0.00072257,0.25919,0.1196
-0.33782,0.22998,0.57331
-0.23345,0.24102,0.56128
-0.10645,0.24679,0.54536
0.042412,0.2681,0.52474
0.15084,0.27804,0.53757
0.18388,0.27886,0.61723
0.16846,0.27243,0.73895
0.19013,0.27628,0.83151
0.24336,0.27662,0.9581
-0.3796,0.2229,0.56457
-0.2926,0.22701,0.56945
-0.1672,0.24052,0.55383
-0.029997,0.24314,0.53462
0.12324,0.26369,0.51536
0.1776,0.26443,0.57714
0.17444,0.26176,0.67822
0.1751,0.26053,0.79227
0.20577,0.27131,0.87701
0.23891,0.26672,0.96212
-0.0094766,0.24059,0.10344
-0.36266,0.21412,0.56901
-0.26938,0.2227,0.56859
-0.14141,0.22742,0.55052
0.0072955,0.24086,0.5266
0.13007,0.25037,0.52438
0.18243,0.25783,0.59246
0.17163,0.25477,0.69908
0.17913,0.25226,0.80815
0.21256,0.25413,0.892
0.24968,0.25626,0.98037
-0.38914,0.20193,0.53955
-0.32796,0.20721,0.57315
-0.22104,0.21261,0.56203
-0.086523,0.22523,0.54263
0.062738,0.2363,0.51749
0.1614,0.24198,0.54334
0.18201,0.24906,0.62827
0.16854,0.24341,0.75382
0.19416,0.24451,0.83534
0.22073,0.25023,0.92196
0.28999,0.2528,0.99507
-0.38348,0.18802,0.56038
-0.29943,0.19745,0.56767
-0.1809,0.20257,0.55133
-0.047376,0.21967,0.53636
0.10444,0.22944,0.51935
0.17335,0.22938,0.56367
0.18081,0.23114,0.66609
0.17266,0.23297,0.78263
0.20298,0.23961,0.86824
0.23553,0.23822,0.95327
-0.0073727,0.20594,0.12491
-0.35649,0.18826,0.57049
-0.24137,0.19292,0.56033
-0.12246,0.20449,0.54344
0.016254,0.2087,0.52826
0.13779,0.21862,0.52966
0.18799,0.22153,0.59985
0.17203,0.22457,0.71949
0.18427,0.22153,0.81933
0.21842,0.22467,0.90167
0.25089,0.22927,0.98319
-0.38967,0.17719,0.54544
-0.31739,0.181,0.57299
-0.20251,0.18474,0.55927
-0.079936,0.19433,0.54167
0.069911,0.20531,0.51972
0.16972,0.21436,0.54472
0.17983,0.21505,0.64193
0.16857,0.21643,0.75918
0.19917,0.20767,0.853
0.22624,0.21109,0.93784
-0.0090153,0.19068,0.089223
-0.38201,0.16748,0.56197
-0.29714,0.16718,0.56827
-0.17503,0.18112,0.55191
-0.041001,0.18412,0.53614
0.11254,0.19962,0.51731
0.17504,0.19608,0.56904
0.18075,0.20108,0.66652
0.17215,0.20561,0.78139
0.20059,0.19846,0.86074
0.238,0.20401,0.95687
-0.009305,0.1774,0.10887
-0.37625,0.15407,0.5667
-0.28049,0.16467,0.56998
-0.15618,0.17275,0.55259
8.1325e-005,0.17965,0.52572
0.12551,0.18524,0.51832
0.17927,0.19299,0.58243
0.17166,0.19204,0.69891
0.17534,0.18874,0.79725
0.20691,0.19419,0.8806
0.239,0.18943,0.96389
4.2351e-005,0.16874,0.13074
-0.33522,0.14669,0.57327
-0.22923,0.15547,0.56228
-0.10695,0.16703,0.54524
0.045699,0.17334,0.52429
0.15566,0.18026,0.54049
0.18305,0.18182,0.62171
0.1687,0.17968,0.73823
0.18744,0.18147,0.82622
0.22025,0.18145,0.92058
0.26179,0.18947,0.99609
-0.38929,0.13541,0.54712
-0.32203,0.14381,0.57306
-0.20424,0.14803,0.55953
-0.068554,0.15465,0.53838
0.083184,0.1665,0.52079
0.17199,0.17266,0.5451
0.17905,0.17227,0.64682
0.16859,0.16557,0.76353
0.19963,0.16721,0.84673
0.22619,0.17733,0.93768
-0.0090308,0.1504,0.095812
-0.3732,0.13369,0.56728
-0.28415,0.13359,0.57044
-0.15971,0.14254,0.55309
-0.015999,0.15156,0.53268
0.12676,0.15155,0.51999
0.18074,0.15651,0.5871
0.17166,0.16012,0.69887
0.17579,0.15844,0.80089
0.20708,0.15711,0.88112
0.24153,0.16143,0.96811
-0.0088045,0.14368,0.13049
-0.35819,0.12306,0.56984
-0.24703,0.13063,0.56301
-0.11529,0.13716,0.54324
0.014705,0.13879,0.52846
0.13609,0.14759,0.52863
0.187,0.15009,0.59864
0.17199,0.1434,0.71935
0.18159,0.15249,0.8135
0.2181,0.14758,0.90006
0.25047,0.15356,0.98222
-0.38765,0.10964,0.53478
-0.32972,0.115,0.57318
-0.21511,0.11794,0.56115
-0.080674,0.12861,0.54178
0.065254,0.12824,0.51821
0.15766,0.13597,0.5417
0.18119,0.13908,0.63341
0.16852,0.14098,0.74984
0.19436,0.13976,0.83552
0.2226,0.13655,0.92733
-0.0088274,0.11664,0.093146
-0.38496,0.10351,0.55877
-0.29676,0.10779,0.56836
-0.17956,0.11031,0.55115
-0.047755,0.11436,0.53627
0.102,0.12632,0.51952
0.17521,0.1256,0.56955
0.17745,0.12514,0.67255
0.17155,0.12256,0.77991
0.20118,0.12332,0.86261
0.23484,0.13196,0.95248
-0.0091784,0.1108,0.10935
-0.36761,0.097992,0.56834
-0.2685,0.097338,0.56847
-0.14453,0.10319,0.55096
0.0016213,0.11333,0.52552
0.13179,0.11924,0.52602
0.18346,0.12168,0.59433
0.1701,0.11748,0.71189
0.17718,0.1173,0.80391
0.20926,0.12065,0.88798
0.24767,0.11716,0.97647
-0.0087287,0.096064,0.13388
-0.35541,0.091786,0.5709
-0.23445,0.088307,0.56105
-0.11654,0.10025,0.54294
0.033459,0.097488,0.52594
0.14834,0.10707,0.53605
0.18877,0.10361,0.6008
0.17308,0.1028,0.72508
0.18798,0.10495,0.82738
0.21826,0.1035,0.90494
0.25289,0.10789,0.98787
-0.38709,0.079412,0.53299
-0.32803,0.079185,0.57315
-0.21906,0.08692,0.56174
-0.094527,0.090159,0.5438
0.057379,0.09637,0.51888
0.16272,0.098516,0.54356
0.18112,0.092548,0.63385
0.16853,0.090096,0.75283
0.19616,0.099045,0.83723
0.2216,0.092081,0.92445
0.27514,0.098428,0.99961
-0.38896,0.068424,0.54861
-0.29995,0.068571,0.5677
-0.18106,0.077734,0.55136
-0.053219,0.075657,0.53492
0.083524,0.080263,0.52077
0.17258,0.081238,0.56055
0.1793,0.090051,0.65505
0.16864,0.085595,0.7723
0.19994,0.085208,0.85869
0.23046,0.081175,0.94743
-0.0089663,0.066682,0.10819
-0.37181,0.064935,0.56754
-0.2779,0.065294,0.56966
-0.16112,0.064629,0.55328
-0.013243,0.073292,0.53229
0.12589,0.070482,0.51883
0.17922,0.073934,0.58229
0.17313,0.072517,0.68797
0.17533,0.074081,0.79703
0.20828,0.07585,0.8849
0.24338,0.077534,0.97062
-0.0088684,0.058226,0.12485
-0.36401,0.051836,0.56902
-0.26517,0.052361,0.56806
-0.14159,0.053249,0.55054
0.0043743,0.063894,0.52587
0.12946,0.060992,0.52357
0.18094,0.060055,0.58771
0.17081,0.066978,0.70524
0.18,0.058373,0.81003
0.20955,0.067202,0.88835
0.24818,0.064684,0.97717
0.0034956,0.047252,0.14481
-0.34937,0.047088,0.57321
-0.2257,0.047651,0.56273
-0.096773,0.047819,0.54413
0.031739,0.055171,0.52618
0.15355,0.054054,0.53921
0.18198,0.050295,0.62845
0.16846,0.053048,0.73895
0.18942,0.04822,0.83052
0.219,0.058103,0.91697
0.26423,0.049826,0.99792
-0.38737,0.034631,0.5339
-0.34424,0.033594,0.5734
-0.23019,0.039199,0.56205
-0.092753,0.041987,0.54354
0.041006,0.036275,0.52493
0.14962,0.041513,0.53682
0.18307,0.038688,0.62158
0.17168,0.039674,0.73069
0.19393,0.03995,0.83512
0.22014,0.046885,0.92025
0.2643,0.047455,0.99797
-0.010377,0.027837,0.16114
-0.34917,0.029293,0.57328
-0.22933,0.030121,0.56226
-0.10484,0.025595,0.5453
0.045352,0.025887,0.52434
0.15485,0.03322,0.54
0.18157,0.03336,0.63101
0.17012,0.029757,0.73463
0.18961,0.027962,0.83095
0.22072,0.034454,0.92192
0.26752,0.033961,0.99869
-0.015389,0.024517,0.17504
-0.34092,0.017595,0.57335
-0.23178,0.014844,0.56168
-0.098471,0.022879,0.54437
0.044186,0.016594,0.5245
0.14931,0.021675,0.53664
0.1819,0.026481,0.62892
0.16846,0.017983,0.73985
0.19327,0.019155,0.83449
0.21963,0.025301,0.91877
0.26633,0.022559,0.99854
-0.036019,0.0050101,0.15235
-0.37896,0.009345,0.56527
-0.29001,0.010634,0.57012
-0.17091,0.014079,0.55292
-0.027572,0.013152,0.53428
0.10803,0.0071475,0.51911
0.17881,0.013821,0.58099
0.17402,0.011935,0.68136
0.17487,0.012802,0.78781
0.20561,0.015972,0.87651
0.2389,0.013806,0.96194
-0.10939,0.0025633,0.13743
-0.033846,0.0022084,0.16038
-0.36969,0.0013535,0.56794
-0.27175,0.0036691,0.56888
-0.14843,-6.8669e-005,0.5515
0.0041214,0.003914,0.52581
0.12999,0.0026268,0.52428
0.18142,-0.0046143,0.58924
0.17081,0.0031227,0.70516
0.17903,-0.000344,0.80792
0.2112,0.0037419,0.89035
0.24542,-0.00010656,0.9734
-0.087384,-0.007717,0.13904
-0.025743,-0.013663,0.17714
-0.34995,-0.0066244,0.57298
-0.23464,-0.012013,0.56101
-0.11306,-0.0052676,0.54378
0.029037,-0.0064908,0.52654
0.14905,-0.009469,0.53648
0.19013,-0.015586,0.60679
0.17272,-0.0081496,0.72224
0.18506,-0.0071492,0.82103
0.21791,-0.012726,0.91248
0.25358,-0.015536,0.98947
-0.018962,-0.021949,0.15161
-0.35832,-0.013744,0.56979
-0.24394,-0.020825,0.5613
-0.12144,-0.020597,0.54299
0.015554,-0.023353,0.52836
0.14436,-0.020453,0.53364
0.18479,-0.025737,0.59595
0.17078,-0.022958,0.71456
0.18231,-0.021081,0.81505
0.21712,-0.025415,0.89753
0.2524,-0.023497,0.98671
-0.0097348,-0.031648,0.15192
-0.3603,-0.023365,0.56904
-0.24903,-0.029905,0.56411
-0.11774,-0.03371,0.54266
0.013329,-0.030545,0.52811
0.13346,-0.028587,0.52703
0.18968,-0.032701,0.60191
0.17236,-0.032811,0.72083
0.18158,-0.036024,0.81346
0.21813,-0.03549,0.90016
0.2501,-0.032596,0.98134
-0.3864,-0.034677,0.5308
-0.33972,-0.0388,0.57333
-0.21657,-0.033965,0.56137
-0.089233,-0.034229,0.54303
0.0605,-0.041653,0.51764
0.15817,-0.045254,0.54201
0.18013,-0.040391,0.64008
0.16854,-0.037768,0.75416
0.19828,-0.037808,0.83924
0.22277,-0.037578,0.92785
0.28173,-0.041656,0.99859
-0.38968,-0.041338,0.54542
-0.32286,-0.047035,0.57307
-0.20446,-0.048019,0.55956
-0.080241,-0.046434,0.54172
0.068581,-0.055371,0.51929
0.17314,-0.049109,0.55318
0.17899,-0.057286,0.65367
0.16858,-0.057975,0.76201
0.19843,-0.049488,0.83939
0.22317,-0.056066,0.92898
-0.0087847,-0.055201,0.10344
-0.38126,-0.054922,0.56278
-0.28159,-0.052738,0.57012
-0.16687,-0.05219,0.55391
-0.023304,-0.05665,0.53369
0.11796,-0.060667,0.51471
0.17717,-0.068623,0.57579
0.17392,-0.059513,0.68207
0.17289,-0.063318,0.7832
0.20304,-0.059238,0.86843
0.23795,-0.06888,0.95677
-0.008859,-0.072491,0.1242
-0.37714,-0.057791,0.56653
-0.28404,-0.059088,0.57043
-0.1543,-0.065178,0.55233
-0.014586,-0.070338,0.53248
0.12413,-0.071476,0.5165
0.17901,-0.073101,0.58162
0.17262,-0.078832,0.69175
0.17628,-0.072125,0.80195
0.20621,-0.077259,0.87839
0.24239,-0.076514,0.96928
-0.0088231,-0.082677,0.12618
-0.36602,-0.071863,0.56864
-0.27393,-0.069168,0.56916
-0.13833,-0.071472,0.55009
0.0054847,-0.078758,0.52615
0.12921,-0.081566,0.52324
0.18193,-0.08955,0.59087
0.17079,-0.085834,0.70534
0.17716,-0.083025,0.80386
0.21488,-0.086256,0.89482
0.25063,-0.091437,0.98259
-0.0083312,-0.087423,0.13895
-0.35938,-0.078593,0.56939
-0.265,-0.081592,0.56804
-0.13449,-0.082866,0.54955
0.013574,-0.094874,0.52817
0.14231,-0.091839,0.5324
0.18813,-0.099522,0.60002
0.16999,-0.095434,0.71145
0.18077,-0.094592,0.81171
0.21364,-0.10187,0.89331
0.25138,-0.094263,0.98433
-0.38962,-0.088253,0.5411
-0.33098,-0.086376,0.5732
-0.22078,-0.089736,0.56199
-0.080203,-0.094369,0.54171
0.061735,-0.10126,0.51756
0.1636,-0.10444,0.5437
0.18008,-0.10414,0.64034
0.16853,-0.10685,0.75205
0.19678,-0.10795,0.83782
0.22166,-0.10368,0.92464
0.27136,-0.10795,0.99915
-0.38623,-0.096807,0.5574
-0.303,-0.094691,0.56809
-0.16942,-0.10339,0.55329
-0.043892,-0.11015,0.53654
0.091699,-0.11575,0.52022
0.17494,-0.11174,0.56869
0.18079,-0.11606,0.66157
0.17275,-0.11828,0.78286
0.20144,-0.11964,0.86343
0.23651,-0.12261,0.95441
-0.0091015,-0.12166,0.10723
-0.37174,-0.10709,0.56756
-0.27384,-0.10724,0.56915
-0.15291,-0.11621,0.55213
-0.01245,-0.12085,0.53218
0.12565,-0.12483,0.51851
0.1793,-0.13046,0.58253
0.1719,-0.12348,0.69709
0.17523,-0.12469,0.79506
0.20799,-0.1282,0.88398
0.23904,-0.13431,0.9646
-0.0087774,-0.13163,0.12919
-0.36765,-0.11326,0.56833
-0.27557,-0.11545,0.56936
-0.1406,-0.12473,0.5504
0.002382,-0.12763,0.52541
0.13715,-0.13954,0.52927
0.18446,-0.14214,0.59555
0.1711,-0.1414,0.70305
0.17744,-0.13656,0.80446
0.2118,-0.14076,0.89108
0.24897,-0.14289,0.97871
-0.0056554,-0.13706,0.13338
-0.3528,-0.11923,0.5719
-0.23914,-0.13234,0.56
-0.11573,-0.13823,0.54314
0.030453,-0.13716,0.52635
0.14425,-0.14887,0.53357
0.18841,-0.15051,0.60967
0.17059,-0.14291,0.73345
0.18739,-0.14935,0.82611
0.21812,-0.15077,0.90787
0.25879,-0.14918,0.99384
-0.3881,-0.13351,0.55243
-0.32189,-0.1349,0.57306
-0.19205,-0.14085,0.55727
-0.062125,-0.14839,0.53466
0.092093,-0.15616,0.52019
0.17297,-0.15559,0.55543
0.17965,-0.15873,0.65659
0.16909,-0.1594,0.77388
0.20039,-0.164,0.86013
0.2274,-0.15923,0.94119
-0.0090524,-0.16244,0.099005
-0.38018,-0.14201,0.56395
-0.28942,-0.14453,0.57028
-0.16283,-0.14986,0.55352
-0.030435,-0.15697,0.53468
0.12333,-0.16361,0.51543
0.17734,-0.17359,0.57631
0.17403,-0.1722,0.68129
0.17512,-0.17289,0.79285
0.20571,-0.16565,0.87681
0.23599,-0.16959,0.9538
-0.0089937,-0.16912,0.1187
-0.36594,-0.14894,0.56866
-0.26618,-0.15126,0.56818
-0.14605,-0.1612,0.55117
0.010934,-0.17276,0.52751
0.13331,-0.17401,0.52694
0.18089,-0.17548,0.58757
0.17017,-0.18336,0.71215
0.1779,-0.17708,0.80547
0.21299,-0.18689,0.89252
0.24987,-0.18388,0.9808
-0.38756,-0.15557,0.53452
-0.32877,-0.16056,0.57317
-0.22711,-0.16247,0.56278
-0.088412,-0.17665,0.54291
0.063327,-0.18846,0.51759
0.16708,-0.19273,0.54428
0.1812,-0.18897,0.63334
0.16852,-0.19273,0.75107
0.19538,-0.18949,0.83649
0.22123,-0.19018,0.9234
0.27238,-0.19766,0.99927
-0.38487,-0.16691,0.55888
-0.29863,-0.17154,0.56788
-0.17587,-0.17763,0.55171
-0.050927,-0.18779,0.53549
0.10544,-0.20151,0.51929
0.17298,-0.20275,0.5625
0.18109,-0.19702,0.66395
0.17171,-0.20097,0.7803
0.2015,-0.20659,0.86361
0.23221,-0.20771,0.94945
-0.00895,-0.19463,0.12044
-0.35728,-0.17642,0.57019
-0.26149,-0.18648,0.5676
-0.13154,-0.19207,0.54863
0.015518,-0.20383,0.52836
0.13391,-0.20864,0.52731
0.1836,-0.21654,0.59449
0.17263,-0.21359,0.72189
0.18225,-0.21257,0.81494
0.21732,-0.21278,0.89783
0.24948,-0.22161,0.97991
-0.38555,-0.18023,0.55814
-0.29905,-0.18938,0.56777
-0.18857,-0.19839,0.55525
-0.054865,-0.20399,0.53452
0.086691,-0.2182,0.52056
0.17341,-0.22118,0.54952
0.17937,-0.22732,0.65533
0.16862,-0.21812,0.76884
0.19949,-0.22501,0.84866
0.22863,-0.23116,0.94472
-0.0092052,-0.22248,0.10868
-0.35366,-0.19356,0.57157
-0.25688,-0.1999,0.56702
-0.13565,-0.21273,0.54971
0.01421,-0.22419,0.52833
0.14325,-0.22578,0.53297
0.18649,-0.23479,0.59802
0.17175,-0.23395,0.71839
0.18059,-0.23836,0.81133
0.21827,-0.23176,0.90486
0.25043,-0.24146,0.98212
-0.38962,-0.20093,0.54569
-0.31846,-0.20424,0.57301
-0.2038,-0.21532,0.55947
-0.05854,-0.22308,0.53385
0.085083,-0.23238,0.52067
0.17328,-0.24538,0.54787
0.17858,-0.24687,0.65187
0.1686,-0.24316,0.76578
0.19973,-0.24542,0.8454
0.22741,-0.25039,0.9412
-0.0086238,-0.24043,0.082642
-0.38113,-0.21129,0.56292
-0.28867,-0.21476,0.57047
-0.17325,-0.22642,0.55235
-0.026948,-0.23516,0.53419
0.12256,-0.25152,0.51495
0.17637,-0.2545,0.57323
0.17667,-0.25173,0.67392
0.17488,-0.25843,0.78802
0.20413,-0.25398,0.87186
0.23935,-0.26106,0.96514
0.00014943,-0.24726,0.12118
-0.34621,-0.22291,0.57343
-0.22468,-0.23135,0.56257
-0.10728,-0.2448,0.54516
0.057038,-0.25759,0.51908
0.1547,-0.25989,0.53991
0.18287,-0.26534,0.62285
0.16848,-0.25987,0.74212
0.19232,-0.27052,0.83359
0.22025,-0.26678,0.92056
0.2647,-0.27284,0.99598
-0.38471,-0.22554,0.55905
-0.30377,-0.23143,0.56841
-0.16888,-0.24641,0.55342
-0.042924,-0.25348,0.53641
0.1016,-0.27243,0.51955
0.17264,-0.275,0.55974
0.18086,-0.27114,0.66568
0.17055,-0.27129,0.77746
0.20293,-0.28166,0.85857
0.26233,-0.27798,0.97319
-0.38108,-0.23848,0.56298
-0.29428,-0.24659,0.56901
-0.17312,-0.25038,0.55238
-0.031653,-0.26666,0.53485
0.11218,-0.2805,0.51749
0.17716,-0.2846,0.57573
0.17405,-0.28237,0.68111
0.1739,-0.28451,0.78463
-0.0090244,-0.27941,0.087026
-0.38379,-0.24427,0.56004
-0.29357,-0.2527,0.5692
-0.16695,-0.26043,0.55389
-0.028259,-0.27276,0.53438
0.12223,-0.29228,0.51475
0.17745,-0.2929,0.57668
0.1749,-0.29246,0.68919
-0.38304,-0.24947,0.56085
-0.29745,-0.26484,0.56818
-0.17013,-0.27189,0.55311
-0.0474,-0.28811,0.53636
0.11656,-0.30383,0.51503
-0.0090666,-0.2978,0.11066
-0.36583,-0.26247,0.56868
-0.25183,-0.27627,0.56566
-0.12176,-0.28452,0.54303
0.012255,-0.30177,0.52784
-0.38954,-0.27357,0.54084
-0.33024,-0.27225,0.57319
-0.21038,-0.29109,0.56045
-0.081863,-0.3036,0.53953
-0.38872,-0.27468,0.54967
-0.32142,-0.2873,0.57305
-0.20406,-0.29962,0.5595
-0.0091976,-0.3328,0.10469
-0.35403,-0.29507,0.57143
-0.22379,-0.30596,0.55292
-0.38606,-0.29785,0.55758
-0.0090296,-0.35109,0.083664
-0.35729,-0.3042,0.56512
0.0043636,-0.36863,0.10533
0.0079968,-0.395,0.09661
-0.014141,-0.41227,0.007419
0.0049551,-0.40925,0.086447
0.28205,-0.27941,0.96668
0.25764,-0.27906,0.95252
0.20562,-0.30539,0.58352
0.23608,-0.28022,0.9154
0.25757,-0.26312,0.99293
0.19269,-0.30352,0.58935
0.19959,-0.29913,0.6705
0.22066,-0.28177,0.89198
0.24566,-0.27012,0.97373
0.18043,-0.30542,0.55556
0.19037,-0.29996,0.6385
0.19262,-0.29449,0.73503
0.20283,-0.28606,0.81767
0.21779,-0.26534,0.89917
0.24656,-0.24075,0.97497
0.16322,-0.30632,0.53717
0.18803,-0.27721,0.5999
0.17913,-0.29382,0.72048
0.17798,-0.28415,0.8022
0.20782,-0.2719,0.88345
0.23586,-0.24925,0.95365
0.13816,-0.31132,0.49827
0.17306,-0.27929,0.55422
0.17982,-0.27103,0.64202
0.17108,-0.2885,0.75473
0.19168,-0.26731,0.83298
0.21827,-0.24714,0.90488
0.24747,-0.22199,0.9762
0.13067,-0.30369,0.52321
0.17655,-0.26875,0.57381
0.18013,-0.26606,0.66781
0.16862,-0.27288,0.76913
0.19972,-0.24536,0.84549
0.22132,-0.23016,0.92366
0.26224,-0.20327,0.99643
0.12985,-0.28561,0.52409
0.17708,-0.26061,0.5755
0.17472,-0.25904,0.67738
0.17022,-0.25582,0.77666
0.19922,-0.24254,0.85236
0.22172,-0.21414,0.92482
0.25706,-0.18131,0.99255
0.12788,-0.28139,0.52148
0.17262,-0.24584,0.56005
0.17893,-0.23896,0.6534
0.16858,-0.24237,0.76151
0.19541,-0.22734,0.83652
0.2182,-0.20201,0.91466
0.25268,-0.18644,0.98737
0.092331,-0.29886,0.52017
0.15706,-0.23883,0.54134
0.18352,-0.22835,0.61877
0.17307,-0.23107,0.72476
0.1814,-0.21735,0.81309
0.2086,-0.19746,0.88591
0.23733,-0.17918,0.95543
0.41528,-0.013658,0.021142
0.084139,-0.2963,0.52073
0.15086,-0.23386,0.53758
0.18829,-0.20074,0.60022
0.17083,-0.21607,0.71477
0.17652,-0.21244,0.80247
0.20922,-0.18876,0.88784
0.2378,-0.16141,0.95644
0.40223,-0.012988,0.020026
0.05575,-0.30401,0.51887
0.13482,-0.23173,0.52786
0.17802,-0.1954,0.57848
0.1742,-0.20393,0.68004
0.17339,-0.20093,0.78442
0.1999,-0.18332,0.85859
0.22535,-0.15913,0.93526
0.27471,-0.12452,0.99955
0.033901,-0.30848,0.50775
0.10624,-0.24258,0.51923
0.17302,-0.19392,0.55478
0.18037,-0.18073,0.63856
0.16856,-0.19991,0.75756
0.19271,-0.17692,0.83396
0.21809,-0.16177,0.90867
0.25109,-0.12896,0.98366
0.026895,-0.30385,0.52513
0.12184,-0.2292,0.51452
0.17264,-0.17943,0.55979
0.17865,-0.17144,0.65218
0.16858,-0.18043,0.76192
0.19149,-0.1577,0.8328
0.21798,-0.13598,0.91088
0.25221,-0.10708,0.98627
0.025114,-0.295,0.52707
0.12163,-0.21198,0.51439
0.17339,-0.1634,0.54986
0.17881,-0.16095,0.64837
0.16858,-0.167,0.76053
0.19555,-0.15149,0.83665
0.21842,-0.13009,0.91531
0.25592,-0.10406,0.9917
0.011624,-0.29925,0.52769
0.09761,-0.21466,0.51982
0.17001,-0.15359,0.54477
0.18053,-0.15122,0.63758
0.16867,-0.15171,0.73832
0.1891,-0.14627,0.82984
0.21815,-0.12221,0.90732
0.24627,-0.089737,0.97457
-0.010089,-0.30352,0.52955
0.071891,-0.22916,0.52035
0.14987,-0.15856,0.53698
0.1858,-0.13079,0.59718
0.17079,-0.14145,0.71461
0.17875,-0.14387,0.80732
0.20698,-0.1149,0.8808
0.23892,-0.078248,0.96233
-0.033871,-0.30675,0.51769
0.036479,-0.24438,0.52554
0.12848,-0.16362,0.52227
0.17572,-0.12552,0.57119
0.17998,-0.12265,0.66807
0.17125,-0.1286,0.77919
0.19913,-0.097216,0.85358
0.22446,-0.083951,0.9327
0.26811,-0.040241,0.99876
-0.0024803,-0.2627,0.52672
0.089961,-0.19279,0.52034
0.15834,-0.12309,0.54211
0.19054,-0.1006,0.60296
0.17199,-0.11831,0.72991
0.18646,-0.10816,0.82408
0.21423,-0.072818,0.89402
0.24446,-0.047521,0.9721
-0.054114,-0.29679,0.5347
0.033305,-0.22352,0.52596
0.12648,-0.14274,0.51962
0.17683,-0.099762,0.57469
0.17603,-0.10375,0.67505
0.16861,-0.095731,0.76765
0.19948,-0.076382,0.84877
0.22386,-0.054317,0.93097
0.26241,-0.017322,0.99655
-0.037951,-0.28111,0.53572
0.041184,-0.20128,0.5249
0.12876,-0.12384,0.52264
0.17692,-0.07874,0.57498
0.17444,-0.089916,0.67819
0.17345,-0.088264,0.78457
0.20174,-0.063285,0.86437
0.22633,-0.035471,0.93811
0.28854,0.014729,0.99569
-0.051329,-0.27589,0.53539
0.033225,-0.1971,0.52598
0.12803,-0.11292,0.52167
0.17605,-0.06505,0.57222
0.18107,-0.068444,0.66412
0.17353,-0.081518,0.78474
0.1994,-0.041773,0.84982
0.22508,-0.023685,0.9345
0.27496,0.01307,0.99958
-0.063634,-0.27569,0.53554
0.014331,-0.1983,0.52836
0.12303,-0.10766,0.51524
0.17281,-0.059885,0.55744
0.17936,-0.059469,0.65528
0.1686,-0.068057,0.7654
0.19854,-0.031527,0.83948
0.22261,-0.013251,0.92737
0.26102,0.024255,0.99552
-0.10248,-0.29887,0.54496
-0.016924,-0.21321,0.5328
0.078985,-0.13137,0.52108
0.15376,-0.057418,0.53934
0.18628,-0.03847,0.61322
0.17308,-0.047562,0.72578
0.18186,-0.034843,0.81408
0.21101,-0.013057,0.89012
0.24297,0.010369,0.97008
-0.12324,-0.30874,0.52477
-0.066096,-0.24197,0.53696
0.018594,-0.17226,0.52795
0.12267,-0.079424,0.51502
0.1738,-0.039591,0.56509
0.18025,-0.022367,0.65921
0.16862,-0.03655,0.76884
0.19963,-0.0079017,0.84677
0.2242,0.015788,0.93195
0.27096,0.058837,0.9991
-0.14198,-0.30588,0.53432
-0.059585,-0.23581,0.53399
0.028732,-0.15021,0.52658
0.12196,-0.061847,0.51459
0.17347,-0.016207,0.56403
0.18106,-0.0076983,0.66279
0.16862,-0.014814,0.76895
0.19985,0.015515,0.84367
0.22389,0.036566,0.93106
0.27232,0.074531,0.99927
-0.15364,-0.3047,0.54818
-0.081195,-0.23606,0.54186
0.0071769,-0.15615,0.52657
0.1126,-0.064089,0.51728
0.16904,-0.0068875,0.54461
0.1803,-0.00038719,0.63899
0.16858,-0.0061156,0.7622
0.19653,0.015932,0.83758
0.22047,0.041723,0.92119
0.26356,0.07423,0.99742
0.15329,-0.009117,0.10317
-0.11997,-0.26359,0.54277
-0.035495,-0.17793,0.53538
0.063521,-0.096532,0.51766
0.14341,-0.02384,0.53306
0.18275,0.019737,0.59347
0.17065,0.0094011,0.70635
0.17791,0.014516,0.8055
0.20707,0.039011,0.88109
0.23875,0.071414,0.95903
-0.0089575,-0.14248,0.12017
-0.17739,-0.3065,0.53409
-0.11248,-0.24721,0.54392
-0.033812,-0.16896,0.53515
0.066044,-0.071363,0.51847
0.15005,0.0072801,0.53709
0.18712,0.04224,0.59879
0.1713,0.026555,0.71664
0.18352,0.027478,0.8177
0.20976,0.063387,0.88861
0.24686,0.094414,0.97536
-0.0088009,-0.13145,0.12799
-0.1948,-0.30612,0.54901
-0.12392,-0.23994,0.54427
-0.035349,-0.15788,0.53536
0.060348,-0.066926,0.51765
0.14884,0.01553,0.53635
0.18198,0.052091,0.59104
0.17123,0.032416,0.71635
0.1813,0.051405,0.81287
0.20867,0.075778,0.88613
0.23958,0.10445,0.96545
-0.0089912,-0.1227,0.11818
-0.21165,-0.30447,0.55589
-0.12847,-0.23366,0.54687
-0.042677,-0.1561,0.53637
0.045864,-0.065567,0.52427
0.13885,0.020746,0.5303
0.18036,0.055767,0.5859
0.17179,0.057424,0.69793
0.17597,0.054972,0.80126
0.20611,0.083892,0.87807
0.23893,0.10644,0.96256
-0.0089255,-0.1024,0.12124
-0.22527,-0.3052,0.54721
-0.1522,-0.24413,0.55203
-0.0607,-0.15749,0.53415
0.021671,-0.070884,0.52753
0.12398,0.025432,0.5163
0.17359,0.073747,0.56444
0.17796,0.075556,0.67165
0.17226,0.062919,0.78165
0.20204,0.098627,0.86531
0.22861,0.12526,0.94467
-0.0087387,-0.099269,0.094855
0.077136,-0.0090516,0.11446
-0.18887,-0.26194,0.55542
-0.10708,-0.18627,0.54521
-0.024041,-0.10607,0.53379
0.078739,-0.0036383,0.5211
0.15612,0.059372,0.54077
0.18277,0.08557,0.62347
0.16902,0.074401,0.73741
0.18659,0.090005,0.82438
0.21793,0.12315,0.91197
0.2524,0.1572,0.98672
-0.00346,-0.070747,0.14195
-0.23521,-0.29698,0.56087
-0.16235,-0.2223,0.55346
-0.060359,-0.13326,0.5341
0.02437,-0.045698,0.52717
0.12581,0.047141,0.51872
0.17362,0.093849,0.56453
0.17658,0.1012,0.67409
0.17036,0.098166,0.77699
0.20112,0.1192,0.86242
0.22607,0.1465,0.93734
-0.0088568,-0.067226,0.10477
0.051274,-0.0088518,0.12427
-0.21099,-0.26409,0.56054
-0.11796,-0.17538,0.5426
-0.035428,-0.087099,0.53537
0.061716,0.011453,0.51756
0.1446,0.086937,0.53379
0.18824,0.12266,0.60016
0.17137,0.10576,0.71689
0.18132,0.11889,0.8129
0.21119,0.1523,0.89034
0.2455,0.18146,0.97351
-0.0031161,-0.042103,0.14552
-0.24211,-0.27992,0.56044
-0.16775,-0.20231,0.5537
-0.083562,-0.12334,0.5422
0.013106,-0.030749,0.52806
0.11147,0.069257,0.51782
0.17289,0.13201,0.55642
0.18116,0.13036,0.66343
0.16872,0.12512,0.77298
0.19917,0.15223,0.85293
0.22647,0.17833,0.9385
-0.0091272,-0.039028,0.11712
-0.27766,-0.3026,0.56637
-0.19895,-0.22504,0.55874
-0.1217,-0.14347,0.54303
-0.035709,-0.065474,0.53541
0.063256,0.036861,0.51757
0.14916,0.12255,0.53655
0.18728,0.15337,0.59898
0.17276,0.14266,0.72239
0.18331,0.1523,0.81725
0.21844,0.1842,0.90129
0.24906,0.21276,0.9789
-0.2983,-0.30674,0.54623
-0.23851,-0.25796,0.56009
-0.15999,-0.16948,0.55313
-0.078064,-0.096937,0.5414
0.019422,0.0044538,0.52784
0.12421,0.10912,0.5166
0.17336,0.15261,0.56369
0.17953,0.16757,0.65602
0.17219,0.15646,0.78149
0.19933,0.18308,0.85679
0.22993,0.21594,0.94682
-0.020721,-0.02065,0.14131
-0.2767,-0.27098,0.5695
-0.19591,-0.193,0.55829
-0.10658,-0.10762,0.54533
-0.012451,-0.011834,0.53218
0.085856,0.082325,0.52061
0.15873,0.16057,0.54234
0.18289,0.18475,0.6227
0.1713,0.17583,0.73164
0.18773,0.19055,0.82686
0.2181,0.22158,0.90835
-0.029622,-0.010425,0.10603
-0.29432,-0.28167,0.569
-0.23279,-0.21684,0.56144
-0.15347,-0.13726,0.55221
-0.054544,-0.032494,0.53459
0.047719,0.063944,0.52402
0.13764,0.15269,0.52957
0.18001,0.19046,0.58479
0.17092,0.18477,0.70438
0.18037,0.18905,0.81083
0.20658,0.22357,0.87956
0.23902,0.25497,0.96414
-0.33054,-0.30445,0.56597
-0.2649,-0.23712,0.56802
-0.18607,-0.15675,0.55379
-0.095709,-0.07109,0.54397
-0.0023877,0.029344,0.52666
0.095638,0.12185,0.51995
0.16416,0.20122,0.5438
0.18054,0.21513,0.63745
0.16854,0.20594,0.75402
0.19922,0.22184,0.84098
0.22454,0.24859,0.93293
-0.34244,-0.30557,0.53319
-0.3099,-0.27645,0.57096
-0.23429,-0.20104,0.56109
-0.15741,-0.11515,0.55276
-0.073927,-0.029947,0.5408
0.023555,0.064321,0.52728
0.12381,0.17064,0.51607
0.1777,0.22633,0.57746
0.17383,0.22569,0.68277
0.17521,0.21324,0.79452
0.20494,0.24673,0.87441
-0.057737,-0.0086282,0.095209
-0.34355,-0.2934,0.57339
-0.27384,-0.22507,0.56915
-0.19449,-0.14432,0.55808
-0.10657,-0.05409,0.54533
-0.014966,0.048714,0.53253
0.08764,0.15022,0.52049
0.16272,0.23237,0.54356
0.18105,0.24609,0.63428
0.16855,0.23003,0.75636
0.19592,0.25532,0.837
-0.36754,-0.31059,0.53319
-0.33108,-0.27442,0.5732
-0.26154,-0.19464,0.5676
-0.17902,-0.11623,0.55107
-0.094944,-0.030331,0.54386
0.0054492,0.079068,0.52614
0.092168,0.17362,0.52019
0.17058,0.24744,0.54487
0.17939,0.25775,0.64473
0.16861,0.25332,0.76598
-0.088959,-0.0086888,0.092174
-0.36624,-0.29198,0.5686
-0.30909,-0.23609,0.57063
-0.22368,-0.15397,0.56243
-0.14905,-0.067566,0.55159
-0.056244,0.028824,0.53418
0.035446,0.12054,0.52568
0.13474,0.23292,0.52781
0.18143,0.26796,0.58927
0.17005,0.25798,0.71088
0.1765,0.27,0.80242
-0.38439,-0.3004,0.55888
-0.32918,-0.2436,0.57317
-0.26171,-0.17237,0.56762
-0.18113,-0.084054,0.55137
-0.092331,0.0077622,0.54348
0.0078475,0.11258,0.52674
0.10985,0.21017,0.5186
0.1732,0.29151,0.55229
0.17414,0.28289,0.68045
-0.11642,-0.0091789,0.10836
-0.37997,-0.2885,0.56417
-0.32578,-0.2271,0.57312
-0.25671,-0.14954,0.567
-0.17556,-0.070575,0.55178
-0.085078,0.032148,0.54242
0.0098688,0.12876,0.52725
0.12289,0.2439,0.51515
-0.12451,-0.0089699,0.097872
-0.38662,-0.27972,0.55699
-0.33617,-0.2263,0.57328
-0.26285,-0.1409,0.56777
-0.17094,-0.055063,0.55291
-0.088282,0.037566,0.54289
0.0091378,0.14421,0.52706
0.10301,0.23812,0.51945
-0.14522,-0.0090006,0.12264
-0.36488,-0.24733,0.56886
-0.30511,-0.17162,0.56897
-0.22641,-0.096407,0.56283
-0.13933,-0.01063,0.55023
-0.048604,0.086191,0.53606
0.062337,0.205,0.51752
0.14133,0.29305,0.5318
-0.38556,-0.24971,0.55813
-0.33251,-0.19461,0.57322
-0.26806,-0.12253,0.56842
-0.17618,-0.029138,0.55163
-0.087703,0.068534,0.54281
0.013841,0.18152,0.52824
0.11624,0.28447,0.51554
-0.3865,-0.23367,0.55711
-0.32281,-0.17429,0.57307
-0.26167,-0.10139,0.56762
-0.17222,-0.0084218,0.5526
-0.082138,0.091056,0.542
0.018672,0.19689,0.52794
-0.18541,-0.00661,0.12747
-0.357,-0.20059,0.5703
-0.28959,-0.12646,0.57023
-0.21415,-0.047897,0.56101
-0.12839,0.048666,0.54682
-0.040096,0.14966,0.53602
0.062428,0.26904,0.51751
-0.37622,-0.21036,0.5667
-0.31565,-0.14035,0.57296
-0.24062,-0.059182,0.56022
-0.15268,0.034969,0.5521
-0.063401,0.13732,0.5354
0.033351,0.24652,0.52596
-0.38721,-0.20929,0.55636
-0.33564,-0.14861,0.57327
-0.26291,-0.071598,0.56777
-0.17436,0.022628,0.55208
-0.09139,0.12013,0.54334
0.013868,0.23084,0.52825
-0.38288,-0.18571,0.56103
-0.32487,-0.12885,0.57311
-0.25511,-0.047658,0.5668
-0.17209,0.052928,0.55263
-0.083138,0.15101,0.54214
0.011729,0.25428,0.52771
-0.3766,-0.17146,0.56663
-0.31923,-0.10019,0.57302
-0.24299,-0.014232,0.56078
-0.15289,0.078963,0.55213
-0.049542,0.19181,0.53583
0.047503,0.30201,0.52405
-0.35605,-0.1227,0.57066
-0.28917,-0.05286,0.57034
-0.20727,0.035518,0.55998
-0.11686,0.14398,0.54287
-0.024688,0.253,0.53388
-0.37822,-0.14252,0.56606
-0.30863,-0.070479,0.57044
-0.24056,0.015507,0.56021
-0.15509,0.11479,0.55244
-0.05372,0.22023,0.5348
-0.38743,-0.1402,0.5554
-0.33139,-0.078455,0.57321
-0.26592,-0.0033157,0.56815
-0.17399,0.10082,0.55217
-0.078373,0.20968,0.54145
-0.38847,-0.11982,0.55075
-0.33801,-0.064786,0.57331
-0.26556,0.018158,0.56811
-0.17049,0.12202,0.55302
-0.084321,0.21704,0.54231
-0.38499,-0.11758,0.55875
-0.34055,-0.0582,0.57335
-0.26303,0.038222,0.56779
-0.17686,0.13578,0.55146
-0.084542,0.23414,0.54235
-0.3776,-0.085773,0.56644
-0.316,-0.015615,0.57297
-0.23375,0.08572,0.56121
-0.1497,0.17917,0.55168
-0.050349,0.29299,0.53563
-0.35858,-0.050565,0.56969
-0.29343,0.023255,0.56923
-0.21676,0.12043,0.56139
-0.1124,0.23313,0.54393
-0.38611,-0.064142,0.55753
-0.32696,-0.00084484,0.57314
-0.24918,0.089527,0.5642
-0.16833,0.18414,0.55355
-0.38919,-0.064328,0.53973
-0.34942,-0.013382,0.57319
-0.28001,0.061818,0.56992
-0.20199,0.16466,0.5592
-0.1046,0.27378,0.54527
-0.36419,-0.011801,0.56899
-0.30049,0.061414,0.56777
-0.20589,0.16558,0.55978
-0.12641,0.27437,0.54569
-0.377,-0.013498,0.56656
-0.30346,0.068243,0.56828
-0.2299,0.15812,0.56212
-0.14593,0.26704,0.55115
-0.36092,0.017406,0.56898
-0.29787,0.099186,0.56807
-0.20799,0.19579,0.56009
-0.39003,-0.0012524,0.54386
-0.34847,0.054173,0.57347
-0.27748,0.13814,0.5696
-0.18057,0.24572,0.55129
-0.3794,0.021416,0.56479
-0.31827,0.091484,0.573
-0.23669,0.1924,0.56052
-0.38807,0.034606,0.53615
-0.34147,0.078914,0.57336
-0.27328,0.1732,0.56908
-0.18555,0.27422,0.55349
-0.35763,0.075996,0.57005
-0.29275,0.15518,0.56941
-0.20383,0.26754,0.55947
-0.36655,0.079006,0.56854
-0.29488,0.16453,0.56885
-0.22308,0.27163,0.56234
-0.36671,0.10578,0.56851
-0.29171,0.19527,0.56968
-0.20797,0.29765,0.56009
-0.35168,0.13429,0.57232
-0.27847,0.22042,0.56973
-0.38748,0.10086,0.55515
-0.32883,0.16992,0.57317
-0.23902,0.28613,0.55998
-0.36153,0.14149,0.56899
-0.28953,0.23932,0.57025
-0.38592,0.14148,0.55774
-0.31557,0.21827,0.57296
-0.38897,0.13693,0.54855
-0.3386,0.20964,0.57332
-0.38732,0.16103,0.53374
-0.34533,0.21602,0.57342
-0.38928,0.17469,0.54716
-0.33859,0.24299,0.57332
-0.37399,0.20941,0.56713
-0.38807,0.21261,0.53613
-0.34588,0.26397,0.57343
-0.36663,0.24574,0.56853
-0.37862,0.25473,0.56563
-0.38558,0.26327,0.55811
-0.3748,0.29738,0.56697
