0.29534,-0.11913,0.48768
0.31377,-0.094407,0.44148
0.27544,-0.13926,0.48768
0.36448,-0.011325,0.4159
0.3507,-0.036084,0.47694
0.27494,-0.11304,0.48768
0.21561,-0.19142,0.48768
0.103,-0.31141,0.019836
0.36037,-0.0039635,0.48768
0.28903,-0.081042,0.48768
0.21434,-0.17527,0.48768
0.14049,-0.26452,0.48768
0.35016,0.0067527,0.44311
0.31835,-0.041082,0.48768
0.24748,-0.12122,0.48768
0.172,-0.20622,0.48768
0.2588,-0.095167,0.1072
0.34915,0.00776,0.46013
0.29801,-0.04679,0.48768
0.22601,-0.12919,0.48768
0.14359,-0.22639,0.48768
0.069438,-0.32034,0.48768
0.3429,0.014013,0.42912
0.30739,-0.016182,0.48768
0.24106,-0.10607,0.48768
0.17376,-0.18302,0.48768
0.080798,-0.29073,0.48768
0.23227,-0.10021,0.10901
0.33608,0.020835,0.48606
0.27243,-0.048229,0.48768
0.20449,-0.13306,0.48768
0.12541,-0.2275,0.48768
0.034074,-0.32121,0.48768
0.33669,0.047535,0.45932
0.36249,0.076362,0.57772
0.32483,0.032231,0.61717
0.15339,-0.17434,0.48768
0.071899,-0.26893,0.48768
0.21625,-0.087475,0.11029
0.33479,0.04944,0.48502
0.35742,0.081429,0.60741
0.20031,-0.10203,0.48768
0.11705,-0.20453,0.48768
0.036512,-0.29352,0.48768
0.19603,-0.095496,0.11162
0.32445,0.059776,0.4882
0.35176,0.087093,0.6223
0.19213,-0.10457,0.48768
0.10979,-0.19965,0.48768
0.02048,-0.28816,0.48768
0.088459,-0.19857,0.063379
0.31162,0.058982,0.48775
0.24933,-0.023335,0.48768
0.18503,-0.097532,0.48768
0.10214,-0.18704,0.48768
0.013222,-0.29559,0.48768
-0.0097588,-0.31618,0.5594
0.1749,-0.091483,0.11316
0.31474,0.069488,0.47238
0.26091,0.01469,0.48768
0.31577,0.067147,0.65997
0.10812,-0.16393,0.48768
0.02744,-0.25955,0.48768
-0.01834,-0.3076,0.53919
-0.046218,-0.33483,0.62289
0.084371,-0.17276,0.083921
0.30462,0.071708,0.48768
0.24305,-0.0026842,0.48768
0.30339,0.075958,0.6713
0.093623,-0.17108,0.48768
-0.00076555,-0.27588,0.48768
-0.028302,-0.29764,0.61092
0.18865,-0.044179,0.11272
0.082541,-0.1612,0.10289
0.2936,0.074865,0.48768
0.21993,-0.0088003,0.48768
0.3011,0.078789,0.67372
0.067515,-0.17837,0.48768
-0.023585,-0.27456,0.48768
0.1735,-0.038869,0.090339
0.080733,-0.14979,0.069231
0.2923,0.091924,0.46892
0.24131,0.023094,0.48768
0.31836,0.12049,0.68093
0.083367,-0.14257,0.48768
0.0031217,-0.23056,0.48768
-0.058274,-0.29803,0.66547
0.14776,-0.062251,0.1154
0.273,0.083916,0.41141
0.26416,0.072998,0.48768
0.20267,-0.0061116,0.48768
0.11984,-0.091718,0.48768
0.0437,-0.1773,0.48768
-0.052682,-0.28352,0.48768
0.1535,-0.035701,0.090762
0.075721,-0.11815,0.087879
0.2847,0.099527,0.46814
0.22705,0.048159,0.48768
0.30773,0.13113,0.67279
0.078116,-0.12704,0.48768
-0.0017572,-0.2136,0.48768
-0.069544,-0.27819,0.67864
0.13083,-0.049367,0.11674
0.059972,-0.11942,0.11803
0.25378,0.088333,0.48768
0.18635,0.017503,0.48768
0.27505,0.10531,0.68779
0.033694,-0.16034,0.48768
-0.063363,-0.25687,0.48768
0.13045,-0.032051,0.088689
0.084146,-0.080734,0.11968
0.26954,0.11468,0.47362
0.20965,0.052512,0.48768
0.29518,0.14368,0.68477
0.055855,-0.11208,0.48768
-0.037167,-0.20977,0.48768
-0.097365,-0.27448,0.68675
0.10552,-0.04915,0.11853
0.042218,-0.12143,0.11809
0.23712,0.092588,0.48768
0.16213,0.0086654,0.48768
0.25128,0.10908,0.69017
-0.0034837,-0.16283,0.48768
-0.080697,-0.24524,0.67094
0.1157,-0.029714,0.11533
0.070128,-0.064132,0.15968
0.24712,0.12209,0.48768
0.17316,0.037469,0.48768
0.26613,0.13337,0.69047
0.019597,-0.11956,0.48768
-0.067674,-0.22288,0.48768
0.098466,-0.026985,0.084422
0.074821,-0.045421,0.15614
0.25254,0.13169,0.48296
0.18957,0.06368,0.48768
0.2749,0.15458,0.69047
0.02731,-0.10704,0.48768
-0.063072,-0.19519,0.48768
0.087883,-0.025309,0.085514
0.07236,-0.032757,0.16354
0.24292,0.14131,0.48256
0.16677,0.065176,0.48768
0.25686,0.15722,0.69047
0.0098444,-0.10162,0.48768
-0.075212,-0.19679,0.48768
-0.14127,-0.26541,0.69047
0.07218,-0.032322,0.13577
0.23972,0.14451,0.46494
0.1862,0.091444,0.48768
0.26706,0.17179,0.67172
0.031081,-0.07179,0.48768
-0.057667,-0.16005,0.48768
-0.11857,-0.22868,0.69047
0.08535,-0.0012567,0.11905
0.061314,-0.016374,0.19088
0.20989,0.13854,0.48768
0.14196,0.063666,0.48768
0.2278,0.15618,0.69047
-0.017013,-0.10364,0.48768
-0.11779,-0.20675,0.48768
0.11068,0.039248,0.11191
0.05403,-0.011195,0.13573
0.22635,0.15787,0.4708
0.17491,0.10406,0.48768
0.25283,0.18602,0.67688
0.017265,-0.050808,0.48768
-0.067802,-0.14828,0.48768
-0.13879,-0.20771,0.69047
0.074172,0.023636,0.11783
0.052143,-0.010413,0.17672
0.2066,0.15756,0.48768
0.13627,0.085417,0.48768
0.22744,0.16996,0.69047
-0.023973,-0.086104,0.48768
-0.10669,-0.17422,0.48768
0.11242,0.069418,0.11368
0.049157,0.0028302,0.11997
0.19729,0.15962,0.42181
0.17026,0.13695,0.48768
0.10178,0.062565,0.48768
0.015777,-0.031881,0.48768
-0.065685,-0.11713,0.48768
-0.13899,-0.18695,0.6865
0.069923,0.035952,0.11719
0.027188,-0.0075023,0.15056
0.20314,0.17098,0.48768
0.12929,0.10837,0.48768
0.22218,0.19052,0.69047
-0.030236,-0.05986,0.48768
-0.12224,-0.1513,0.48768
0.098272,0.078042,0.11359
0.024253,0.0056545,0.1043
0.18213,0.17478,0.42151
0.16212,0.14652,0.48768
0.089563,0.071122,0.48768
0.0042837,-0.012801,0.48768
-0.077527,-0.093158,0.48768
-0.15443,-0.17151,0.67149
0.063521,0.062512,0.1157
-0.0097508,-0.0069061,0.11925
0.18287,0.17983,0.48768
0.10845,0.1077,0.48768
0.20242,0.19799,0.69047
-0.053684,-0.048388,0.48768
-0.1488,-0.14466,0.48768
0.074814,0.090042,0.11359
-0.019457,-0.0046414,0.11865
0.17177,0.18893,0.48768
0.10504,0.11817,0.48768
0.19512,0.21144,0.69047
-0.059958,-0.044757,0.48768
-0.15434,-0.14654,0.48768
-0.20974,-0.19651,0.69047
-0.033589,-0.0037831,0.11789
0.16657,0.19723,0.48768
0.093586,0.127,0.48768
0.18649,0.21001,0.69047
-0.063628,-0.038076,0.48768
-0.16643,-0.14298,0.48768
-0.0071473,0.037054,0.081976
0.15692,0.19999,0.41161
0.15228,0.18682,0.48768
0.075898,0.11533,0.48768
0.1666,0.20356,0.69047
-0.090195,-0.043753,0.48768
-0.18964,-0.14229,0.48768
-0.010144,0.040051,0.080973
0.152,0.20491,0.41571
0.13323,0.18639,0.48768
0.065109,0.11726,0.48768
0.15566,0.21148,0.69047
-0.10399,-0.050992,0.48768
-0.20255,-0.13637,0.48768
-0.019635,0.049542,0.10821
0.15908,0.22514,0.45612
0.10425,0.16497,0.48768
0.18974,0.24912,0.67511
-0.05178,0.014743,0.48768
-0.14246,-0.074872,0.48768
-0.21118,-0.14001,0.69047
-0.041064,0.04816,0.11489
0.1525,0.23173,0.47923
0.084511,0.16029,0.48768
0.17703,0.24939,0.69047
-0.08107,0.0049535,0.48768
-0.17214,-0.077869,0.48768
-0.24957,-0.15094,0.69047
-0.06486,0.04107,0.11405
0.12637,0.21305,0.48768
0.039863,0.14011,0.48768
0.13969,0.22497,0.69047
-0.11912,-0.020047,0.48768
-0.21899,-0.11176,0.48768
-0.041411,0.071318,0.095154
0.14095,0.24328,0.45016
0.10414,0.20775,0.48768
0.022123,0.13284,0.48768
-0.059385,0.055979,0.48768
-0.152,-0.030078,0.48768
-0.22031,-0.10563,0.68953
-0.057974,0.074238,0.11272
0.13336,0.25087,0.47342
0.078418,0.19374,0.48768
0.16401,0.27484,0.68759
-0.088444,0.0381,0.48768
-0.18422,-0.047974,0.48768
-0.25866,-0.11797,0.69047
-0.080644,0.057373,0.11243
0.10919,0.24363,0.48768
0.030474,0.16638,0.48768
0.13036,0.25651,0.69047
-0.13686,0.0072255,0.48768
-0.23064,-0.081158,0.48768
-0.063573,0.09348,0.10304
0.12191,0.26232,0.47361
0.064451,0.21344,0.48768
0.14953,0.28932,0.68758
-0.10697,0.044583,0.48768
-0.19774,-0.034823,0.48768
-0.27461,-0.1024,0.69047
-0.1001,0.064695,0.11107
0.099359,0.261,0.48751
0.030979,0.19473,0.48768
0.12379,0.28157,0.69047
-0.14256,0.031635,0.48768
-0.23262,-0.053807,0.48768
-0.25084,-0.0751,0.69028
-0.076174,0.10608,0.10099
0.10871,0.27552,0.47573
0.04276,0.21387,0.48768
0.13381,0.3002,0.69047
-0.12728,0.059862,0.48768
-0.22128,-0.026916,0.48768
-0.26269,-0.063253,0.56081
-0.26191,-0.064028,0.66177
-0.082929,0.11284,0.096694
0.10401,0.28021,0.45394
0.048614,0.23328,0.48768
0.13156,0.30729,0.68325
-0.11058,0.088224,0.49747
-0.10356,0.10038,0.60392
-0.16638,0.044469,0.65093
-0.26209,-0.050801,0.65366
-0.092938,0.12284,0.087531
0.080914,0.276,0.42451
0.098627,0.2856,0.5334
0.093613,0.29061,0.63363
-0.043749,0.15634,0.56059
-0.050455,0.15958,0.64594
-0.13057,0.084091,0.67063
-0.21588,0.00014966,0.67689
-0.26548,-0.032673,0.74264
-0.13151,0.089543,0.10823
0.089498,0.29473,0.52441
0.088604,0.29562,0.62277
0.046285,0.25943,0.66377
-0.0036541,0.21784,0.70169
-0.097447,0.12207,0.6927
-0.14626,0.088598,0.7492
-0.24521,-0.010978,0.74734
-0.11721,0.12795,0.10701
0.083928,0.3003,0.50929
0.0833,0.30093,0.59458
0.077493,0.29692,0.69047
0.022688,0.24829,0.71673
-0.05192,0.17502,0.72154
-0.1162,0.1211,0.75645
-0.18604,0.06839,0.80434
-0.27529,-0.014158,0.82123
-0.14304,0.11509,0.10636
0.074305,0.30992,0.54928
0.077284,0.30694,0.63284
0.058755,0.29816,0.70937
0.030073,0.27224,0.77094
-0.054931,0.1875,0.77172
-0.12468,0.13089,0.8072
-0.19505,0.07401,0.83959
-0.29409,-0.01918,0.85239
-0.15142,0.1237,0.1055
0.055617,0.30129,0.56178
0.054446,0.30247,0.64218
0.058516,0.2984,0.73692
0.024247,0.27688,0.7998
-0.056243,0.1983,0.80461
-0.12161,0.14798,0.84076
-0.21457,0.063463,0.85921
-0.30585,-0.018661,0.87811
0.04862,0.30829,0.48316
0.046746,0.31017,0.58072
0.050488,0.30642,0.66886
0.049644,0.30727,0.76147
0.026992,0.29313,0.83321
-0.044625,0.23027,0.85235
-0.12077,0.1592,0.86345
-0.21728,0.071339,0.88085
-0.31174,-0.011726,0.90275
-0.16804,0.12976,0.10436
0.041524,0.31539,0.55294
0.041273,0.31564,0.63911
0.043273,0.31364,0.73561
0.042839,0.31407,0.83216
-0.015686,0.26448,0.86386
-0.09861,0.1859,0.87296
-0.18693,0.11025,0.8973
-0.27539,0.035646,0.92247
-0.14486,0.16972,0.04897
-0.18085,0.13605,0.10339
0.038544,0.31837,0.57044
0.037256,0.31966,0.64989
0.033634,0.32328,0.74955
0.037756,0.31916,0.83833
-0.0088571,0.28303,0.88715
-0.09394,0.20487,0.90043
-0.17543,0.13944,0.92902
-0.2556,0.073714,0.95339
-0.14665,0.17534,0.042695
-0.17264,0.15596,0.1028
0.029666,0.32725,0.55473
0.02752,0.32939,0.6472
0.031779,0.32513,0.7348
0.029848,0.32706,0.8314
0.0094042,0.30927,0.90248
-0.068632,0.23907,0.91677
-0.1569,0.164,0.93933
-0.23048,0.1091,0.96915
-0.15638,0.18507,0.012576
-0.15903,0.17689,0.10243
0.025758,0.33115,0.5814
0.024578,0.33233,0.67382
0.025145,0.33177,0.75872
0.02283,0.33408,0.85302
-0.0004105,0.31275,0.9261
-0.073736,0.25718,0.95585
-0.16576,0.16997,0.96323
-0.25735,0.090817,0.98231
-0.16437,0.19306,0.039917
0.016744,0.34017,0.66647
0.017756,0.33916,0.75019
0.018916,0.338,0.84125
0.018618,0.33681,0.93469
-0.056551,0.28098,0.96599
-0.13755,0.21665,0.99156
-0.22879,0.12981,0.99831
-0.16747,0.19616,0.031371
0.0083812,0.34853,0.73141
0.013183,0.34373,0.83016
0.0080653,0.34885,0.9212
-0.03202,0.30967,0.97238
-0.11619,0.2401,0.99477
-0.22122,0.15239,0.99463
-0.17203,0.20072,0.018095
0.00096248,0.35595,0.81198
0.0066081,0.3503,0.89961
-0.00089793,0.35253,0.99007
-0.10258,0.26762,0.99414
-0.20374,0.17713,0.99285
-0.35526,0.060766,0.97141
-0.0040524,0.36096,0.87488
-0.0045613,0.36147,0.96537
-0.071847,0.29727,0.9922
-0.19062,0.20528,0.9882
-0.31899,0.096738,0.97572
-0.010953,0.36786,0.87841
-0.0072596,0.36417,0.96723
-0.09435,0.29563,0.98642
-0.19157,0.21307,0.98532
-0.34787,0.086442,0.96755
-0.016828,0.37374,0.90797
-0.038866,0.35331,0.97991
-0.142,0.27029,0.98151
-0.27828,0.1605,0.97227
-0.023591,0.3805,0.90481
-0.039357,0.36156,0.97655
-0.14383,0.27688,0.97864
-0.26454,0.18186,0.97066
-0.030938,0.38785,0.96627
-0.11823,0.31542,0.97236
-0.23985,0.2164,0.9683
-0.082067,0.3587,0.9663
-0.19009,0.26163,0.96967
-0.097814,0.34883,0.96577
-0.37031,0.071345,0.96276
-0.3649,0.056544,0.96872
-0.3563,0.077536,0.96664
-0.33729,0.10235,0.93816
-0.34837,0.035918,0.98056
-0.3326,0.076071,0.88739
-0.33119,0.072335,0.97772
-0.33056,0.022844,0.76791
-0.3232,0.11262,0.93231
-0.32065,0.057502,0.98575
-0.32037,0.01344,0.70562
-0.31055,0.076688,0.8468
-0.30961,0.12084,0.97245
-0.31181,-0.0038574,0.50764
-0.31237,0.0012312,0.60559
-0.30942,0.032093,0.73257
-0.30002,0.10794,0.88617
-0.29766,0.10199,0.9822
-0.30361,0.0043582,0.53204
-0.29892,0.020295,0.64147
-0.29092,0.071559,0.79079
-0.28528,0.16427,0.95329
-0.29326,0.079901,0.99008
-0.2868,0.023698,0.57594
-0.28541,0.043059,0.68565
-0.28617,0.085865,0.81381
-0.27816,0.16345,0.97145
-0.27492,0.033072,0.50285
-0.27955,0.033682,0.60199
-0.27174,0.067099,0.72373
-0.26524,0.13327,0.86839
-0.26391,0.1519,0.97994
-0.25932,0.04848,0.52571
-0.26837,0.047469,0.62054
-0.26585,0.076972,0.73646
-0.25693,0.15435,0.89182
-0.25281,0.15271,0.98365
-0.25649,0.051955,0.54185
-0.2533,0.068003,0.65297
-0.24387,0.1185,0.79052
-0.2382,0.21499,0.95887
-0.24764,0.12969,0.9923
-0.2483,0.059561,0.52989
-0.24866,0.068908,0.63128
-0.23939,0.11447,0.76909
-0.23503,0.19259,0.91966
-0.24178,0.15137,0.98787
-0.22958,0.078326,0.5129
-0.23289,0.080615,0.6046
-0.22695,0.11361,0.72973
-0.2277,0.17486,0.87616
-0.22227,0.19391,0.98133
-0.23777,-0.15436,0.052093
-0.22849,0.079507,0.5023
-0.21696,0.09782,0.61403
-0.2206,0.11787,0.72241
-0.21248,0.18604,0.86842
-0.21881,0.20451,0.97909
-0.23534,-0.13713,0.037601
-0.2306,-0.18672,0.10199
-0.21403,0.09567,0.56809
-0.20966,0.11885,0.68583
-0.20353,0.17348,0.82466
-0.20149,0.2489,0.97025
-0.20987,0.14967,0.99937
-0.21663,-0.14496,0.10424
-0.20635,0.10202,0.54039
-0.20429,0.11599,0.64808
-0.19623,0.16127,0.77824
-0.19199,0.24428,0.933
-0.19282,0.1978,0.98986
-0.21023,-0.13911,0.072827
-0.19096,0.11694,0.51363
-0.19478,0.12001,0.61405
-0.19148,0.15063,0.73436
-0.18417,0.21611,0.87178
-0.1804,0.23115,0.98289
-0.20024,-0.14864,0.035529
-0.19669,-0.19014,0.10404
-0.18155,0.12835,0.5702
-0.18353,0.14234,0.67382
-0.1776,0.19482,0.81466
-0.17432,0.28217,0.96747
-0.17701,0.1911,0.99725
-0.19458,-0.17088,0.1048
-0.16961,0.14139,0.58073
-0.17528,0.15304,0.68499
-0.1674,0.2073,0.81963
-0.15787,0.2866,0.97101
-0.16869,0.1957,0.9984
-0.18055,-0.18291,0.1053
-0.15965,0.15277,0.59436
-0.15759,0.17515,0.70175
-0.1573,0.22349,0.8329
-0.15766,0.28273,0.97241
-0.15963,0.10964,0.1058
-0.14916,0.15892,0.49179
-0.15796,0.1526,0.57647
-0.1567,0.17375,0.69353
-0.14957,0.22779,0.82542
-0.14821,0.28912,0.97299
-0.14606,0.21587,0.99895
-0.15385,-0.11693,0.10914
-0.14573,0.16266,0.54086
-0.14541,0.17379,0.64133
-0.14368,0.21057,0.77004
-0.13782,0.28939,0.91897
-0.1399,0.25583,0.98713
-0.1368,0.096581,0.10761
-0.14335,-0.15376,0.10862
-0.13042,0.18033,0.57839
-0.12777,0.19975,0.68134
-0.13072,0.23922,0.80925
-0.12608,0.32719,0.9658
-0.13286,0.23776,0.99551
-0.12867,-0.097558,0.075648
-0.12216,0.18591,0.49248
-0.11914,0.19406,0.60174
-0.12294,0.20944,0.70047
-0.11878,0.26765,0.8452
-0.12049,0.31622,0.97143
-0.1339,-0.19203,0.68636
-0.11612,0.082115,0.10939
-0.1267,-0.13845,0.11017
-0.10632,0.204,0.57422
-0.10967,0.21719,0.67829
-0.11192,0.25726,0.80758
-0.1061,0.34556,0.96471
-0.11246,0.26524,0.99206
-0.10601,0.11183,0.1084
-0.11215,-0.08914,0.10394
-0.10683,0.20113,0.50623
-0.10248,0.21083,0.6028
-0.097473,0.24565,0.73735
-0.10088,0.29872,0.87047
-0.09866,0.32417,0.97469
-0.11515,-0.21079,0.68263
-0.096891,0.089102,0.11
-0.10441,-0.10068,0.11282
-0.08977,0.21806,0.52236
-0.094813,0.22025,0.61577
-0.093805,0.24634,0.72846
-0.091046,0.307,0.86751
-0.088978,0.3233,0.97776
-0.10782,-0.23181,0.69047
-0.084237,0.069027,0.11166
-0.091277,-0.11358,0.11323
-0.082362,0.22616,0.54349
-0.084337,0.23609,0.64896
-0.081827,0.27279,0.77098
-0.079314,0.34872,0.92037
-0.08425,0.31352,0.98271
-0.099357,-0.30038,0.68129
-0.082381,0.036297,0.1134
-0.085118,-0.12825,0.11315
-0.075716,0.23443,0.57259
-0.078191,0.24723,0.67177
-0.072851,0.29356,0.80071
-0.067722,0.38522,0.9585
-0.071197,0.30506,0.98952
-0.069964,0.097428,0.11094
-0.072522,-0.068947,0.074983
-0.058676,0.24933,0.5015
-0.062444,0.24922,0.58707
-0.063608,0.26802,0.69775
-0.066048,0.30789,0.81797
-0.061823,0.37906,0.96385
-0.060056,0.30012,0.9945
-0.05717,0.078817,0.11253
-0.061091,-0.063123,0.099442
-0.058626,0.24926,0.5161
-0.056611,0.25817,0.61405
-0.052465,0.28961,0.73424
-0.049126,0.354,0.87725
-0.056177,0.36226,0.9719
-0.067885,-0.25805,0.66718
-0.046406,0.050298,0.11451
-0.048685,-0.056802,0.11111
-0.050652,0.25732,0.5053
-0.044747,0.26884,0.60541
-0.048506,0.28789,0.71495
-0.047193,0.34263,0.85175
-0.045589,0.38181,0.96699
-0.052938,-0.33207,0.54718
-0.039513,0.06942,0.079608
-0.036625,0.013853,0.11685
-0.045646,-0.10042,0.11656
-0.040526,0.26943,0.57078
-0.037082,0.28939,0.67652
-0.037366,0.3297,0.80235
-0.03095,0.38786,0.93388
-0.029258,0.33842,0.98824
-0.044275,-0.28719,0.63673
-0.030185,0.034892,0.11611
-0.032264,-0.057141,0.11882
-0.028639,0.27981,0.54196
-0.02944,0.28983,0.64177
-0.028319,0.32054,0.75438
-0.024534,0.38145,0.89692
-0.028366,0.37044,0.97592
-0.028326,-0.30746,0.56065
-0.016501,0.046408,0.089983
-0.016034,-0.020919,0.11964
-0.016073,0.29184,0.51191
-0.016689,0.29638,0.60045
-0.019987,0.31486,0.70937
-0.013531,0.36998,0.83883
-0.022534,0.37944,0.94031
-0.020906,0.33892,0.99022
-0.027959,-0.29798,0.62772
-0.0099866,0.00010978,0.11889
-0.0083379,0.29973,0.49395
-0.012797,0.29896,0.58796
-0.010013,0.32141,0.697
-0.0028586,0.35977,0.81673
-0.0087138,0.36563,0.91557
-0.0061008,0.3511,0.98928
0.00022066,0.029686,0.10284
0.0033607,-0.023583,0.15961
0.0023221,0.31155,0.55822
0.0035547,0.32921,0.67281
-0.001692,0.35694,0.7811
-0.0016051,0.35852,0.87623
0.0015882,0.35532,0.95267
0.0086771,0.02123,0.11705
0.012014,0.32008,0.49386
0.0090066,0.3199,0.57972
0.0092731,0.33763,0.68515
0.0096502,0.34726,0.78641
0.008347,0.34856,0.86847
0.0090777,0.34783,0.95251
0.021816,0.0080914,0.10347
0.013355,0.32135,0.50245
0.014142,0.32693,0.59781
0.014155,0.34276,0.69512
0.021546,0.33537,0.77764
0.015611,0.3413,0.87748
0.020499,-0.27061,0.48768
0.033796,0.0060228,0.12026
0.022538,0.33045,0.5121
0.020963,0.33489,0.60866
0.025208,0.3317,0.69396
0.024925,0.33199,0.78414
0.027231,0.32968,0.87812
0.035564,-0.29291,0.48768
0.044061,0.012388,0.11953
0.038181,0.31873,0.50249
0.036426,0.32049,0.60075
0.03794,0.31897,0.68197
0.034474,0.32244,0.77714
0.035461,0.32145,0.86788
0.043886,-0.29719,0.48768
0.056308,0.029277,0.11805
0.043597,0.31331,0.48662
0.048013,0.3089,0.56753
0.045616,0.3113,0.66347
0.042417,0.31449,0.74971
0.050992,-0.12933,0.48768
0.061518,-0.25824,0.48768
0.057897,0.060682,0.10119
0.064353,-0.019248,0.12157
0.057376,0.29954,0.51518
0.05391,0.303,0.60398
0.053743,0.30317,0.69978
0.063113,-0.061636,0.48768
0.067426,-0.19882,0.48768
0.069282,0.083026,0.079757
0.068518,0.030629,0.11757
0.065147,0.30546,0.48242
0.063633,0.30347,0.56805
0.062994,0.30283,0.65204
0.060712,0.2962,0.74145
0.073164,-0.12519,0.48768
0.076358,-0.27506,0.48768
0.076289,0.064621,0.11516
0.072549,0.27287,0.41256
0.070619,0.31045,0.53712
0.069807,0.30964,0.61944
0.075981,0.042989,0.48768
0.083456,-0.082402,0.48768
0.086334,-0.20942,0.48768
0.089786,0.10842,0.11193
0.086054,0.011282,0.11823
0.081119,0.30311,0.50036
0.080093,0.30413,0.5874
0.077181,0.31702,0.68689
0.09241,-0.020702,0.48768
0.093732,-0.14324,0.48768
0.09599,-0.29949,0.48768
0.097671,0.04027,0.11601
0.090997,0.29323,0.45787
0.088944,0.29528,0.54122
0.091676,0.33151,0.67223
0.099474,0.011574,0.48768
0.10458,-0.11422,0.48768
0.11022,-0.25146,0.48768
0.10948,0.061568,0.11427
0.098042,0.25887,0.41157
0.098968,0.28526,0.5143
0.098571,0.28565,0.60705
0.098237,0.26678,0.69047
0.10791,-0.08552,0.48768
0.11765,-0.21503,0.48768
0.11653,0.077445,0.11303
0.12104,-0.053205,0.11739
0.11228,0.24288,0.48768
0.11521,0.13429,0.48768
0.11224,0.26044,0.69047
0.12835,-0.10185,0.48768
0.12784,-0.23371,0.48768
0.12985,-0.031956,0.062888
0.1342,-0.0757,0.11621
0.12094,0.21577,0.48768
0.1139,0.32495,0.67365
0.12494,-0.0084771,0.48768
0.14004,-0.13077,0.48768
0.14431,-0.26609,0.48768
0.14608,-0.04309,0.11573
0.12987,0.25435,0.48363
0.12722,0.15994,0.48768
0.12538,0.28935,0.69047
0.14786,-0.079353,0.48768
0.14977,-0.20662,0.48768
0.14983,-0.03512,0.099166
0.13559,0.24863,0.47035
0.13725,0.16299,0.48768
0.13574,0.29763,0.69047
0.15211,-0.064063,0.48768
0.15965,-0.20125,0.48768
0.16027,-0.036774,0.094668
0.14637,0.23785,0.45593
0.15358,0.16018,0.48768
0.14692,0.29193,0.68702
0.16041,-0.060322,0.48768
0.16782,-0.18858,0.48768
0.17426,-0.038989,0.10728
0.15481,0.22941,0.47733
0.16623,0.1345,0.48768
0.15827,0.25646,0.69047
0.17488,-0.10067,0.48768
0.18311,-0.22951,0.48768
0.1841,-0.089446,0.11253
0.16635,0.18958,0.48768
0.17691,0.076213,0.48768
0.1643,0.20378,0.69047
0.18924,-0.16997,0.48768
0.19495,-0.042267,0.10664
0.1744,0.20982,0.48744
0.18156,0.11127,0.48768
0.17484,0.22276,0.69047
0.20341,-0.14352,0.48768
0.19959,-0.043001,0.1014
0.18412,0.20011,0.47385
0.19293,0.10932,0.48768
0.18411,0.23713,0.69047
0.21088,-0.127,0.48768
0.21678,-0.046006,0.11071
0.2006,0.18363,0.47823
0.20632,0.089656,0.48768
0.19159,0.22374,0.69047
0.2196,-0.16182,0.48768
0.22681,-0.06133,0.10983
0.21173,0.16043,0.48768
0.21378,0.048443,0.48768
0.20571,0.17167,0.69047
0.23105,-0.047984,0.062972
0.21841,0.1385,0.41891
0.21953,0.11324,0.48768
0.21373,0.22512,0.68387
0.2419,-0.13316,0.48768
0.24716,-0.054914,0.10847
0.22437,0.13992,0.48768
0.23799,0.030268,0.48768
0.22705,0.15397,0.69047
0.25704,-0.0521,0.094387
0.24286,0.14136,0.46332
0.24298,0.055462,0.48768
0.2346,0.18581,0.69047
0.25895,-0.052403,0.064218
0.25361,0.1033,0.42215
0.25696,0.073043,0.48768
0.24206,0.18474,0.69047
0.28039,-0.067167,0.04227
0.27939,-0.10919,0.10559
0.26721,0.083501,0.48768
0.25342,0.18544,0.67871
0.28542,-0.059331,0.037479
0.29205,-0.08981,0.10491
0.27143,0.088442,0.48768
0.28119,-0.02508,0.48768
0.27367,0.098871,0.68708
0.29707,-0.05844,0.10367
0.27996,0.10427,0.47289
0.29334,0.013557,0.48768
0.27656,0.13592,0.69025
0.31175,-0.060322,0.056645
0.28757,0.09666,0.44942
0.29398,0.031697,0.48768
0.28402,0.15483,0.68255
0.3125,-0.047784,0.0462
0.31578,-0.10405,0.10308
0.309,0.039864,0.48768
0.31728,-0.074243,0.48768
0.32509,-0.060371,0.050794
0.33289,-0.11699,0.10173
0.31455,0.024252,0.48768
0.29874,0.14011,0.68546
0.33195,-0.063965,0.07819
0.32438,0.05985,0.48879
0.32732,0.048943,0.57732
0.34003,0.016885,0.42882
0.33315,0.054016,0.55538
0.34929,0.007621,0.43044
0.34115,0.062317,0.5724
0.35571,0.0012022,0.44487
0.35222,0.083677,0.60776
0.36249,0.076362,0.60755
-0.24474,-0.17546,0.057012
-0.32166,-0.081827,0.68428
-0.24422,-0.15643,0.10058
-0.2974,-0.092987,0.69047
-0.21579,-0.18838,0.69047
-0.22228,-0.17442,0.10292
-0.27572,-0.10148,0.69047
-0.20319,-0.19209,0.69047
-0.22293,-0.14558,0.071457
-0.18965,-0.19004,0.10449
-0.2384,-0.12679,0.69047
-0.15917,-0.22453,0.69047
-0.21906,-0.14361,0.064968
-0.29107,-0.061735,0.46132
-0.29629,-0.056455,0.57063
-0.29315,-0.053318,0.67165
-0.24069,-0.12104,0.69047
-0.15586,-0.21714,0.69047
-0.20533,-0.13662,0.068207
-0.31689,-0.008846,0.49644
-0.28982,-0.049981,0.54505
-0.32925,0.0035191,0.70188
-0.34624,0.027498,0.81752
-0.37882,0.062851,0.94126
-0.34231,0.019299,0.98725
-0.16333,-0.17099,0.10679
-0.31551,-0.0055283,0.57103
-0.32123,0.0030303,0.66646
-0.33803,0.020937,0.78195
-0.36399,0.064637,0.92132
-0.35043,0.040216,0.97863
-0.16451,-0.16448,0.10692
-0.30599,0.0028908,0.55108
-0.31321,0.0058561,0.64055
-0.32548,0.023215,0.75391
-0.34792,0.055711,0.87822
-0.35265,0.05858,0.973
-0.18124,-0.12434,0.10431
-0.29637,0.011476,0.52028
-0.30061,0.014552,0.61635
-0.31125,0.029783,0.73113
-0.33399,0.058427,0.85673
-0.36071,0.084692,0.96306
-0.17616,-0.12175,0.087206
-0.29293,0.015152,0.49169
-0.2963,0.015842,0.5916
-0.30186,0.029707,0.69754
-0.32019,0.050962,0.81188
-0.35581,0.086585,0.94236
-0.32294,0.046505,0.98778
-0.13415,-0.15563,0.10914
-0.28814,0.020882,0.55389
-0.29045,0.029737,0.64743
-0.30412,0.047552,0.76276
-0.32882,0.079122,0.88614
-0.3302,0.076454,0.97697
-0.15556,-0.11126,0.096106
-0.27696,0.031057,0.50023
-0.28097,0.031741,0.59709
-0.29085,0.039029,0.69146
-0.30588,0.067123,0.81593
-0.34142,0.095468,0.93395
-0.30689,0.066376,0.98857
-0.12097,-0.12822,0.11087
-0.27364,0.034155,0.52581
-0.27812,0.037472,0.61905
-0.28629,0.053867,0.7285
-0.30825,0.07778,0.84435
-0.33025,0.106,0.96893
-0.13639,-0.10149,0.083307
0.041514,-0.30158,0.027159
-0.26354,0.045088,0.54584
-0.27241,0.048157,0.64963
-0.28215,0.063498,0.74486
-0.30599,0.091573,0.86659
-0.31489,0.10068,0.97621
-0.13223,-0.09937,0.099726
0.053801,-0.29631,0.04517
-0.2584,0.050621,0.55394
-0.26738,0.055445,0.65991
-0.28111,0.072814,0.76922
-0.30997,0.10435,0.89701
-0.30656,0.098931,0.97979
-0.11176,-0.10071,0.11235
0.04257,-0.27169,0.076623
-0.25108,0.058602,0.56762
-0.26226,0.063884,0.67503
-0.27989,0.081547,0.78815
-0.30843,0.1126,0.90844
-0.29222,0.099901,0.9848
-0.10937,-0.093885,0.11272
-0.19571,0.0072974,0.41651
-0.24426,0.06745,0.58748
-0.25707,0.071846,0.68768
-0.27297,0.092977,0.79954
-0.30116,0.12979,0.92487
-0.28175,0.097892,0.98922
-0.086494,-0.096255,0.1141
-0.18755,0.017328,0.41995
-0.24148,0.069261,0.57828
-0.25094,0.07774,0.68661
-0.26472,0.098284,0.7921
-0.29773,0.13408,0.92619
-0.27619,0.10552,0.9891
-0.074837,-0.095407,0.11487
-0.18209,0.022499,0.41942
-0.23689,0.073772,0.57749
-0.2449,0.083834,0.68685
-0.26084,0.10104,0.78928
-0.29307,0.13779,0.92474
-0.26453,0.11406,0.99091
-0.068795,-0.094415,0.11529
-0.17361,0.029733,0.41713
-0.23036,0.080859,0.58278
-0.23425,0.093438,0.68208
-0.25568,0.10777,0.79326
-0.28895,0.14603,0.93104
-0.26443,0.11817,0.98973
-0.048242,-0.099672,0.11642
0.054009,-0.21193,0.11157
-0.22238,0.087119,0.56391
-0.2319,0.095071,0.67881
-0.24595,0.1152,0.78744
-0.27764,0.14597,0.91283
-0.26465,0.13494,0.98469
-0.056342,-0.072448,0.11679
0.033463,-0.16167,0.11535
-0.21523,0.092644,0.53012
-0.21901,0.097191,0.62282
-0.23119,0.11205,0.73769
-0.25032,0.13769,0.84826
-0.27535,0.15956,0.9736
-0.052863,-0.05893,0.087943
0.021251,-0.13708,0.090912
-0.206,0.10206,0.49393
-0.21099,0.10184,0.59818
-0.22121,0.11167,0.70227
-0.23971,0.13078,0.81045
-0.27041,0.17222,0.94273
-0.23724,0.13835,0.99344
-0.023549,-0.084143,0.1185
0.060575,-0.15969,0.11518
-0.20185,0.10714,0.55325
-0.2098,0.11269,0.65842
-0.22199,0.13139,0.76781
-0.24571,0.15922,0.88071
-0.25153,0.1618,0.98131
-0.035484,-0.050075,0.10795
0.033223,-0.1248,0.11795
-0.19452,0.11344,0.50758
-0.1948,0.11868,0.60436
-0.20924,0.12715,0.71493
-0.23,0.15244,0.83652
-0.2652,0.18979,0.96163
-0.029287,-0.046918,0.063419
0.015155,-0.08465,0.12071
0.0036003,-0.068229,0.23683
-0.19121,0.11965,0.57941
-0.19985,0.12841,0.68469
-0.21381,0.15145,0.79781
-0.24469,0.18746,0.92671
-0.22443,0.16331,0.99017
-0.017052,-0.040684,0.10797
-0.0032286,-0.050276,0.18995
-0.17906,0.12886,0.5119
-0.18209,0.13239,0.61217
-0.19227,0.14682,0.72464
-0.22041,0.16347,0.83965
-0.25353,0.20098,0.96856
-0.1102,0.067785,0.11041
-0.039356,0.0023225,0.11729
-0.0026066,-0.036499,0.16483
-0.17678,0.13134,0.48809
-0.17541,0.13501,0.57516
-0.18103,0.14671,0.68233
-0.20386,0.16122,0.79736
-0.23358,0.2011,0.93058
-0.21436,0.17226,0.99087
-0.054679,0.019951,0.11563
0.00088505,-0.027433,0.14408
4.6353e-005,-0.029458,0.24683
-0.16772,0.14126,0.55312
-0.1751,0.14637,0.65372
-0.18598,0.16422,0.75835
-0.21789,0.18628,0.87924
-0.21996,0.19558,0.98156
-0.059497,0.049558,0.11389
-0.0014718,-0.012424,0.11995
0.0068013,-0.019099,0.20933
-0.16253,0.1453,0.52185
-0.16839,0.14882,0.62903
-0.17561,0.1631,0.72328
-0.19875,0.19076,0.85115
-0.23106,0.21566,0.97145
-0.078937,0.083243,0.11121
-0.018747,0.013655,0.11776
0.012002,-0.014628,0.18403
-0.15432,0.15371,0.49892
-0.15392,0.15855,0.59475
-0.1633,0.16779,0.69583
-0.18371,0.18426,0.80463
-0.2246,0.21877,0.94385
-0.18918,0.18334,0.99569
-0.030004,0.036868,0.11602
0.026286,-0.0076211,0.14269
0.022269,-0.0090167,0.257
-0.15033,0.15911,0.56268
-0.15383,0.16877,0.65887
-0.17379,0.18107,0.77161
-0.20549,0.2124,0.90308
-0.19847,0.2077,0.98481
-0.013302,0.042861,0.11656
0.029513,-0.0071962,0.16355
0.037606,-0.0066801,0.24699
-0.13884,0.17149,0.57438
-0.15067,0.17436,0.66994
-0.17056,0.19259,0.79248
-0.19793,0.2255,0.91254
-0.18581,0.21691,0.98588
0.032135,0.0048953,0.12039
0.043449,-0.0074493,0.2062
-0.13212,0.17648,0.54516
-0.1402,0.17917,0.64243
-0.15384,0.19221,0.74603
-0.18031,0.21793,0.86787
-0.19858,0.23651,0.97529
0.038167,0.013389,0.11965
0.11372,-0.051995,0.11792
-0.1259,0.18204,0.53134
-0.12882,0.18629,0.61607
-0.14855,0.19418,0.73616
-0.17061,0.22028,0.8538
-0.19615,0.24857,0.97207
0.039804,0.025173,0.077697
0.082089,-0.011729,0.11983
-0.064174,0.13749,0.41453
-0.12136,0.18963,0.58063
-0.13312,0.19364,0.67783
-0.15322,0.21203,0.79779
-0.1836,0.2413,0.91503
-0.16624,0.22714,0.98875
0.052038,0.027568,0.1183
0.13664,-0.050136,0.11632
-0.1161,0.19181,0.53066
-0.12086,0.19732,0.63502
-0.13114,0.21203,0.73747
-0.15907,0.23193,0.85401
-0.17662,0.25887,0.97478
0.052235,0.049569,0.099829
0.14087,-0.0337,0.081826
-0.105,0.20306,0.49421
-0.10984,0.20234,0.59194
-0.12078,0.20952,0.69294
-0.14202,0.22625,0.80538
-0.17217,0.26505,0.93446
-0.14228,0.22675,0.9964
0.09087,0.01874,0.1176
0.19198,-0.074143,0.11215
-0.10078,0.20941,0.57295
-0.11254,0.21462,0.6797
-0.12563,0.2355,0.78738
-0.16474,0.26035,0.91535
-0.13948,0.24803,0.98994
0.08076,0.052723,0.11577
0.19138,-0.056427,0.11239
-0.095948,0.21306,0.5537
-0.1016,0.22391,0.67213
-0.12018,0.23457,0.77131
-0.14642,0.26756,0.89641
-0.14988,0.26047,0.98246
0.06385,0.072367,0.11292
0.19574,-0.043076,0.11223
-0.090948,0.21791,0.55044
-0.094169,0.22782,0.65611
-0.11289,0.24102,0.7692
-0.13489,0.26816,0.8771
-0.14335,0.27335,0.98004
0.070065,0.084563,0.10919
0.20693,-0.044164,0.1034
-0.083083,0.2262,0.55945
-0.088351,0.23674,0.67024
-0.10838,0.24741,0.77394
-0.13647,0.27954,0.89988
-0.12933,0.27153,0.98483
0.073428,0.091164,0.10924
0.22126,-0.046433,0.10959
-0.078103,0.23172,0.56946
-0.083597,0.24206,0.67283
-0.10543,0.25468,0.78482
-0.1377,0.28732,0.91524
-0.11556,0.2749,0.98771
0.10297,0.084119,0.11305
-0.06769,0.24023,0.51117
-0.069247,0.24533,0.61276
-0.084352,0.25278,0.71758
-0.10461,0.27713,0.83499
-0.14842,0.30746,0.96301
0.082724,0.10941,0.063345
0.1172,0.075552,0.11313
-0.065246,0.2426,0.52002
-0.063698,0.25048,0.61028
-0.077007,0.25902,0.71362
-0.099124,0.28189,0.8334
-0.13876,0.3177,0.96561
0.090737,0.12513,0.067502
0.12772,0.092008,0.11175
-0.052876,0.25504,0.51231
-0.061461,0.25188,0.60306
-0.06937,0.26889,0.72167
-0.09274,0.29088,0.83907
-0.13724,0.3201,0.96523
0.095034,0.13357,0.064253
0.29203,-0.051558,0.024489
-0.052802,0.25598,0.54895
-0.051594,0.2666,0.63512
-0.069726,0.27558,0.74382
-0.096218,0.3058,0.87513
-0.10374,0.31253,0.97754
0.10041,0.14412,0.10494
0.30095,-0.045218,0.039903
-0.045161,0.26439,0.56499
-0.051429,0.27168,0.66122
-0.071699,0.28653,0.78007
-0.09963,0.32071,0.90726
-0.08966,0.30938,0.98269
0.11661,0.13708,0.10924
-0.036918,0.2714,0.53925
-0.038039,0.27936,0.63018
-0.05632,0.29065,0.74878
-0.085338,0.31193,0.86601
-0.097796,0.33066,0.97255
0.10916,0.16129,0.10289
-0.02635,0.28161,0.50715
-0.033396,0.27973,0.60106
-0.040624,0.29297,0.70484
-0.066113,0.31103,0.82494
-0.10161,0.34571,0.9499
0.11229,0.16743,0.075584
-0.026135,0.28192,0.49485
-0.022348,0.28975,0.59121
-0.033747,0.29973,0.70441
-0.058633,0.31536,0.81808
-0.095153,0.34686,0.94178
-0.051882,0.31007,0.99298
0.15697,0.14695,0.1073
-0.019731,0.29008,0.5694
-0.021688,0.30102,0.65937
-0.041063,0.31805,0.78231
-0.072465,0.33989,0.89365
-0.071716,0.33485,0.97817
0.13167,0.17362,0.10642
-0.011629,0.29624,0.51782
-0.014272,0.29972,0.60914
-0.023562,0.31313,0.716
-0.051008,0.32881,0.83079
-0.088728,0.36157,0.96339
0.12542,0.20131,0.053292
0.16012,0.16689,0.10593
-0.0063208,0.30371,0.57143
-0.013779,0.31313,0.67852
-0.029571,0.33258,0.78997
-0.065693,0.35336,0.90508
-0.053335,0.34226,0.98035
0.13433,0.19479,0.10499
0.0048163,0.31263,0.52425
-0.003435,0.3119,0.61745
-0.01151,0.32825,0.72706
-0.036866,0.35054,0.84712
-0.068875,0.37504,0.9636
0.13568,0.20925,0.054325
0.17688,0.17339,0.10497
0.0074876,0.3172,0.56837
0.0010799,0.32642,0.67139
-0.018344,0.33992,0.78016
-0.051805,0.36981,0.90943
-0.030265,0.3551,0.98144
0.14779,0.21425,0.10331
0.013361,0.32128,0.53095
0.010909,0.32858,0.63189
-1.9662e-005,0.34375,0.73927
-0.028408,0.36623,0.86098
-0.044839,0.37563,0.9696
0.14327,0.22823,0.080088
0.020712,0.32865,0.50892
0.062987,0.30282,0.57118
0.0079594,0.3445,0.71544
-0.018822,0.36595,0.84158
-0.055068,0.39485,0.95941
0.14763,0.23679,0.064609
0.070711,0.29992,0.46121
0.066258,0.30609,0.56969
0.069267,0.3091,0.659
-0.013622,0.36915,0.83724
-0.046874,0.40157,0.9589
0.18204,0.22691,0.07785
0.07102,0.31085,0.54689
0.10488,0.28252,0.69047
0.21088,0.20226,0.69047
0.19633,0.21963,0.07503
0.14717,0.27074,0.69047
0.24662,0.17978,0.69047
0.12201,0.30257,0.69047
0.22514,0.20881,0.69047
0.14626,0.28693,0.69047
-0.06137,-0.33677,0.5917
0.054071,-0.3443,0.062804
0.017968,-0.34391,0.43376
-0.06149,-0.33436,0.59875
0.04928,-0.33886,0.057531
0.0028034,-0.32874,0.41952
-0.042166,-0.3213,0.55428
0.03303,-0.32338,0.0096133
0.051451,-0.32776,0.091586
-0.040265,-0.31299,0.48062
-0.039275,-0.31723,0.58179
0.041452,-0.3131,0.049271
0.091707,-0.31881,0.10361
-0.030203,-0.30851,0.50342
-0.10359,-0.30429,0.66646
0.047843,-0.30498,0.069384
-0.058685,-0.29457,0.44909
0.0092019,-0.3046,0.48768
-0.046407,-0.29237,0.66161
0.060113,-0.30008,0.10528
-0.065937,-0.28732,0.48389
0.055703,-0.29104,0.48768
-0.069175,-0.28399,0.67649
0.071786,-0.28445,0.10626
-0.077147,-0.27326,0.48768
0.05795,-0.28068,0.48768
-0.064009,-0.27544,0.67767
0.074631,-0.27553,0.10685
-0.073459,-0.26131,0.48768
0.037815,-0.27521,0.48768
-0.081446,-0.25984,0.68657
0.079871,-0.26709,0.10739
-0.077588,-0.25635,0.48768
0.044349,-0.26298,0.48768
-0.079144,-0.25567,0.68684
0.092936,-0.25766,0.10791
-0.071531,-0.25064,0.48768
0.043652,-0.25491,0.48768
0.037974,-0.24267,0.064657
-0.093296,-0.23264,0.41045
-0.062604,-0.2327,0.48768
-0.17926,-0.22862,0.67887
0.035928,-0.22975,0.067981
0.09011,-0.23784,0.10934
-0.095668,-0.22303,0.48768
-0.19131,-0.21657,0.67349
0.16189,-0.2389,0.48768
0.06689,-0.22194,0.11072
-0.11426,-0.20652,0.48768
-0.00047596,-0.21815,0.48768
-0.12215,-0.20905,0.69047
0.032985,-0.21117,0.11049
-0.14869,-0.20456,0.47929
-0.040386,-0.20526,0.48768
-0.16504,-0.20217,0.69047
0.032183,-0.2061,0.064608
0.088039,-0.20345,0.11179
-0.12541,-0.18907,0.48768
-0.0072386,-0.20001,0.48768
-0.13435,-0.19217,0.69047
0.029273,-0.18773,0.076651
-0.17062,-0.18263,0.45156
-0.098256,-0.18531,0.48768
-0.23317,-0.17471,0.68941
0.1351,-0.19387,0.48768
0.028704,-0.18414,0.08739
-0.18521,-0.16805,0.46536
-0.094813,-0.17331,0.48768
-0.23701,-0.1629,0.69047
0.14971,-0.18862,0.48768
0.026534,-0.17044,0.098921
-0.16493,-0.16101,0.42117
-0.12659,-0.16581,0.48768
-0.24948,-0.15811,0.69047
0.11851,-0.17322,0.48768
0.025208,-0.16207,0.086934
-0.2057,-0.14756,0.45318
-0.13997,-0.15245,0.48768
-0.26231,-0.14557,0.6817
0.089124,-0.16176,0.48768
0.22145,-0.17755,0.48768
0.025665,-0.15342,0.11602
-0.21184,-0.14141,0.484
-0.10642,-0.14444,0.48768
-0.24303,-0.1364,0.69047
0.13513,-0.16055,0.48768
-0.12135,-0.13852,0.11051
0.025455,-0.14083,0.11691
-0.22459,-0.12866,0.48646
-0.12221,-0.13626,0.48768
-0.25087,-0.13397,0.69047
0.11097,-0.13999,0.48768
0.24899,-0.1516,0.48768
0.019586,-0.12657,0.091015
-0.23041,-0.12284,0.4589
-0.16967,-0.12112,0.48768
-0.29142,-0.11331,0.69047
0.067626,-0.13103,0.48768
0.1914,-0.14319,0.48768
-0.079523,-0.11386,0.11397
0.019512,-0.12445,0.11813
-0.24353,-0.10972,0.47178
-0.15402,-0.11257,0.48768
-0.28968,-0.10714,0.69047
0.078827,-0.1192,0.48768
0.21259,-0.12454,0.48768
-0.080272,-0.11339,0.11394
0.016668,-0.10815,0.10682
-0.25453,-0.098728,0.48359
-0.15791,-0.10678,0.48768
-0.28665,-0.10253,0.69047
0.072252,-0.11163,0.48768
0.21006,-0.11659,0.48768
-0.090683,-0.097855,0.11378
0.015749,-0.10234,0.11363
-0.26399,-0.089266,0.46372
-0.18104,-0.093039,0.48768
-0.31352,-0.08781,0.69047
0.044079,-0.099645,0.48768
0.16188,-0.10622,0.48768
0.29402,-0.10747,0.48768
-0.040275,-0.088526,0.11729
-0.24523,-0.080714,0.41228
-0.27379,-0.079459,0.52232
-0.27362,-0.079637,0.61929
-0.25358,-0.083476,0.69047
0.11147,-0.089004,0.48768
0.25276,-0.10434,0.48768
-0.065987,-0.078087,0.11599
0.018201,-0.080798,0.13819
-0.27717,-0.076088,0.50753
-0.28153,-0.071724,0.59971
-0.28997,-0.068316,0.69047
0.077515,-0.087113,0.48768
0.20951,-0.086834,0.48768
-0.078273,-0.071877,0.082105
-0.01617,-0.069698,0.11944
-0.28573,-0.067527,0.46481
-0.28834,-0.06491,0.56655
-0.29049,-0.062767,0.64576
0.01885,-0.071126,0.48768
0.13986,-0.077217,0.48768
0.27648,-0.08084,0.48768
-0.044266,-0.05455,0.10793
-0.002653,-0.054648,0.17083
-0.28893,-0.049092,0.5336
-0.29269,-0.052855,0.63097
-0.015627,-0.062575,0.48768
0.10076,-0.06527,0.48768
0.24204,-0.070208,0.48768
-0.024537,-0.044498,0.089989
-0.0026767,-0.054468,0.16547
-0.28385,-0.044019,0.52062
-0.28505,-0.045216,0.61132
-0.2769,-0.04904,0.69439
0.095569,-0.048251,0.48768
0.21846,-0.054811,0.48768
-0.014319,-0.036048,0.073037
-0.0034671,-0.043035,0.16217
-0.29104,-0.034897,0.52177
-0.29142,-0.034518,0.6181
-0.29256,-0.03338,0.70545
-0.2935,-0.032437,0.80036
0.22752,-0.037708,0.48768
-0.019886,-0.03048,0.068126
0.001066,-0.026997,0.15045
-0.29739,-0.028551,0.5243
-0.30222,-0.023723,0.61897
-0.29901,-0.026931,0.70518
-0.30474,-0.021198,0.80263
0.21005,-0.033701,0.48768
-0.030165,-0.020202,0.067679
0.006565,-0.019407,0.12604
-0.30786,-0.018084,0.52516
-0.30559,-0.020346,0.60836
-0.30707,-0.01887,0.70474
-0.30518,-0.020755,0.79031
-0.31083,-0.015112,0.88181
0.33646,-0.02324,0.48768
-0.024566,-0.0066345,0.11849
-0.31308,-0.012855,0.49676
-0.31459,-0.011345,0.58279
-0.31419,-0.011749,0.67262
-0.31815,-0.0077862,0.75972
-0.31628,-0.0096638,0.85003
0.27636,-0.015474,0.48768
-0.048861,-0.0014155,0.117
0.051646,-0.0035471,0.12029
-0.30419,0.0045859,0.54886
-0.32096,6.1616e-005,0.65166
-0.32413,-0.0018086,0.74454
-0.32729,0.0013504,0.83912
-0.32583,-0.00010771,0.92207
-0.065698,0.015331,0.080402
0.0052342,0.0075972,0.11928
-0.29377,0.014332,0.49036
-0.3054,0.0068698,0.5929
-0.32786,0.005461,0.70384
-0.33227,0.0063289,0.78991
-0.33389,0.0079457,0.88821
-0.33782,0.011876,0.97288
-0.063306,0.012939,0.11222
0.036741,0.019162,0.11461
-0.28788,0.019905,0.52799
-0.30475,0.012575,0.62978
-0.33143,0.014587,0.74596
-0.34597,0.020035,0.8437
-0.3439,0.017965,0.9232
-0.079492,0.029125,0.07732
-0.019419,0.026857,0.11706
0.085519,0.027516,0.11722
-0.28186,0.027667,0.56438
-0.29518,0.028533,0.66398
-0.32837,0.028806,0.77742
-0.34659,0.020654,0.88395
-0.35358,0.031165,0.97975
0.32803,0.028878,0.57441
-0.078449,0.033494,0.11374
0.048169,0.041589,0.094809
-0.27278,0.035113,0.5148
-0.27461,0.040104,0.61361
-0.30104,0.035937,0.71702
-0.35578,0.037237,0.85787
-0.35957,0.033633,0.94879
0.32267,0.043537,0.52531
0.31061,0.046305,0.64871
-0.035238,0.046033,0.11529
0.074069,0.055656,0.1158
-0.26569,0.043119,0.54961
-0.27856,0.04171,0.64796
-0.30663,0.046052,0.76576
-0.36956,0.043621,0.90269
-0.34697,0.044216,0.97896
0.3314,0.05246,0.57125
-0.092189,0.057859,0.11182
0.056242,0.057435,0.099797
-0.25619,0.051753,0.50825
-0.25604,0.056967,0.59988
-0.28582,0.053135,0.72416
-0.34766,0.048588,0.86406
-0.36994,0.051817,0.96797
0.34754,0.06841,0.55238
-0.11584,0.066027,0.11021
0.066191,0.07696,0.081854
-0.24342,0.064675,0.49016
-0.24564,0.065573,0.58277
-0.26466,0.06434,0.68807
-0.30835,0.062726,0.81172
-0.37112,0.062875,0.96464
-0.29582,0.061925,0.99399
-0.090897,0.083132,0.11061
0.066835,0.077249,0.11466
-0.23918,0.069219,0.54106
-0.2474,0.072337,0.64465
-0.27294,0.076221,0.75528
-0.34693,0.07256,0.90582
-0.3319,0.070264,0.97801
-0.10943,0.0847,0.10959
0.074281,0.088543,0.1137
-0.22801,0.079826,0.52098
-0.23572,0.080803,0.62479
-0.26227,0.080231,0.7355
-0.32647,0.078054,0.87993
-0.33332,0.081564,0.9744
0.2808,0.097687,0.68559
0.078011,0.10016,0.071673
-0.21531,0.092784,0.4903
-0.21422,0.097142,0.58419
-0.2455,0.087818,0.70384
-0.29947,0.086438,0.84407
-0.34954,0.084372,0.96747
-0.26844,0.090148,0.99632
0.086154,0.11614,0.067236
-0.20919,0.098865,0.49502
-0.21028,0.10268,0.59946
-0.23981,0.09611,0.71322
-0.28619,0.096717,0.83752
-0.33667,0.096276,0.96913
-0.26239,0.098536,0.99616
0.089836,0.12337,0.067264
-0.19163,0.11647,0.49069
-0.20032,0.11162,0.58969
-0.22574,0.10958,0.71106
-0.26446,0.1137,0.82717
-0.32802,0.10895,0.96897
-0.24488,0.11413,0.99788
0.093791,0.13113,0.083002
-0.1889,0.11901,0.51158
-0.18538,0.12719,0.59569
-0.21045,0.12547,0.71325
-0.27829,0.11726,0.86274
-0.3065,0.11962,0.97395
0.21902,0.13789,0.67453
0.10181,0.14687,0.089416
-0.17766,0.13027,0.51072
-0.18566,0.12961,0.61707
-0.21684,0.12443,0.73182
-0.27598,0.12522,0.87355
-0.28916,0.13236,0.97671
0.24227,0.14924,0.69047
0.12035,0.15778,0.1078
-0.1693,0.13903,0.53951
-0.17679,0.14253,0.64207
-0.21717,0.13452,0.7628
-0.28085,0.13919,0.90674
-0.26258,0.13818,0.98447
0.27266,0.16412,0.69047
0.14699,0.16256,0.10663
-0.15536,0.15364,0.55341
-0.16885,0.15506,0.66485
-0.20527,0.15276,0.77959
-0.30555,0.14419,0.9536
-0.23992,0.1421,0.99137
0.13908,0.17838,0.036815
0.18149,0.18645,0.10399
-0.14307,0.16672,0.56917
-0.16985,0.16032,0.69248
-0.21444,0.16114,0.82155
-0.29437,0.15502,0.96817
-0.20293,0.15947,0.99874
0.1199,0.18236,0.097764
-0.13223,0.17565,0.51586
-0.14541,0.17091,0.62357
-0.16473,0.1746,0.7255
-0.24762,0.1633,0.89121
-0.25067,0.16744,0.97987
0.11885,0.19861,0.035031
0.15747,0.2,0.10391
-0.13215,0.17684,0.55339
-0.13653,0.18521,0.65495
-0.18542,0.17471,0.78485
-0.27938,0.16913,0.95172
-0.21392,0.17318,0.99073
0.12954,0.20128,0.071286
-0.11905,0.18904,0.4908
-0.12217,0.19044,0.59615
-0.14327,0.19132,0.70843
-0.18894,0.19036,0.82966
-0.24901,0.18293,0.97567
0.12665,0.21955,0.037608
0.16694,0.22269,0.10216
-0.10614,0.20347,0.56619
-0.12332,0.20325,0.677
-0.18193,0.19415,0.82264
-0.25078,0.19385,0.9717
-0.16785,0.20002,0.99724
0.1477,0.22647,0.10254
-0.10068,0.20905,0.56856
-0.10994,0.21359,0.66313
-0.15597,0.20836,0.79546
-0.25285,0.20339,0.96805
-0.16221,0.20949,0.9959
-0.078961,0.22885,0.5288
-0.10039,0.2189,0.64192
-0.13164,0.22042,0.76389
-0.20523,0.21843,0.91291
-0.18451,0.21746,0.98612
-0.067817,0.24023,0.53363
-0.081464,0.23849,0.64599
-0.12076,0.2347,0.7731
-0.22683,0.21812,0.94628
-0.15514,0.22965,0.99144
-0.066697,0.24227,0.55281
-0.079602,0.24343,0.66085
-0.12075,0.24434,0.79738
-0.22314,0.23371,0.9645
-0.14173,0.2368,0.99311
-0.053347,0.25621,0.56504
-0.070064,0.25595,0.67445
-0.12677,0.24572,0.8148
-0.20724,0.23816,0.97198
-0.11481,0.24889,0.99719
-0.043057,0.26758,0.57722
-0.064354,0.26675,0.69585
-0.11087,0.26347,0.81886
-0.18686,0.25116,0.97418
-0.03309,0.275,0.49105
-0.029421,0.28159,0.58082
-0.0551,0.27629,0.69688
-0.11841,0.26957,0.84821
-0.16868,0.26605,0.97475
-0.020177,0.2878,0.5049
-0.0276,0.28633,0.60873
-0.064663,0.27799,0.73594
-0.12277,0.28274,0.8818
-0.13166,0.27539,0.98277
-0.0026062,0.3052,0.52458
-0.013272,0.30387,0.62862
-0.066819,0.28943,0.7751
-0.13394,0.2906,0.91441
-0.094737,0.29276,0.98737
0.0037538,0.31265,0.55137
-0.0079366,0.31268,0.64983
-0.060076,0.30408,0.79502
-0.16329,0.29255,0.9673
-0.059301,0.30438,0.99313
0.014332,0.3247,0.57469
-0.014067,0.3169,0.69536
-0.078443,0.31011,0.84931
-0.12169,0.30666,0.97459
0.022971,0.33097,0.50214
0.010923,0.33379,0.66008
-0.051312,0.32025,0.81277
-0.13058,0.31672,0.96837
-0.035594,0.32725,0.99088
-0.035143,0.3341,0.80771
-0.12342,0.32688,0.96667
0.0046546,0.34532,0.73004
-0.079187,0.33613,0.8987
-0.054496,0.34472,0.9791
-0.036938,0.35101,0.84816
-0.071397,0.35121,0.97204
-0.05378,0.36521,0.90497
-0.021291,0.37311,0.86052
-0.040502,0.37798,0.96981
-0.041288,0.39354,0.9308
0.33036,-0.11439,0.10193
0.11059,-0.29482,0.48768
0.20049,-0.21519,0.48768
0.031958,-0.34613,0.43379
0.065276,-0.31476,0.48768
0.153,-0.25383,0.48768
0.24058,-0.17852,0.48768
0.020483,-0.34642,0.41253
0.020637,-0.3416,0.48768
0.11559,-0.27185,0.48768
0.20619,-0.19638,0.48768
0.29067,-0.10789,0.0046683
0.013564,-0.3395,0.44206
0.058272,-0.30377,0.48768
0.13861,-0.23112,0.48768
0.23093,-0.16221,0.48768
0.092758,-0.25908,0.10781
0.0068639,-0.3328,0.4516
0.042975,-0.29791,0.48768
0.13423,-0.22844,0.48768
0.21675,-0.15263,0.48768
0.31751,-0.069198,0.48768
0.25927,-0.10992,0.076943
0.0047883,-0.32562,0.48768
0.078338,-0.2546,0.48768
0.16998,-0.1854,0.48768
0.26135,-0.10045,0.48768
0.083783,-0.23873,0.10935
-0.0081836,-0.31776,0.42968
-0.052588,-0.35529,0.58164
0.11264,-0.21236,0.48768
0.20037,-0.13773,0.48768
0.30045,-0.065227,0.48768
0.090512,-0.22156,0.11048
-0.027394,-0.32586,0.48093
-0.057023,-0.35086,0.59882
0.12447,-0.195,0.48768
0.22182,-0.11113,0.48768
0.32482,-0.029853,0.48768
0.22013,-0.10372,0.079339
-0.035483,-0.31777,0.48783
-0.062998,-0.34488,0.6102
0.13622,-0.1726,0.48768
0.21829,-0.10477,0.48768
0.32168,-0.016352,0.48768
0.2034,-0.10107,0.082094
-0.039237,-0.31402,0.47951
0.034513,-0.24359,0.48768
-0.031647,-0.30055,0.64507
0.21547,-0.093621,0.48768
0.30503,-0.013974,0.48768
0.19283,-0.0994,0.083486
-0.047936,-0.30532,0.46555
0.010354,-0.25061,0.48768
-0.040033,-0.30179,0.65083
0.18776,-0.097783,0.48768
0.29431,-0.0090768,0.48768
0.061519,-0.19339,0.1128
0.20202,-0.081956,0.11135
-0.023774,-0.27221,0.48768
-0.08013,-0.32775,0.64952
0.15124,-0.11889,0.48768
0.24642,-0.037017,0.48768
0.32707,0.029842,0.50479
0.3243,0.03261,0.6131
0.081106,-0.17262,0.11404
-0.044817,-0.28112,0.41579
-0.028406,-0.265,0.48768
-0.088774,-0.31911,0.65006
0.13104,-0.12071,0.48768
0.23641,-0.031841,0.48768
0.3236,0.052042,0.49443
0.031911,-0.19599,0.11294
0.15444,-0.093319,0.09611
-0.065132,-0.28812,0.47397
0.00068247,-0.22731,0.48768
-0.079353,-0.29974,0.67455
0.165,-0.079145,0.48768
0.2662,0.0072977,0.48768
0.31204,0.056913,0.65594
0.06574,-0.15624,0.11537
0.16518,-0.061476,0.11418
-0.057327,-0.26912,0.48768
0.02255,-0.20062,0.48768
-0.058082,-0.26793,0.67822
0.20171,-0.033816,0.48768
0.2952,0.048229,0.48768
0.028354,-0.18193,0.11294
0.12584,-0.088791,0.086172
-0.065308,-0.26063,0.42459
-0.036973,-0.23871,0.48768
0.031978,-0.17071,0.48768
0.12971,-0.089636,0.48768
0.2173,-0.00032643,0.48768
0.29101,0.065906,0.65715
0.040762,-0.15715,0.11558
0.11486,-0.087051,0.10592
-0.08811,-0.26514,0.46356
-0.027366,-0.21577,0.48768
-0.11148,-0.2964,0.67947
0.14237,-0.059304,0.48768
0.23545,0.024339,0.48768
0.29237,0.08012,0.67738
0.049572,-0.13308,0.11718
0.12728,-0.063865,0.11683
-0.091787,-0.25534,0.48768
-0.010844,-0.18824,0.48768
-0.10162,-0.26855,0.68819
0.15454,-0.030347,0.48768
0.26018,0.055695,0.48768
0.022805,-0.1469,0.090987
0.068598,-0.095259,0.11964
-0.08752,-0.23842,0.42426
-0.057342,-0.22034,0.48768
0.017912,-0.14721,0.48768
0.10275,-0.075489,0.48768
0.19662,0.011906,0.48768
0.26918,0.087735,0.67544
0.026882,-0.12012,0.11835
0.10086,-0.06194,0.11871
-0.10184,-0.24212,0.48768
-0.020452,-0.16446,0.48768
-0.1176,-0.25674,0.69032
0.16077,-0.0044323,0.48768
0.25423,0.081982,0.48768
0.017645,-0.11432,0.093075
0.05497,-0.079915,0.13737
-0.11153,-0.24173,0.46497
-0.062584,-0.19021,0.48768
-0.14221,-0.26567,0.67691
0.11535,-0.033958,0.48768
0.19953,0.044706,0.48768
0.28868,0.12911,0.68922
0.036286,-0.087638,0.12054
0.043128,-0.084093,0.20646
-0.10278,-0.21882,0.48768
-0.033985,-0.15326,0.48768
-0.11189,-0.23474,0.69047
0.14258,0.0096212,0.48768
0.24804,0.10453,0.48768
0.015029,-0.097798,0.098487
0.030629,-0.08445,0.17608
-0.12591,-0.22734,0.46881
-0.063685,-0.16432,0.48768
-0.15062,-0.25726,0.68642
0.10601,-0.014037,0.48768
0.18951,0.072057,0.48768
0.25494,0.12991,0.69047
0.016455,-0.081615,0.12071
0.013129,-0.077737,0.22172
-0.11506,-0.20433,0.48768
-0.04086,-0.13405,0.48768
-0.13544,-0.22,0.69047
0.12926,0.026632,0.48768
0.22672,0.12059,0.48768
-0.033106,-0.11257,0.11626
0.0067076,-0.072278,0.15266
-0.12391,-0.20203,0.42373
-0.099067,-0.17926,0.48768
-0.013976,-0.10109,0.48768
0.063898,-0.027914,0.48768
0.14692,0.058758,0.48768
0.22219,0.13472,0.68572
-0.019877,-0.086521,0.11865
0.0012771,-0.065013,0.18368
-0.1447,-0.20855,0.46562
-0.089451,-0.15473,0.48768
-0.17496,-0.23292,0.68044
0.075772,0.0099147,0.48768
0.16665,0.097273,0.48768
0.24545,0.17028,0.69047
-0.0026014,-0.05504,0.12192
-0.00025631,-0.061311,0.21928
-0.14009,-0.19504,0.48768
-0.061895,-0.11489,0.48768
-0.14806,-0.20277,0.69047
0.11012,0.050048,0.48768
0.21606,0.15017,0.48768
-0.064278,-0.10357,0.11528
-0.0033793,-0.049132,0.13295
-0.14203,-0.18391,0.42032
-0.12858,-0.17081,0.48768
-0.051617,-0.090726,0.48768
0.031411,-0.0074493,0.48768
0.12386,0.081142,0.48768
0.21325,0.16774,0.48768
-0.043143,-0.075531,0.11753
-0.0023548,-0.035255,0.16182
-0.16625,-0.18701,0.46023
-0.11339,-0.13433,0.48768
-0.18909,-0.21879,0.67676
0.054137,0.020547,0.48768
0.14186,0.11027,0.48768
0.21918,0.19469,0.69047
-0.018592,-0.031775,0.099642
0.045415,0.036184,0.10673
-0.17064,-0.18261,0.48691
-0.096192,-0.11304,0.48768
-0.18705,-0.20271,0.69047
0.074341,0.064616,0.48768
0.1624,0.14078,0.48768
-0.080539,-0.085785,0.11482
-0.013226,-0.017129,0.11959
-0.16485,-0.16109,0.41872
-0.13955,-0.14108,0.48768
-0.059992,-0.06114,0.48768
0.019013,0.016211,0.48768
0.10366,0.10284,0.48768
0.1787,0.17821,0.68934
-0.023667,-0.0085627,0.11863
-0.18296,-0.1703,0.45049
-0.13896,-0.12515,0.48768
-0.2132,-0.19468,0.67347
0.019585,0.029672,0.48768
0.11398,0.12151,0.48768
0.18599,0.19397,0.69047
-0.020978,0.0080184,0.11793
-0.18906,-0.16195,0.48768
-0.11435,-0.091999,0.48768
-0.20651,-0.18286,0.69047
0.047236,0.08367,0.48768
0.13986,0.17713,0.48768
-0.045962,-0.0044048,0.064036
-0.0095942,0.028722,0.11746
-0.17836,-0.13771,0.48768
-0.10449,-0.06355,0.48768
-0.19089,-0.15115,0.69047
0.069806,0.1087,0.48768
0.15446,0.20505,0.48768
-0.0502,-0.00016676,0.091228
-0.18667,-0.13927,0.42296
-0.16209,-0.11146,0.48768
-0.088018,-0.039342,0.48768
-0.0058955,0.044092,0.48768
0.076228,0.14338,0.48768
0.14677,0.21085,0.69047
-0.059063,0.0086961,0.1137
-0.20891,-0.14434,0.48129
-0.14576,-0.08531,0.48768
-0.22603,-0.16829,0.69047
0.019739,0.090817,0.48768
0.11286,0.19191,0.48768
-0.064763,0.014397,0.07308
-0.028382,0.054224,0.11523
-0.19317,-0.11385,0.48768
-0.12428,-0.044852,0.48768
-0.030153,0.049045,0.48768
0.042782,0.12771,0.48768
0.13987,0.23559,0.48768
-0.07643,0.026063,0.10181
-0.21959,-0.13366,0.46031
-0.16724,-0.078158,0.48768
-0.24645,-0.16143,0.67502
-0.017435,0.089583,0.48768
0.079813,0.18215,0.48768
0.13524,0.2353,0.69047
-0.060466,0.050976,0.11377
-0.21201,-0.11275,0.48768
-0.14256,-0.033947,0.48768
-0.22705,-0.12557,0.69047
0.021581,0.14579,0.48768
0.11442,0.23937,0.48768
-0.091695,0.041328,0.10045
-0.23784,-0.11542,0.4606
-0.17883,-0.065746,0.48768
-0.26407,-0.14381,0.67222
-0.019866,0.10407,0.48768
0.059632,0.20132,0.48768
0.13102,0.27245,0.69047
-0.070335,0.078455,0.11188
-0.2387,-0.10271,0.48768
-0.16206,-0.02484,0.48768
-0.2474,-0.12465,0.69047
-0.00065075,0.13919,0.48768
0.088015,0.23856,0.48768
-0.10198,0.051615,0.081576
-0.23726,-0.08868,0.41142
-0.22112,-0.074688,0.48768
-0.13755,0.0084831,0.48768
-0.060557,0.090033,0.48768
0.013923,0.18039,0.48768
0.097338,0.25957,0.67261
-0.11133,0.060963,0.10773
-0.25473,-0.098528,0.46186
-0.20484,-0.045407,0.48768
-0.28098,-0.1269,0.67676
-0.055165,0.12371,0.48768
0.04306,0.21557,0.48768
0.083184,0.27373,0.55562
0.10179,0.2827,0.69047
-0.095018,0.092888,0.10991
-0.24979,-0.08374,0.48787
-0.18408,-0.0015893,0.48768
-0.26533,-0.098879,0.69047
-0.02525,0.15875,0.48768
0.073292,0.26975,0.48768
0.064382,0.26674,0.58904
0.088795,0.28154,0.69047
-0.1159,0.0859,0.10921
-0.26893,-0.084327,0.47923
-0.20269,-0.012671,0.48768
-0.28671,-0.10624,0.69047
-0.090629,0.10837,0.53873
-0.03602,0.16541,0.58035
-0.0092755,0.20121,0.6487
0.049288,0.26797,0.68892
-0.127,0.084932,0.10869
-0.27533,-0.077923,0.48365
-0.27587,-0.077379,0.57047
-0.29911,-0.10531,0.69047
-0.15617,0.048936,0.6149
-0.13376,0.081666,0.67412
-0.047535,0.16962,0.68198
0.038974,0.25984,0.69882
-0.14062,0.090257,0.088046
-0.28162,-0.071635,0.46188
-0.27879,-0.074468,0.55207
-0.30655,-0.10133,0.67962
-0.22196,-0.0087711,0.66397
-0.16068,0.057937,0.68862
-0.099393,0.12667,0.71838
-0.035487,0.19921,0.74872
0.025201,0.27265,0.78663
-0.1218,0.12094,0.10714
-0.28522,-0.068031,0.51884
-0.28646,-0.06679,0.61476
-0.27441,-0.051532,0.69567
-0.23846,-0.0071171,0.73738
-0.17236,0.066982,0.76252
-0.10694,0.13962,0.78398
-0.020294,0.23162,0.79798
-0.14929,0.09892,0.075499
-0.29043,-0.062822,0.46631
-0.28997,-0.063282,0.56604
-0.32028,-0.087602,0.68778
-0.28304,-0.042904,0.72704
-0.22763,0.012374,0.7645
-0.16627,0.079851,0.78268
-0.087285,0.16666,0.80311
-0.026527,0.24094,0.83611
-0.15568,0.10531,0.071905
-0.29652,-0.056735,0.50471
-0.29027,-0.035673,0.56467
-0.28853,-0.037405,0.66052
-0.28891,-0.037031,0.75923
-0.23586,0.01557,0.79677
-0.18015,0.081357,0.82218
-0.12228,0.15275,0.85263
-0.046911,0.23977,0.87713
-0.16292,0.11255,0.082328
-0.29457,-0.031369,0.50178
-0.2911,-0.034839,0.58354
-0.29436,-0.031584,0.68213
-0.29254,-0.033401,0.77421
-0.26522,0.0031299,0.83805
-0.21228,0.065528,0.85872
-0.11905,0.16377,0.86966
-0.041661,0.25104,0.8887
-0.1707,0.12033,0.086269
-0.29889,-0.027045,0.51026
-0.29951,-0.026434,0.60557
-0.30317,-0.022771,0.68948
-0.29842,-0.027524,0.78573
-0.29089,-0.012936,0.85904
-0.20607,0.075032,0.86591
-0.14485,0.15116,0.89506
-0.079782,0.23176,0.92334
-0.18137,0.12812,0.028673
-0.15913,0.14389,0.10409
-0.30739,-0.018552,0.54111
-0.30516,-0.020779,0.63686
-0.30552,-0.020415,0.72302
-0.30481,-0.021134,0.81656
-0.28318,0.0073757,0.88457
-0.2223,0.085126,0.9163
-0.12863,0.17942,0.91735
-0.060015,0.26539,0.94703
-0.18783,0.13458,0.037854
-0.16858,0.16214,0.10269
-0.3105,-0.015443,0.54985
-0.31323,-0.012708,0.64443
-0.31009,-0.015854,0.73911
-0.31548,-0.010461,0.83287
-0.3088,-0.0020284,0.91518
-0.23453,0.077503,0.92418
-0.17549,0.15544,0.95586
-0.078722,0.25596,0.96163
-0.19297,0.13972,0.030468
-0.18079,0.16356,0.10201
-0.31878,-0.0071564,0.67426
-0.32212,-0.0038205,0.77027
-0.31972,-0.0062182,0.85381
-0.30194,0.015274,0.93302
-0.24246,0.088572,0.95602
-0.14879,0.18734,0.96384
-0.089689,0.26721,0.9957
-0.19904,0.14867,0.069015
-0.32857,0.0026293,0.69758
-0.32743,0.0014926,0.78947
-0.32674,0.00080322,0.8875
-0.31401,0.01969,0.96012
-0.23831,0.1066,0.97732
-0.16378,0.19562,0.99956
-0.049526,0.31936,0.99009
-0.17862,0.18998,0.051874
-0.33325,0.0073154,0.80542
-0.33498,0.0090398,0.89226
-0.33313,0.013305,0.97965
-0.25632,0.097458,0.99092
-0.15803,0.22031,0.99364
-0.044051,0.34731,0.98091
-0.33677,0.010834,0.77209
-0.34074,0.0148,0.86734
-0.34258,0.016638,0.95375
-0.28912,0.068322,0.9948
-0.19388,0.18279,0.99431
-0.087723,0.31101,0.98264
-0.34596,0.02002,0.83681
-0.34688,0.020945,0.92717
-0.31639,0.062873,0.98591
-0.22149,0.16259,0.9914
-0.12514,0.27959,0.9832
-0.35146,0.025519,0.84928
-0.35534,0.029404,0.93891
-0.31068,0.075844,0.98456
-0.21793,0.18664,0.98509
-0.11077,0.3172,0.97383
-0.35832,0.032382,0.89338
-0.35418,0.044882,0.97595
-0.26488,0.14848,0.9806
-0.16716,0.26611,0.9752
-0.36731,0.041368,0.91505
-0.34391,0.064828,0.9748
-0.25654,0.17075,0.97683
-0.14064,0.31361,0.96651
-0.36399,0.061291,0.96785
-0.28356,0.15854,0.97098
-0.38098,0.055038,0.94463
-0.31805,0.12345,0.96861
-0.38065,0.071582,0.95864
0.36192,-0.015916,0.41967
0.36893,0.065004,0.58929
0.3444,-0.047108,0.45822
0.35796,0.051512,0.55339
0.32856,-0.09892,0.10223
0.33056,-0.069275,0.47474
0.34211,0.035667,0.5223
0.3428,0.04643,0.60987
0.31776,-0.10014,0.10298
0.32594,-0.076671,0.47293
0.33362,0.016925,0.48768
0.33263,0.02753,0.58432
0.34103,0.078766,0.65043
0.30714,-0.10392,0.43423
0.31119,-0.053741,0.48768
0.32313,0.033782,0.51333
0.32241,0.034502,0.61104
0.33152,0.093787,0.66644
0.29794,-0.11668,0.43421
0.30541,-0.063951,0.48768
0.31398,0.051953,0.48948
0.31828,0.074391,0.6629
0.29705,-0.063219,0.10486
0.28371,-0.12305,0.48768
0.29922,-0.0089543,0.48768
0.30556,0.051351,0.65377
0.28125,-0.09714,0.10559
0.27663,-0.14418,0.44877
0.28187,-0.089469,0.48768
0.29463,0.036835,0.48768
0.2954,0.088109,0.67911
0.27526,-0.070232,0.10632
0.26467,-0.12851,0.48768
0.2759,-0.02903,0.48768
0.28247,0.074439,0.66199
0.25896,-0.099439,0.10714
0.25359,-0.1711,0.4629
0.2646,-0.081063,0.48768
0.26824,0.023939,0.48768
0.28007,0.10734,0.68737
0.24802,-0.069983,0.10824
0.25043,-0.17324,0.48768
0.25292,-0.074711,0.48768
0.2643,0.039021,0.48768
0.27031,0.13674,0.69047
0.22995,-0.19645,0.42541
0.23227,-0.16562,0.48768
0.24979,-0.052043,0.48768
0.2564,0.05718,0.48768
0.26734,0.15171,0.69047
0.22466,-0.20201,0.42277
0.23098,-0.17156,0.48768
0.23271,-0.063565,0.48768
0.24664,0.056528,0.48768
0.24585,0.14921,0.69047
0.22664,-0.05021,0.10997
0.21365,-0.19587,0.48768
0.21641,-0.092222,0.48768
0.23567,0.028988,0.48768
0.2369,0.12001,0.67368
0.21103,-0.10228,0.10982
0.20911,-0.21714,0.45364
0.20797,-0.16635,0.48768
0.21709,-0.034904,0.48768
0.2202,0.073133,0.48768
0.2329,0.18039,0.69047
0.19905,-0.22671,0.41662
0.19656,-0.20749,0.48768
0.20321,-0.096739,0.48768
0.20952,0.0048461,0.48768
0.22324,0.14148,0.48768
0.1935,-0.099507,0.10578
0.18058,-0.24326,0.4547
0.18717,-0.1786,0.48768
0.19025,-0.071482,0.48768
0.20147,0.053078,0.48768
0.20564,0.15127,0.67328
0.18375,-0.082278,0.11264
0.16942,-0.25284,0.47772
0.1795,-0.15795,0.48768
0.18387,-0.063874,0.48768
0.19247,0.068068,0.48768
0.20321,0.1537,0.67971
0.17275,-0.088579,0.11334
0.17072,-0.25173,0.44866
0.16973,-0.19367,0.48768
0.17368,-0.095461,0.48768
0.18157,0.036605,0.48768
0.19335,0.1572,0.48768
0.1928,0.23704,0.69047
0.14879,-0.26957,0.4154
0.1587,-0.24836,0.48768
0.16486,-0.1444,0.48768
0.16935,-0.027021,0.48768
0.18106,0.09415,0.48768
0.18117,0.17574,0.68944
0.15429,-0.083725,0.1147
0.14459,-0.27283,0.46166
0.14876,-0.2007,0.48768
0.15431,-0.10696,0.48768
0.15901,0.010304,0.48768
0.17035,0.13787,0.48768
0.17593,0.22084,0.69047
0.14497,-0.058389,0.11564
0.13408,-0.28097,0.48467
0.14428,-0.18213,0.48768
0.14904,-0.080906,0.48768
0.15846,0.04129,0.48768
0.15674,0.16445,0.48768
0.17077,0.2659,0.69047
0.13671,-0.037166,0.11646
0.12557,-0.2795,0.48768
0.12889,-0.17561,0.48768
0.13543,-0.071128,0.48768
0.1448,0.057486,0.48768
0.14524,0.17865,0.48768
0.15033,0.26447,0.69047
0.11161,-0.29708,0.41329
0.11968,-0.27194,0.48768
0.12757,-0.17679,0.48768
0.12376,-0.065221,0.48768
0.12953,0.050356,0.48768
0.1333,0.18784,0.48768
0.11734,-0.087443,0.081739
0.11622,0.050124,0.069045
0.11189,-0.28635,0.48768
0.11187,-0.19048,0.48768
0.11818,-0.070605,0.48768
0.11986,0.047753,0.48768
0.12566,0.16303,0.48768
0.12716,0.25816,0.69047
0.11252,-0.077451,0.11772
0.10005,-0.30514,0.44531
0.099451,-0.26053,0.48768
0.10277,-0.16166,0.48768
0.11323,-0.046947,0.48768
0.11239,0.077557,0.48768
0.11813,0.21028,0.48768
0.11743,0.29901,0.69047
0.099281,-0.039846,0.11907
0.084646,-0.31514,0.48101
0.097986,-0.22768,0.48768
0.096308,-0.12289,0.48768
0.099161,-0.004051,0.48768
0.11029,0.10896,0.48768
0.10236,0.2537,0.48768
0.091328,-0.083324,0.084126
0.088662,-0.030052,0.11993
0.08563,-0.3078,0.48768
0.0811,-0.20585,0.48768
0.090419,-0.097567,0.48768
0.0885,0.011837,0.48768
0.090734,0.13488,0.48768
0.10151,0.27625,0.49044
0.10112,0.27566,0.69047
0.080421,-0.078207,0.11997
0.066199,-0.32666,0.45542
0.074479,-0.26942,0.48768
0.073864,-0.16768,0.48768
0.084238,-0.057899,0.48768
0.086665,0.067741,0.48768
0.082233,0.18782,0.48768
0.088975,0.27418,0.53932
0.082753,0.27416,0.63671
0.06558,-0.10551,0.11895
0.063299,-0.32847,0.42652
0.062748,-0.29824,0.48768
0.065891,-0.19709,0.48768
0.064207,-0.093254,0.48768
0.072389,0.028671,0.48768
0.074278,0.15064,0.48768
0.072626,0.27141,0.50069
0.080309,0.2766,0.60644
0.076594,0.31601,0.69047
0.052414,-0.33475,0.41043
0.053887,-0.32464,0.48768
0.060012,-0.23491,0.48768
0.054813,-0.1313,0.48768
0.058505,-0.0029491,0.48768
0.066626,0.12257,0.48768
0.063109,0.2409,0.48768
0.07011,0.27081,0.57282
0.060487,0.27858,0.68625
0.052018,-0.081138,0.12955
0.045571,-0.33855,0.48058
0.041955,-0.26143,0.48768
0.042871,-0.15276,0.48768
0.046524,-0.046615,0.48768
0.050069,0.069582,0.48768
0.05581,0.21222,0.48768
0.059175,0.25921,0.55939
0.05283,0.26492,0.65857
0.058833,0.2944,0.7513
0.038489,-0.084703,0.14309
0.038514,-0.34085,0.48768
0.034916,-0.24632,0.48768
0.042622,-0.14749,0.48768
0.040868,-0.038384,0.48768
0.041529,0.086959,0.48768
0.046007,0.21799,0.48768
0.040463,0.24172,0.57866
0.0448,0.25996,0.6729
0.041041,0.28239,0.76848
0.028575,-0.12116,0.11826
0.02908,-0.34773,0.4377
0.028712,-0.30469,0.48768
0.03053,-0.19966,0.48768
0.029679,-0.099222,0.48768
0.03374,0.015797,0.48768
0.036117,0.13209,0.48768
0.030895,0.22957,0.51978
0.03257,0.24014,0.63079
0.037657,0.26361,0.71798
0.038147,0.29259,0.80436
0.015561,-0.10116,0.099531
0.017351,-0.34329,0.43781
0.01897,-0.30759,0.48768
0.024932,-0.21142,0.48768
0.02274,-0.10309,0.48768
0.023488,0.0099863,0.48768
0.019117,0.13505,0.48768
0.022042,0.22067,0.5266
0.021198,0.23024,0.63984
0.018013,0.24635,0.72656
0.021024,0.2775,0.8095
0.023035,0.3215,0.89978
0.012599,-0.07733,0.12731
0.0057042,-0.33164,0.46858
0.0048714,-0.26135,0.48768
0.0086809,-0.15417,0.48768
0.0073857,-0.04928,0.48768
0.011143,0.079041,0.48768
0.014641,0.20299,0.48768
0.012687,0.21477,0.58643
0.011707,0.23137,0.69336
0.014993,0.2576,0.77222
0.011993,0.29363,0.86708
0.00595,0.32765,0.94069
0.0001326,-0.073713,0.12034
0.005211,-0.33115,0.46224
0.00018592,-0.26234,0.48768
-0.0017858,-0.15485,0.48768
-0.0028601,-0.039385,0.48768
0.0035113,0.078615,0.48768
-0.0019056,0.19689,0.49877
-0.00025758,0.20368,0.60394
0.0033395,0.22303,0.6935
-0.0033636,0.24238,0.78153
-0.0024191,0.27985,0.86846
0.0012123,0.32613,0.9462
-0.0068973,-0.084499,0.11955
-0.0070717,-0.31887,0.44517
-0.0058224,-0.26867,0.48768
-0.0097806,-0.16337,0.48768
-0.0082202,-0.052125,0.48768
-0.0050001,0.070394,0.48768
-0.011668,0.18714,0.49608
-0.012702,0.19053,0.59725
-0.014232,0.20592,0.6956
-0.016414,0.22789,0.77728
-0.014106,0.26527,0.86213
-0.015067,0.31051,0.94732
-0.015391,-0.087349,0.11891
-0.014171,-0.31177,0.42905
-0.01568,-0.32213,0.52683
-0.017257,-0.31391,0.60929
-0.025105,-0.064443,0.48768
-0.015985,0.054735,0.48768
-0.020243,0.1786,0.49098
-0.018385,0.1843,0.59208
-0.023847,0.19374,0.68395
-0.018914,0.22608,0.77932
-0.015952,0.26293,0.86107
-0.024021,0.29864,0.94234
-0.031631,-0.099848,0.11747
-0.030404,-0.0021467,0.11797
-0.028646,-0.33509,0.52697
-0.024557,-0.32109,0.60955
-0.030873,-0.079948,0.48768
-0.031155,0.039694,0.48768
-0.025889,0.16305,0.48768
-0.026935,0.17547,0.58944
-0.036159,0.18277,0.69003
-0.032232,0.21132,0.77504
-0.034271,0.24194,0.85523
-0.030266,0.28947,0.93733
-0.038414,-0.10925,0.11674
-0.041455,-0.0074019,0.11768
-0.032662,-0.32059,0.50675
-0.04159,-0.33636,0.6132
-0.037229,-0.096854,0.48768
-0.040072,0.031534,0.48768
-0.036289,0.15103,0.48768
-0.041364,0.16093,0.58842
-0.039239,0.17764,0.68075
-0.040931,0.19985,0.76681
-0.03848,0.2369,0.85341
-0.040991,0.27911,0.93796
-0.047657,-0.11098,0.11609
-0.050173,-0.00019431,0.10729
-0.041765,-0.31149,0.4915
-0.048979,-0.34428,0.6121
-0.042537,-0.29641,0.65671
-0.047475,0.012887,0.48768
-0.055463,0.14193,0.48768
-0.050376,0.15196,0.58886
-0.052758,0.1627,0.67426
-0.048931,0.19163,0.76616
-0.056989,0.21911,0.85497
-0.051047,0.26732,0.935
-0.053821,-0.12244,0.11533
-0.063182,0.012816,0.1046
-0.055108,-0.29614,0.48768
-0.049641,-0.34312,0.6159
-0.056095,-0.29814,0.66405
-0.059036,0.027057,0.48768
-0.065427,0.13336,0.50066
-0.060593,0.14305,0.6011
-0.060143,0.1597,0.69418
-0.070395,0.1764,0.78467
-0.064209,0.21591,0.86376
-0.06694,0.25789,0.94604
-0.067256,-0.12134,0.11451
-0.068291,0.030167,0.11442
-0.065299,-0.26595,0.48768
-0.064793,-0.33697,0.64218
-0.059439,-0.273,0.67693
-0.076789,0.060412,0.48768
-0.071059,0.12809,0.5417
-0.08013,0.1291,0.64099
-0.070739,0.15744,0.726
-0.073412,0.18384,0.81146
-0.074411,0.21987,0.89173
-0.072016,0.26927,0.97175
-0.076577,-0.088802,0.11497
-0.087147,0.06825,0.11155
-0.071146,-0.22735,0.48768
-0.074242,-0.32118,0.66101
-0.079772,-0.011807,0.48768
-0.087904,0.11013,0.48768
-0.079932,0.12261,0.59081
-0.086084,0.13004,0.67729
-0.088817,0.15509,0.77609
-0.080692,0.19258,0.84879
-0.085318,0.23113,0.93172
-0.088053,-0.12133,0.11319
-0.093988,0.050559,0.1121
-0.083206,-0.24614,0.48768
-0.082517,-0.32536,0.648
-0.07932,-0.26791,0.68428
-0.09555,0.097126,0.48768
-0.089285,0.11126,0.56961
-0.08782,0.12634,0.66837
-0.094222,0.14323,0.7569
-0.095587,0.17554,0.8441
-0.096788,0.2126,0.91964
-0.10119,0.26279,0.99627
-0.10413,0.053762,0.08602
-0.094733,-0.25852,0.47095
-0.092547,-0.18599,0.48768
-0.088459,-0.2921,0.68038
-0.10245,0.043031,0.48768
-0.10129,0.098181,0.5481
-0.1018,0.10882,0.6495
-0.10131,0.13012,0.7377
-0.11105,0.1511,0.82381
-0.10563,0.1948,0.90356
-0.10196,0.24267,0.9769
-0.11095,0.060579,0.086375
-0.1025,-0.25076,0.47308
-0.10555,-0.16135,0.48768
-0.10018,-0.28403,0.68542
-0.11386,0.069137,0.48768
-0.11247,0.088245,0.57309
-0.11538,0.097391,0.66206
-0.11285,0.1236,0.75391
-0.11053,0.1563,0.8347
-0.1193,0.18817,0.91638
-0.11834,0.23673,0.99291
-0.12251,0.072138,0.10113
-0.11268,-0.23161,0.48768
-0.11546,-0.12656,0.48768
-0.11486,-0.2646,0.68982
-0.12039,0.078367,0.50553
-0.127,0.077103,0.60541
-0.12712,0.093465,0.69757
-0.12795,0.1207,0.78973
-0.12568,0.1565,0.86827
-0.12652,0.19581,0.94178
-0.12573,-0.12459,0.11068
-0.13761,0.10594,0.1071
-0.1175,-0.2077,0.48768
-0.12789,-0.094397,0.48768
-0.11962,-0.22652,0.69047
-0.13057,0.068593,0.54196
-0.1286,0.08047,0.64003
-0.1296,0.099181,0.72816
-0.13693,0.12114,0.81352
-0.13873,0.15623,0.89304
-0.13868,0.2016,0.97022
-0.14233,0.091959,0.084922
-0.13037,-0.22289,0.47935
-0.1355,-0.13392,0.48768
-0.12652,-0.26156,0.69047
-0.14505,0.053579,0.52603
-0.13744,0.068685,0.62194
-0.14285,0.079688,0.70569
-0.14602,0.10446,0.79436
-0.14714,0.14092,0.87978
-0.14984,0.17951,0.95344
-0.14354,-0.10929,0.11005
-0.14042,-0.18552,0.41737
-0.14511,-0.15652,0.48768
-0.1311,-0.27679,0.68437
-0.15515,0.043563,0.51347
-0.15192,0.052561,0.60901
-0.15014,0.071176,0.70089
-0.1583,0.088881,0.78582
-0.1525,0.1265,0.86132
-0.1567,0.16674,0.94367
-0.16366,0.28634,0.96932
-0.16901,0.12167,0.10472
-0.14506,-0.18097,0.48768
-0.15354,-0.084477,0.48768
-0.15258,-0.20049,0.69047
-0.16494,0.037993,0.59446
-0.16252,0.052555,0.67253
-0.16498,0.075053,0.76458
-0.1656,0.10627,0.84574
-0.16854,0.14185,0.92136
-0.16789,0.19042,0.99788
-0.17969,0.12933,0.087756
-0.15966,-0.19359,0.48095
-0.16832,-0.093245,0.48768
-0.16003,-0.21429,0.69047
-0.17065,0.030899,0.58143
-0.17657,0.039373,0.67647
-0.17219,0.064817,0.75558
-0.17622,0.092977,0.8399
-0.17632,0.1345,0.9221
-0.18046,0.17765,0.99758
-0.18256,0.13219,0.082825
-0.16971,-0.18354,0.47586
-0.17783,-0.084585,0.48768
-0.16754,-0.21905,0.69047
-0.18507,0.01784,0.59425
-0.18252,0.03387,0.67848
-0.18878,0.052972,0.76967
-0.18698,0.08721,0.85081
-0.19197,0.12268,0.92866
-0.19587,0.20054,0.98797
-0.20022,0.14985,0.073973
-0.18411,-0.15697,0.48768
-0.18543,-0.035897,0.48768
-0.17871,-0.16848,0.69047
-0.19113,0.017885,0.63966
-0.19459,0.033347,0.72512
-0.19465,0.05962,0.80393
-0.1966,0.095081,0.88674
-0.19623,0.14027,0.96441
-0.21052,0.15726,0.044518
-0.1904,-0.11935,0.48768
-0.1865,-0.22138,0.67298
-0.20065,0.0012291,0.58451
-0.20134,0.011877,0.66408
-0.19746,0.039175,0.75449
-0.20641,0.06104,0.83609
-0.20958,0.096154,0.9134
-0.20507,0.14425,0.98409
-0.20021,-0.15304,0.47768
-0.20731,-0.04401,0.48768
-0.19427,-0.16895,0.69047
-0.20764,0.0023608,0.64571
-0.21243,0.017289,0.73154
-0.21194,0.048199,0.81873
-0.21878,0.077366,0.89532
-0.22094,0.12023,0.97157
-0.20709,-0.14616,0.47617
-0.21647,-0.052079,0.48768
-0.20352,-0.16764,0.69047
-0.21791,-0.005775,0.65885
-0.22415,0.0073004,0.73777
-0.22871,0.035637,0.8293
-0.22713,0.071459,0.90002
-0.22973,0.1125,0.9732
-0.21608,-0.13718,0.47523
-0.22737,-0.028525,0.49101
-0.21613,-0.16118,0.69047
-0.22894,-0.015229,0.66632
-0.23314,0.0046963,0.75806
-0.23214,0.032178,0.82922
-0.23457,0.067352,0.90642
-0.23525,0.11388,0.98379
-0.23575,-0.1175,0.48458
-0.23112,-0.032392,0.50953
-0.22779,-0.14428,0.69047
-0.23769,-0.016834,0.69878
-0.23404,0.007854,0.77012
-0.2385,0.038362,0.85664
-0.24411,0.070062,0.92783
-0.2495,0.15742,0.98335
-0.23923,-0.085504,0.48768
-0.2504,-0.050169,0.56344
-0.24438,-0.033354,0.65204
-0.24832,-0.018219,0.73292
-0.25343,0.0041693,0.81234
-0.25542,0.039847,0.89364
-0.25766,0.080233,0.96655
-0.25063,-0.10262,0.4675
-0.25739,-0.072181,0.53281
-0.24556,-0.15561,0.69047
-0.26011,-0.038831,0.7007
-0.25747,-0.012774,0.77845
-0.2571,0.020484,0.85821
-0.26498,0.052785,0.93396
-0.28041,0.15451,0.97329
-0.26544,-0.080556,0.50108
-0.2623,-0.07709,0.60803
-0.26028,-0.043941,0.67826
-0.26593,-0.027246,0.76057
-0.27416,-0.005364,0.83902
-0.27762,0.032573,0.92103
-0.28053,0.073378,0.99112
-0.26855,-0.083122,0.50453
-0.27176,-0.081497,0.61191
-0.27461,-0.055119,0.69047
-0.27982,-0.03844,0.76857
-0.27952,-0.0083026,0.8443
-0.28613,0.025231,0.92303
-0.28252,0.072568,0.99293
-0.282,-0.07125,0.51974
-0.27791,-0.12997,0.67258
-0.2844,-0.045614,0.69047
-0.28437,-0.036589,0.78756
-0.29062,-0.0074634,0.87036
-0.29011,0.03133,0.94024
-0.29767,0.12943,0.97441
-0.29643,-0.05682,0.55648
-0.28794,-0.099741,0.69047
-0.30114,-0.024802,0.72306
-0.30216,-0.02378,0.82527
-0.30186,1.9289e-005,0.90633
-0.30262,0.043763,0.97958
-0.30361,-0.022334,0.53826
-0.29917,-0.083228,0.69047
-0.31439,-0.011547,0.72853
-0.30844,-0.017497,0.83829
-0.31268,-0.0011045,0.92338
-0.32042,0.047556,0.9885
-0.31691,-0.0090265,0.58075
-0.32109,-0.0048504,0.70052
-0.31766,-0.0082787,0.78921
-0.31841,-0.0075308,0.89317
-0.32734,0.016886,0.97627
-0.32717,0.0012312,0.75522
-0.32975,0.0038094,0.85859
-0.33297,0.0070275,0.95475
-0.34069,0.014754,0.82898
-0.34212,0.016176,0.9331
-0.35302,0.027083,0.83638
-0.35256,0.026621,0.93607
-0.36626,0.040324,0.90114
-0.37632,0.05038,0.93272
-0.064696,-0.3421,0.63664
-0.04107,-0.34752,0.55487
-0.058199,-0.33551,0.63675
-0.1079,-0.29954,0.68355
-0.20849,-0.20193,0.088809
-0.038848,-0.34529,0.56801
-0.056793,-0.32459,0.64597
-0.10082,-0.29403,0.68317
-0.19949,-0.20564,0.69047
-0.19846,-0.19275,0.10384
-0.033053,-0.33777,0.58646
-0.053439,-0.31242,0.65307
-0.11714,-0.26792,0.68978
-0.20153,-0.18951,0.69047
-0.19161,-0.19333,0.078922
-0.021988,-0.32843,0.49655
-0.027533,-0.33063,0.59222
-0.054869,-0.30981,0.65605
-0.10817,-0.2545,0.68998
-0.21403,-0.16667,0.69047
-0.1952,-0.17666,0.030133
-0.21764,-0.16027,0.10368
-0.020639,-0.32709,0.53377
-0.028735,-0.31808,0.62184
-0.06494,-0.28655,0.67406
-0.14584,-0.21035,0.69047
-0.23894,-0.13507,0.69047
-0.17082,-0.18274,0.076318
0.025675,-0.34962,0.41951
-0.004829,-0.3188,0.48768
-0.086362,-0.24722,0.48768
-0.033845,-0.30409,0.64399
-0.083466,-0.2512,0.68807
-0.17857,-0.17274,0.69047
-0.28088,-0.087704,0.69047
-0.19093,-0.14713,0.1058
0.038254,-0.34263,0.47359
-0.036307,-0.28582,0.48768
-0.11704,-0.21676,0.48768
-0.21215,-0.13394,0.48768
-0.11839,-0.20755,0.6852
-0.21381,-0.13857,0.69047
-0.15371,-0.17402,0.084667
0.039856,-0.34173,0.42708
0.017011,-0.32242,0.48768
-0.05826,-0.25192,0.48768
-0.14615,-0.17834,0.48768
-0.23693,-0.10564,0.48768
-0.15142,-0.17452,0.67723
-0.24367,-0.08859,0.69047
-0.1447,-0.15957,0.10834
0.04862,-0.33686,0.44261
0.0067966,-0.30186,0.48768
-0.075202,-0.22866,0.48768
-0.153,-0.15347,0.48768
-0.24936,-0.069012,0.48768
-0.26199,-0.061179,0.57454
-0.26917,-0.053443,0.67547
-0.13316,-0.15848,0.10911
0.059408,-0.33086,0.44796
0.019497,-0.29368,0.48768
-0.062837,-0.22408,0.48768
-0.15687,-0.14721,0.48768
-0.24311,-0.068055,0.48768
-0.25548,-0.054077,0.58009
-0.26825,-0.051059,0.68213
-0.2742,-0.033327,0.76708
-0.29923,-0.023873,0.85335
-0.31963,0.0033177,0.94282
-0.12189,-0.15781,0.10046
0.064658,-0.32763,0.43935
0.032529,-0.29391,0.48768
-0.051975,-0.22541,0.48768
-0.13117,-0.15146,0.48768
-0.22033,-0.069669,0.48768
-0.24797,-0.047269,0.5728
-0.25489,-0.04095,0.66738
-0.27049,-0.030025,0.76588
-0.28783,-0.013715,0.85063
-0.31103,0.0071478,0.93467
-0.11686,-0.15524,0.083102
0.079655,-0.31826,0.41985
0.058181,-0.30006,0.48768
-0.016122,-0.23889,0.48768
-0.10517,-0.16276,0.48768
-0.18858,-0.084951,0.48768
-0.24071,-0.041641,0.54008
-0.24921,-0.040308,0.63899
-0.25368,-0.023034,0.73488
-0.27528,-0.012325,0.82585
-0.29599,0.0067369,0.90797
-0.36214,0.062955,0.96814
-0.1391,-0.12191,0.10992
0.080612,-0.31766,0.48349
0.013019,-0.25557,0.48768
-0.070093,-0.1792,0.48768
-0.1552,-0.099351,0.48768
-0.23344,-0.034744,0.51559
-0.23536,-0.031252,0.60551
-0.24376,-0.019768,0.71094
-0.25743,-0.0075875,0.79277
-0.28392,0.0072536,0.88577
-0.30555,0.033555,0.96842
-0.09535,-0.14007,0.11211
0.090693,-0.31137,0.44651
0.050113,-0.27864,0.48768
-0.025184,-0.20047,0.48768
-0.1143,-0.12485,0.48768
-0.20364,-0.045925,0.48768
-0.22755,-0.026911,0.57157
-0.23322,-0.018852,0.66931
-0.24406,-0.0052161,0.76104
-0.26298,0.008255,0.84435
-0.28859,0.029473,0.93448
-0.084443,-0.13873,0.090517
0.09754,-0.30689,0.41417
0.083892,-0.29051,0.48768
0.0062484,-0.22261,0.48768
-0.086386,-0.1429,0.48768
-0.1713,-0.062855,0.48768
-0.21731,-0.018476,0.53543
-0.22257,-0.014275,0.63526
-0.23144,-0.0012622,0.73318
-0.24786,0.013768,0.82248
-0.27875,0.028677,0.9163
-0.31718,0.075813,0.9821
-0.10152,-0.11083,0.11267
0.10568,-0.30122,0.47654
0.041426,-0.23573,0.48768
-0.038145,-0.16804,0.48768
-0.12348,-0.089962,0.48768
-0.21021,-0.011365,0.49083
-0.21387,-0.0096355,0.60664
-0.21971,0.0010009,0.69815
-0.23461,0.013322,0.78795
-0.25607,0.027183,0.87054
-0.27985,0.051941,0.95719
-0.064965,-0.12777,0.11445
0.11391,-0.29548,0.43799
0.078737,-0.25665,0.48768
-0.0029988,-0.18831,0.48768
-0.084914,-0.10556,0.48768
-0.17454,-0.026041,0.48768
-0.2033,-0.0032476,0.55971
-0.20671,0.0055775,0.65979
-0.22021,0.014994,0.75023
-0.23752,0.032745,0.84223
-0.26001,0.051766,0.92374
-0.056045,-0.12426,0.063096
-0.097941,-0.087638,0.11365
0.11427,-0.2753,0.48768
0.039807,-0.20821,0.48768
-0.043379,-0.13172,0.48768
-0.13417,-0.051548,0.48768
-0.19802,0.00063188,0.52342
-0.19903,0.0060485,0.61464
-0.20685,0.018342,0.71524
-0.22449,0.032182,0.80999
-0.24888,0.045987,0.89287
-0.27309,0.070202,0.97483
-0.0644,-0.10846,0.11511
0.13349,-0.28143,0.4646
0.081466,-0.23595,0.48768
0.0006751,-0.15939,0.48768
-0.079403,-0.087,0.48768
-0.1739,-0.0017641,0.48768
-0.18611,0.015076,0.57803
-0.2002,0.015507,0.6754
-0.20689,0.033921,0.7669
-0.22984,0.050027,0.8632
-0.25637,0.066517,0.94273
-0.036678,-0.11439,0.088563
0.13897,-0.27718,0.41597
0.11877,-0.25722,0.48768
0.049445,-0.19416,0.48768
-0.036047,-0.11255,0.48768
-0.11849,-0.038674,0.48768
-0.18289,0.015739,0.52741
-0.18879,0.018371,0.62832
-0.19513,0.031389,0.72004
-0.21482,0.042994,0.81288
-0.23317,0.065056,0.89931
-0.2602,0.091506,0.98774
-0.044622,-0.097302,0.11673
0.14602,-0.27172,0.47333
0.0812,-0.21733,0.48768
0.0029418,-0.1426,0.48768
-0.080507,-0.068309,0.48768
-0.17072,0.027854,0.48768
-0.17775,0.024845,0.59126
-0.18116,0.035805,0.68112
-0.19411,0.05064,0.7786
-0.21348,0.065264,0.86076
-0.24198,0.08433,0.94857
-0.019386,-0.10558,0.079495
0.15089,-0.26795,0.41452
0.13676,-0.25696,0.48768
0.071623,-0.18547,0.48768
-0.010121,-0.11151,0.48768
-0.10183,-0.029147,0.48768
-0.16657,0.032101,0.52022
-0.16703,0.039044,0.62161
-0.18044,0.044687,0.71502
-0.19345,0.062365,0.80782
-0.21922,0.075741,0.89305
-0.24073,0.10579,0.97979
-0.012004,-0.10182,0.10714
0.16009,-0.26082,0.43778
0.12569,-0.2294,0.48768
0.048996,-0.15189,0.48768
-0.029804,-0.078957,0.48768
-0.12051,-0.0031796,0.48768
-0.15635,0.043462,0.55492
-0.16633,0.043815,0.6466
-0.17458,0.056444,0.73622
-0.19065,0.074746,0.83159
-0.21613,0.09256,0.91846
0.042038,-0.13581,0.11708
-0.02901,-0.067051,0.1187
0.1648,-0.25681,0.48031
0.10262,-0.19651,0.48768
0.021832,-0.12155,0.48768
-0.059982,-0.042306,0.48768
-0.15235,0.046492,0.49073
-0.15666,0.046171,0.59348
-0.16053,0.056719,0.68239
-0.17036,0.072785,0.77383
-0.19618,0.085736,0.86769
-0.21786,0.11406,0.95739
0.023987,-0.11146,0.119
0.17399,-0.24892,0.41291
0.15304,-0.23596,0.48768
0.084139,-0.16417,0.48768
0.0083966,-0.094771,0.48768
-0.071599,-0.011938,0.48768
-0.14743,0.051231,0.52066
-0.14574,0.059518,0.61628
-0.15964,0.065497,0.71506
-0.17668,0.080287,0.81073
-0.19393,0.099582,0.89025
-0.21653,0.12799,0.97673
0.017327,-0.085872,0.12071
0.18293,-0.24124,0.45086
0.14822,-0.20947,0.48768
0.069933,-0.1329,0.48768
-0.0082267,-0.061528,0.48768
-0.10128,0.024213,0.48768
-0.1378,0.062143,0.55758
-0.14325,0.067163,0.64828
-0.15077,0.082516,0.74436
-0.17074,0.096231,0.83502
-0.19411,0.11403,0.9175
-0.25882,0.18717,0.97099
0.029293,-0.084275,0.15385
0.18505,-0.23942,0.46176
0.13993,-0.18947,0.48768
0.054382,-0.11451,0.48768
-0.019979,-0.03967,0.48768
-0.10489,0.051157,0.48768
-0.12788,0.072728,0.57078
-0.13593,0.076385,0.6599
-0.15023,0.089513,0.76371
-0.16568,0.10787,0.8494
-0.18639,0.12987,0.93139
0.065768,-0.10507,0.11898
0.047866,-0.082858,0.19718
0.1916,-0.23378,0.47393
0.12741,-0.17091,0.48768
0.050859,-0.095416,0.48768
-0.034432,-0.0024361,0.48768
-0.12385,0.074988,0.49251
-0.12628,0.076597,0.59395
-0.12932,0.088914,0.6869
-0.14195,0.10242,0.77744
-0.16414,0.11895,0.87023
-0.18519,0.14647,0.95699
0.061985,-0.087354,0.12027
0.1972,-0.22846,0.41042
0.189,-0.21421,0.48768
0.12245,-0.14415,0.48768
0.040979,-0.067013,0.48768
-0.043174,0.016642,0.48768
-0.11732,0.081451,0.50358
-0.11342,0.091212,0.61041
-0.12627,0.095682,0.70358
-0.14395,0.10905,0.80072
-0.16004,0.13034,0.88425
-0.18475,0.15736,0.97301
0.063896,-0.072847,0.13862
0.20565,-0.22043,0.42754
0.18454,-0.19787,0.48768
0.11569,-0.12436,0.48768
0.029988,-0.05026,0.48768
-0.047411,0.03215,0.48768
-0.10314,0.095647,0.53463
-0.11025,0.097381,0.6312
-0.11963,0.10743,0.72196
-0.13805,0.12092,0.81576
-0.15566,0.14386,0.90182
-0.1883,0.16595,0.99165
0.065793,-0.070375,0.15069
0.21558,-0.21099,0.44787
0.17684,-0.1707,0.48768
0.10309,-0.10384,0.48768
0.025254,-0.027338,0.48768
-0.062454,0.057091,0.48768
-0.095962,0.10335,0.5451
-0.10835,0.10253,0.65112
-0.11463,0.1189,0.74527
-0.13081,0.13395,0.8302
-0.15697,0.15109,0.91737
-0.19543,0.19687,0.98929
0.070906,-0.062253,0.16274
0.22134,-0.2055,0.46433
0.16775,-0.15824,0.48768
0.09354,-0.079333,0.48768
0.0095303,0.0022212,0.48768
-0.077647,0.089564,0.48768
-0.095951,0.10476,0.57304
-0.1002,0.11275,0.66288
-0.1123,0.12808,0.76562
-0.12709,0.14385,0.8437
-0.15576,0.16434,0.93796
0.1014,-0.074769,0.11853
0.074092,-0.05162,0.17806
0.22648,-0.20009,0.48705
0.16686,-0.14092,0.48768
0.084454,-0.053565,0.48768
0.009966,0.021278,0.48768
-0.080564,0.10413,0.48768
-0.087394,0.11453,0.58501
-0.095452,0.12183,0.68255
-0.10677,0.13761,0.77749
-0.12349,0.15892,0.86877
-0.14877,0.18265,0.95662
0.10137,-0.05759,0.11872
0.070487,-0.028236,0.17822
0.23259,-0.19366,0.48646
0.16488,-0.11899,0.48768
0.089363,-0.045206,0.48768
-0.001467,0.03966,0.48768
-0.080752,0.11808,0.49356
-0.08103,0.12312,0.60588
-0.085889,0.13532,0.7004
-0.10198,0.14536,0.78627
-0.12184,0.16213,0.87193
-0.1403,0.19266,0.95898
0.091708,-0.03748,0.11963
0.23898,-0.18695,0.43931
0.21507,-0.15815,0.48768
0.12863,-0.078053,0.48768
0.065067,-0.0026362,0.48768
-0.022147,0.082878,0.48768
-0.071046,0.12816,0.54289
-0.074247,0.13511,0.64175
-0.084676,0.14478,0.73059
-0.096747,0.16421,0.8208
-0.12072,0.18195,0.90786
-0.14806,0.21057,0.99835
0.068532,-0.0032282,0.11973
0.24355,-0.18213,0.46071
0.1952,-0.13512,0.48768
0.12511,-0.056236,0.48768
0.040667,0.030381,0.48768
-0.037329,0.11306,0.48768
-0.066592,0.13377,0.56589
-0.071616,0.14329,0.67176
-0.08255,0.15672,0.76232
-0.096309,0.17804,0.85114
-0.1207,0.19693,0.93373
0.11935,-0.041423,0.11764
0.055302,0.03194,0.11792
0.25,-0.17527,0.47476
0.19486,-0.10944,0.48768
0.10994,-0.026576,0.48768
0.029097,0.050329,0.48768
-0.056632,0.14221,0.49049
-0.058281,0.14353,0.58386
-0.063682,0.15529,0.69024
-0.081617,0.16398,0.78112
-0.099012,0.18366,0.86933
-0.11733,0.20937,0.94923
0.093947,0.0064049,0.083121
0.25833,-0.16558,0.41826
0.24191,-0.15046,0.48768
0.17072,-0.080043,0.48768
0.092857,0.0016712,0.48768
0.016609,0.081333,0.48768
-0.046154,0.15255,0.5144
-0.049343,0.15683,0.62224
-0.059928,0.16413,0.71116
-0.074938,0.17834,0.80141
-0.096305,0.19963,0.89492
-0.11544,0.22884,0.97634
0.087709,0.025259,0.11729
0.26255,-0.16067,0.45687
0.2277,-0.11762,0.48768
0.14596,-0.042264,0.48768
0.0691,0.040475,0.48768
-0.010823,0.12463,0.48768
-0.042959,0.15694,0.55677
-0.049786,0.16352,0.66451
-0.055607,0.17828,0.74633
-0.076593,0.19298,0.84071
-0.097603,0.21836,0.9309
0.10219,0.022585,0.065569
0.072887,0.06103,0.11549
0.26298,-0.14214,0.48768
0.18737,-0.071155,0.48768
0.11725,0.003292,0.48768
0.039098,0.095751,0.48768
-0.029975,0.16879,0.50467
-0.032346,0.17236,0.61108
-0.045955,0.17711,0.7076
-0.059123,0.19195,0.79588
-0.07499,0.21751,0.88832
-0.10079,0.2391,0.9696
0.10727,0.032552,0.11052
0.27609,-0.14488,0.45656
0.23288,-0.10467,0.48768
0.15841,-0.02984,0.48768
0.085311,0.059746,0.48768
-0.0021041,0.14858,0.48768
-0.028679,0.17133,0.55897
-0.029114,0.1828,0.65743
-0.045984,0.18858,0.74834
-0.060187,0.21097,0.84417
-0.078236,0.23229,0.92159
0.11345,0.044688,0.073107
0.071704,0.084751,0.11402
0.26988,-0.12505,0.48768
0.20033,-0.048339,0.48768
0.127,0.029838,0.48768
0.045806,0.10565,0.48768
-0.014571,0.18408,0.52353
-0.019123,0.18751,0.62505
-0.028747,0.19673,0.71626
-0.044298,0.21222,0.80959
-0.066327,0.22843,0.89265
-0.086377,0.26048,0.9803
0.10686,0.064083,0.1142
0.28452,-0.13401,0.46116
0.24079,-0.078783,0.48768
0.17167,-0.0029109,0.48768
0.091292,0.079028,0.48768
0.0094697,0.17096,0.48768
-0.0135,0.1869,0.56674
-0.014311,0.19903,0.66467
-0.030455,0.20735,0.75795
-0.046006,0.22675,0.84767
-0.066285,0.25465,0.93939
0.12088,0.059272,0.071306
0.28937,-0.12774,0.42058
0.27858,-0.11443,0.48768
0.21134,-0.031496,0.48768
0.13885,0.043283,0.48768
0.06276,0.13157,0.48768
-0.0038877,0.19482,0.51399
-0.0090292,0.19646,0.61807
-0.018819,0.20735,0.71878
-0.027851,0.22857,0.80935
-0.046563,0.24872,0.89367
-0.069184,0.27411,0.97484
0.12029,0.079202,0.1128
0.29815,-0.11641,0.45858
0.24347,-0.065885,0.48768
0.17573,0.014056,0.48768
0.095102,0.10813,0.48768
0.0065116,0.19587,0.48768
0.0060204,0.20738,0.57962
-0.0049823,0.21033,0.6736
-0.018813,0.22173,0.7661
-0.034271,0.24347,0.85857
-0.056832,0.26433,0.93978
0.13033,0.077818,0.070249
0.3025,-0.11057,0.42012
0.28592,-0.098785,0.48768
0.22053,-0.022017,0.48768
0.13935,0.071701,0.48768
0.05644,0.15483,0.48768
0.012901,0.21176,0.53591
0.0091869,0.21646,0.629
-0.0015918,0.22681,0.72681
-0.01218,0.24436,0.80966
-0.03593,0.26407,0.90272
-0.059524,0.28831,0.9818
0.10527,0.11813,0.11081
0.30854,-0.10191,0.4826
0.24394,-0.027729,0.48768
0.17035,0.049229,0.48768
0.084882,0.14481,0.48768
0.018311,0.21702,0.51291
0.017657,0.22228,0.61029
0.0077389,0.22981,0.70403
-0.0091911,0.24193,0.796
-0.025877,0.26584,0.8868
-0.04782,0.29204,0.96956
0.12973,0.10458,0.11088
0.31084,-0.098604,0.46701
0.26615,-0.036976,0.48768
0.1905,0.042119,0.48768
0.11106,0.13199,0.48768
0.024464,0.22332,0.48836
0.023054,0.22582,0.59286
0.020532,0.23905,0.68819
0.0039395,0.24723,0.77425
-0.014135,0.268,0.86817
-0.031024,0.29538,0.94874
0.14599,0.10854,0.099319
0.31899,-0.086913,0.43768
0.29112,-0.052046,0.48768
0.21275,0.029033,0.48768
0.14668,0.1047,0.48768
0.054588,0.20465,0.48768
0.031975,0.232,0.55921
0.02696,0.24006,0.66354
0.016466,0.25303,0.75427
-0.000474,0.26684,0.83578
-0.018783,0.29633,0.92943
0.14926,0.11497,0.069303
0.32481,-0.078476,0.41875
0.30849,-0.058331,0.48768
0.23212,0.023715,0.48768
0.16461,0.10528,0.48768
0.087302,0.19294,0.48768
0.04392,0.24291,0.53862
0.037257,0.24555,0.63523
0.029809,0.25999,0.73319
0.010667,0.27556,0.83049
-0.0052115,0.30028,0.913
-0.060403,0.36187,0.97096
0.32663,-0.075573,0.41542
0.32253,-0.059051,0.48768
0.25679,0.0083392,0.48768
0.17396,0.097684,0.48768
0.096118,0.19417,0.48768
0.049344,0.24796,0.52912
0.048484,0.25557,0.62785
0.032133,0.25978,0.7241
0.023082,0.28093,0.81297
-0.0011978,0.29684,0.89895
-0.021859,0.32593,0.98174
0.13534,0.158,0.1073
0.33473,-0.062589,0.47922
0.27284,0.0049294,0.48768
0.20061,0.090589,0.48768
0.1266,0.17421,0.48768
0.053432,0.25212,0.51626
0.054293,0.25898,0.61096
0.046651,0.26754,0.69893
0.035665,0.2843,0.78972
0.012277,0.30385,0.88654
-0.0059655,0.33108,0.96525
0.15787,0.14735,0.10725
0.33633,-0.060038,0.46602
0.29193,0.0024214,0.48768
0.22438,0.076078,0.48768
0.1451,0.16816,0.48768
0.067087,0.2565,0.48768
0.065351,0.26806,0.59236
0.052803,0.27193,0.69094
0.040018,0.28329,0.77422
0.027765,0.31016,0.86873
0.0039701,0.33074,0.94936
0.16916,0.15401,0.084394
0.34569,-0.045045,0.42452
0.31738,-0.018364,0.48768
0.25481,0.057413,0.48768
0.17968,0.13854,0.48768
0.09922,0.23726,0.48768
0.071719,0.2719,0.56242
0.063517,0.27646,0.66282
0.050537,0.2877,0.75605
0.038368,0.30957,0.84427
0.018809,0.33553,0.93218
0.16676,0.18067,0.033764
0.14714,0.19937,0.10428
0.34434,-0.037804,0.48768
0.27381,0.046193,0.48768
0.2094,0.12639,0.48768
0.12806,0.21508,0.48768
0.088157,0.27336,0.53996
0.087292,0.2725,0.64349
0.061717,0.29513,0.74482
0.17963,0.17457,0.085765
0.353,-0.031949,0.42995
0.32674,-0.0013964,0.48768
0.25601,0.082407,0.48768
0.18745,0.16708,0.48768
0.10325,0.26359,0.48756
0.18679,0.17013,0.68746
0.092471,0.27955,0.69047
0.18232,0.17984,0.092713
0.35611,-0.026372,0.44384
0.32822,0.014703,0.48768
0.26319,0.090762,0.48768
0.18084,0.18956,0.48768
0.10523,0.27778,0.48948
0.18406,0.18301,0.69047
0.098913,0.29105,0.69047
0.19032,0.19556,0.098315
0.36477,-0.010805,0.44837
0.32728,0.029634,0.49489
0.33181,0.026789,0.5851
0.31307,0.048114,0.64825
0.26362,0.10277,0.68904
0.17963,0.19965,0.69047
0.093549,0.31124,0.69047
0.18259,0.21177,0.10234
0.33768,0.031232,0.5313
0.33272,0.038341,0.61403
0.3057,0.074558,0.66955
0.24411,0.1432,0.69047
0.15388,0.2506,0.69047
0.20026,0.21505,0.095655
0.34039,0.033944,0.54984
0.33152,0.045296,0.62632
0.30289,0.088031,0.67647
0.23623,0.16878,0.69047
0.14217,0.27436,0.69047
0.35159,0.045144,0.5581
0.33906,0.061614,0.63661
0.30255,0.10067,0.681
0.2328,0.18993,0.69047
0.12582,0.31131,0.69047
0.34808,0.055924,0.61781
0.32381,0.095625,0.67095
0.25372,0.16952,0.69047
0.36266,0.056215,0.56796
0.34472,0.072817,0.64247
0.30635,0.12812,0.6866
0.35808,0.072566,0.62733
-0.033955,0.39087,0.95679
-0.020212,0.37712,0.96563
-0.011816,0.36873,0.90854
-0.0043144,0.36123,0.80287
-0.0098046,0.36672,0.88835
-0.032795,0.36031,0.97874
0.0051043,0.35181,0.7841
0.0072721,0.34964,0.89108
0.0025529,0.35436,0.97661
0.02007,0.33684,0.64546
0.019171,0.33774,0.75589
0.016835,0.34008,0.84985
0.012308,0.33659,0.94511
0.030288,0.32662,0.49561
0.031771,0.32514,0.58866
0.036427,0.32048,0.70007
0.0263,0.33061,0.79412
0.03052,0.32531,0.89271
-0.002252,0.33382,0.96376
0.03811,0.3188,0.51392
0.13198,0.30316,0.69047
0.043757,0.31315,0.70951
0.034113,0.3228,0.80832
0.02138,0.31902,0.89818
-0.019326,0.32055,0.96959
0.078836,0.30539,0.47948
0.080415,0.30381,0.57412
0.10582,0.29819,0.69047
0.05295,0.30396,0.74415
0.041386,0.30981,0.83821
0.0068992,0.30984,0.90838
-0.037665,0.31206,0.9847
0.092516,0.29171,0.52179
0.091822,0.2924,0.61218
0.059511,0.2974,0.69129
0.049271,0.293,0.77557
0.019192,0.29474,0.85377
-0.017525,0.29851,0.931
-0.1037,0.31437,0.97687
0.093754,0.27896,0.50889
0.094063,0.27927,0.6041
0.075422,0.28441,0.69047
0.048004,0.28933,0.76842
0.023326,0.29431,0.8438
-0.013545,0.29515,0.91846
-0.062973,0.29338,0.99487
0.1022,0.27281,0.48888
0.068745,0.26875,0.55892
0.10938,0.27094,0.69047
0.044332,0.27604,0.73872
0.017966,0.27654,0.81478
-0.011903,0.2809,0.88889
-0.048864,0.28738,0.96402
0.11859,0.26563,0.4581
0.07082,0.26955,0.51
0.17172,0.25808,0.69047
0.04998,0.26823,0.68694
0.025617,0.26607,0.76583
-0.0023739,0.27129,0.84966
-0.035198,0.27357,0.91859
-0.081655,0.27549,0.99609
0.11712,0.25474,0.48768
0.059536,0.25826,0.53334
0.13336,0.24878,0.69047
0.034958,0.25867,0.70992
0.010525,0.25832,0.78759
-0.021009,0.26242,0.87089
-0.061436,0.25852,0.93772
-0.17096,0.27391,0.97135
0.099366,0.24533,0.48768
0.20713,0.23173,0.67131
0.03858,0.24575,0.62835
0.02377,0.24876,0.71452
0.00018169,0.25238,0.79871
-0.030458,0.25397,0.87281
-0.069695,0.25643,0.94825
0.12426,0.23265,0.41157
0.097478,0.22809,0.48768
0.21042,0.22844,0.67626
0.032458,0.23927,0.62617
0.01839,0.24313,0.71362
-0.011281,0.23852,0.79266
-0.043065,0.24277,0.8755
-0.078631,0.24932,0.95129
0.14054,0.21638,0.41754
0.10582,0.22422,0.48768
0.22482,0.21403,0.67985
0.023721,0.2281,0.608
0.0073822,0.22742,0.69509
-0.015003,0.22943,0.77766
-0.046978,0.23252,0.8624
-0.08403,0.23196,0.93094
-0.14592,0.23617,0.99204
0.13994,0.20614,0.48768
0.029857,0.21604,0.48768
0.15603,0.21064,0.69047
0.0033764,0.21579,0.66042
-0.014406,0.22132,0.75178
-0.043331,0.22178,0.83097
-0.073838,0.22973,0.90958
-0.1234,0.22326,0.98
0.18618,0.19578,0.48768
0.079829,0.20626,0.48768
0.20204,0.19247,0.69047
0.0055493,0.21276,0.62858
-0.0067371,0.2171,0.71039
-0.034783,0.21421,0.79061
-0.068531,0.21647,0.8739
-0.10784,0.2192,0.94982
0.17422,0.18269,0.41116
0.15608,0.19269,0.48768
0.25647,0.18238,0.67511
-0.0014174,0.19839,0.55491
-0.011995,0.19691,0.63899
-0.025025,0.20281,0.72477
-0.052411,0.2066,0.81588
-0.085922,0.20713,0.88937
-0.13168,0.20419,0.96345
-0.16955,0.19824,0.04045
0.16506,0.17902,0.48768
0.06156,0.18217,0.48768
0.18482,0.1782,0.69047
-0.012264,0.19405,0.62312
-0.030616,0.19469,0.71566
-0.056615,0.19809,0.80502
-0.087868,0.19824,0.87602
-0.12791,0.20144,0.95344
-0.16067,0.18936,0.025577
0.21715,0.16708,0.47113
0.11957,0.17185,0.48768
0.25178,0.16619,0.69047
-0.015006,0.18558,0.57052
-0.028569,0.18358,0.65891
-0.054913,0.17791,0.7427
-0.075376,0.18663,0.82345
-0.11292,0.18596,0.90057
-0.15915,0.18314,0.9733
-0.14919,0.17787,0.039012
0.22687,0.15735,0.48304
0.12828,0.16081,0.48768
0.25098,0.15517,0.69047
-0.023878,0.17628,0.56191
-0.037479,0.17293,0.64822
-0.061317,0.17024,0.73815
-0.085821,0.17505,0.82058
-0.12293,0.17466,0.8981
-0.15847,0.18431,0.97404
-0.13852,0.1672,0.026984
0.23534,0.14889,0.46669
0.14115,0.15483,0.48768
0.27405,0.14334,0.69047
-0.035826,0.16279,0.52873
-0.049002,0.15642,0.6176
-0.06115,0.1619,0.70753
-0.089886,0.1614,0.7964
-0.12385,0.16389,0.87918
-0.16307,0.16939,0.95822
-0.14698,0.15676,0.025604
0.24219,0.13736,0.48768
0.15152,0.14106,0.48768
0.26822,0.13887,0.69047
-0.046107,0.15257,0.51888
-0.054153,0.15127,0.61761
-0.06891,0.15466,0.7094
-0.092936,0.15439,0.78625
-0.12839,0.15777,0.87612
-0.17176,0.15595,0.95094
0.11244,0.13993,0.10919
0.2595,0.12472,0.48428
0.15773,0.12838,0.48768
0.28204,0.1288,0.68966
-0.051912,0.14686,0.5027
-0.057241,0.14729,0.60943
-0.075356,0.14359,0.6901
-0.099076,0.14534,0.7776
-0.13315,0.14769,0.86532
-0.17323,0.14707,0.9383
0.12111,0.12147,0.11008
0.26552,0.11871,0.47423
0.17848,0.122,0.48768
0.30569,0.11782,0.68445
-0.048238,0.1355,0.48768
-0.069963,0.13146,0.58027
-0.076696,0.13804,0.67099
-0.10095,0.13799,0.76134
-0.13465,0.13534,0.84161
-0.17165,0.13572,0.91621
-0.21424,0.14046,0.99234
0.27588,0.10835,0.44956
0.22216,0.11194,0.48768
0.32825,0.10663,0.67405
-0.0022661,0.11916,0.48768
-0.08033,0.11832,0.52319
-0.083424,0.12442,0.63246
-0.10095,0.12356,0.71277
-0.12821,0.12519,0.80174
-0.16394,0.1221,0.87591
-0.20594,0.12987,0.96334
0.10248,0.10323,0.11185
0.27498,0.10108,0.48768
0.17272,0.10789,0.48768
0.29809,0.099711,0.68193
-0.051113,0.10491,0.48768
-0.086878,0.11353,0.56681
-0.098644,0.11363,0.65965
-0.12119,0.11088,0.74
-0.15041,0.11218,0.82492
-0.18486,0.11881,0.9098
-0.23324,0.1159,0.98381
-0.069879,0.099786,0.07017
0.26863,0.08676,0.48768
0.34656,0.092297,0.64574
0.2847,0.089473,0.68268
-0.064039,0.097188,0.48768
-0.099538,0.10098,0.56907
-0.10968,0.10334,0.66319
-0.12835,0.10529,0.74559
-0.15826,0.10455,0.82548
-0.19934,0.10638,0.91338
-0.24027,0.11042,0.98618
-0.064066,0.093973,0.067992
0.28483,0.08247,0.48768
0.35391,0.080936,0.64133
0.29008,0.085163,0.67994
-0.04968,0.09234,0.48768
-0.11089,0.088273,0.54201
-0.11383,0.096315,0.64658
-0.13838,0.092165,0.7345
-0.16529,0.092411,0.81257
-0.20351,0.093437,0.89687
-0.24627,0.098789,0.97755
0.068941,0.080397,0.11439
0.2988,0.067976,0.48768
0.35579,0.07227,0.63018
0.30579,0.07413,0.66931
-0.023356,0.08084,0.48768
-0.11434,0.0843,0.52514
-0.12324,0.0822,0.61771
-0.1434,0.078293,0.70261
-0.16817,0.081061,0.79121
-0.19713,0.089725,0.87746
-0.24315,0.085894,0.95297
0.095265,0.067446,0.11436
0.32126,0.062966,0.46596
0.36493,0.060779,0.58849
0.32575,0.060258,0.64783
0.029755,0.065942,0.48768
-0.0812,0.072043,0.48768
-0.12996,0.069732,0.55253
-0.13987,0.071832,0.65617
-0.1581,0.073487,0.73825
-0.19387,0.07036,0.82903
-0.23201,0.072849,0.91191
-0.28107,0.071015,0.98833
0.056057,0.054415,0.11646
0.33431,0.049911,0.49864
0.35041,0.051309,0.60419
0.31017,0.053394,0.65485
0.0021429,0.057686,0.48768
-0.12468,0.064974,0.48768
-0.14466,0.057063,0.58307
-0.15526,0.059905,0.67293
-0.17893,0.063024,0.7703
-0.20886,0.066411,0.85317
-0.24605,0.069657,0.93044
-0.37233,0.06123,0.96459
-0.020891,0.050798,0.067828
0.34956,0.043112,0.51963
0.34524,0.045791,0.60346
0.11307,0.047869,0.48768
-0.0042744,0.0494,0.48768
-0.11987,0.051871,0.48768
-0.14448,0.056555,0.57664
-0.16109,0.053889,0.67211
-0.18886,0.049203,0.75871
-0.21374,0.056164,0.84144
-0.25595,0.056226,0.92442
-0.36337,0.057672,0.96903
-0.011984,0.041891,0.072589
0.3436,0.037155,0.50999
0.33569,0.035408,0.60173
0.11169,0.037243,0.48768
-0.0003844,0.042929,0.48768
-0.12215,0.037906,0.48768
-0.15706,0.043268,0.5652
-0.1759,0.037745,0.66603
-0.19704,0.039034,0.75283
-0.2239,0.047733,0.84521
-0.26887,0.038285,0.91583
-0.34143,0.045056,0.98091
-0.0015785,0.031486,0.077942
0.33206,0.025618,0.4893
0.33428,0.028363,0.57547
0.12975,0.029213,0.48768
0.000761,0.030006,0.48768
-0.12353,0.031799,0.48768
-0.16568,0.034023,0.55276
-0.17986,0.030664,0.64896
-0.20442,0.028492,0.74305
-0.22511,0.038876,0.82844
-0.26924,0.033898,0.90876
-0.31408,0.036961,0.98672
0.05387,0.019079,0.11878
0.33866,0.018252,0.48415
0.24538,0.016087,0.48768
0.13039,0.012925,0.48768
0.016643,0.019835,0.48768
-0.10835,0.018983,0.48768
-0.17861,0.020015,0.52776
-0.18223,0.024961,0.62847
-0.20835,0.019667,0.7254
-0.2335,0.020851,0.80414
-0.27295,0.019979,0.88914
-0.32275,0.023009,0.97862
0.058083,0.0080922,0.11934
0.34966,0.0072555,0.48634
0.24713,0.0090203,0.48768
0.14284,0.013896,0.48768
0.028749,0.0055287,0.48768
-0.080226,0.011246,0.48768
-0.18825,0.010453,0.51484
-0.19691,0.0079883,0.61288
-0.20915,0.014706,0.71045
-0.24238,0.0078282,0.79367
-0.27767,0.0089227,0.87697
-0.32023,0.013015,0.95943
0.064108,0.0011676,0.11959
0.34656,0.0022611,0.48768
0.25355,0.0043263,0.48768
0.14766,-0.0019779,0.48768
0.035116,0.0029749,0.48768
-0.098816,-2.5916e-005,0.48768
-0.19707,0.0016805,0.50696
-0.20367,0.0010932,0.61163
-0.22205,9.943e-005,0.70431
-0.24959,-0.0015577,0.78818
-0.28956,-0.0062322,0.87069
0.084992,-0.011169,0.077496
0.3657,-0.0091264,0.45606
0.30633,-0.009577,0.48768
0.20817,-0.009949,0.48768
0.10703,-0.0088066,0.48768
-0.014694,-0.0096738,0.48768
-0.13548,-0.010683,0.48768
-0.20785,-0.008334,0.54915
-0.21522,-0.0054774,0.64413
-0.2358,-0.0065738,0.72977
-0.27191,-0.013572,0.81418
-0.31041,-0.011731,0.90019
0.35887,-0.021398,0.41129
0.34716,-0.014881,0.48768
0.24859,-0.017704,0.48768
0.14531,-0.014841,0.48768
0.035016,-0.014553,0.48768
-0.098092,-0.017529,0.48768
-0.21505,-0.016219,0.49388
-0.22481,-0.022083,0.59256
-0.23987,-0.020831,0.69053
-0.26926,-0.024442,0.77879
0.12239,-0.033142,0.11751
0.35773,-0.023454,0.43504
0.31527,-0.023528,0.48768
0.21887,-0.024446,0.48768
0.1185,-0.026804,0.48768
-0.0033317,-0.02676,0.48768
-0.13717,-0.028664,0.48768
-0.23116,-0.032441,0.512
-0.23178,-0.026834,0.61339
-0.25616,-0.0304,0.7173
-0.2835,-0.032991,0.79445
0.35036,-0.036705,0.41467
0.33368,-0.033817,0.48768
0.24264,-0.033353,0.48768
0.13388,-0.034477,0.48768
0.013972,-0.040461,0.48768
-0.097908,-0.044554,0.48768
-0.24125,-0.049415,0.48768
-0.24609,-0.0437,0.58931
-0.26657,-0.05067,0.67626
0.12755,-0.046963,0.117
0.34704,-0.042663,0.42931
0.31399,-0.045612,0.48768
0.22198,-0.047427,0.48768
0.11177,-0.049314,0.48768
-0.0012429,-0.053899,0.48768
-0.12994,-0.058775,0.48768
-0.25513,-0.056319,0.49599
-0.2602,-0.056724,0.59959
-0.27163,-0.050974,0.69788
0.072994,-0.057212,0.14102
0.3334,-0.053234,0.48768
0.2406,-0.055789,0.48768
0.1352,-0.052427,0.48768
0.019572,-0.061961,0.48768
-0.10357,-0.067603,0.48768
-0.22432,-0.063255,0.48768
-0.25652,-0.069414,0.5819
-0.25953,-0.066408,0.68158
0.077059,-0.06756,0.12033
0.33269,-0.065854,0.45505
0.27464,-0.061672,0.48768
0.17046,-0.064862,0.48768
0.049671,-0.070364,0.48768
-0.063657,-0.074787,0.48768
-0.19274,-0.07423,0.48768
-0.26196,-0.076758,0.54481
-0.25776,-0.072552,0.65936
0.098047,-0.078252,0.11873
0.33224,-0.066584,0.44179
0.29025,-0.071794,0.48768
0.1887,-0.076147,0.48768
0.085565,-0.080299,0.48768
-0.044375,-0.084818,0.48768
-0.17231,-0.091105,0.48768
-0.25147,-0.084509,0.69047
0.071455,-0.09121,0.10919
0.3237,-0.08015,0.44571
0.27055,-0.083056,0.48768
0.16808,-0.085301,0.48768
0.05539,-0.089356,0.48768
-0.065208,-0.092914,0.48768
-0.20221,-0.095234,0.48768
-0.28989,-0.093306,0.69047
0.044046,-0.096363,0.11984
0.31534,-0.092155,0.47908
0.23418,-0.095039,0.48768
0.11858,-0.093095,0.48768
0.004846,-0.097648,0.48768
-0.11859,-0.10292,0.48768
-0.21892,-0.10702,0.68178
0.073692,-0.10533,0.093529
0.31377,-0.094402,0.42607
0.28941,-0.10081,0.48768
0.18576,-0.098055,0.48768
0.08575,-0.10867,0.48768
-0.031772,-0.10899,0.48768
-0.17424,-0.11446,0.48768
-0.24243,-0.11912,0.69047
0.0616,-0.11748,0.11815
0.30187,-0.11147,0.44455
0.25073,-0.11254,0.48768
0.13912,-0.11877,0.48768
0.041292,-0.11698,0.48768
-0.088185,-0.12212,0.48768
-0.22382,-0.12889,0.48768
0.077497,-0.12936,0.10975
0.29714,-0.11772,0.43877
0.24685,-0.11501,0.48768
0.14906,-0.11977,0.48768
0.031508,-0.13022,0.48768
-0.088945,-0.13543,0.48768
-0.18662,-0.13932,0.67213
0.078877,-0.13807,0.091849
0.29032,-0.12652,0.41948
0.26844,-0.12553,0.48768
0.17075,-0.13377,0.48768
0.058333,-0.1388,0.48768
-0.062331,-0.14098,0.48768
-0.19776,-0.14899,0.48768
0.080718,-0.14969,0.084104
0.28052,-0.13916,0.41123
0.26724,-0.13683,0.48768
0.17371,-0.14095,0.48768
0.056278,-0.14715,0.48768
-0.054968,-0.15179,0.48768
-0.18556,-0.16445,0.48768
0.081577,-0.15512,0.097819
0.2788,-0.14138,0.44462
0.22827,-0.15148,0.48768
0.12234,-0.15442,0.48768
0.0077612,-0.15466,0.48768
-0.11453,-0.16706,0.48768
-0.20142,-0.16899,0.69047
0.053859,-0.16592,0.11482
0.26583,-0.15685,0.47586
0.16948,-0.15949,0.48768
0.070265,-0.16654,0.48768
-0.053564,-0.16996,0.48768
-0.17225,-0.17705,0.48768
0.084655,-0.17455,0.086279
0.26175,-0.16159,0.43685
0.22339,-0.17035,0.48768
0.11386,-0.17492,0.48768
-0.0039359,-0.17923,0.48768
-0.12379,-0.19176,0.48768
-0.20264,-0.19193,0.69047
0.041175,-0.18554,0.11358
0.25063,-0.17454,0.48447
0.14411,-0.18335,0.48768
0.028404,-0.19371,0.48768
-0.095912,-0.19896,0.48768
-0.17674,-0.20157,0.69047
0.047379,-0.19893,0.11256
0.23937,-0.18654,0.48054
0.12621,-0.19094,0.48768
0.02351,-0.19648,0.48768
-0.098592,-0.21069,0.48768
0.089116,-0.20272,0.092557
0.23322,-0.193,0.44477
0.18483,-0.19569,0.48768
0.085558,-0.20476,0.48768
-0.042453,-0.21229,0.48768
-0.1193,-0.2151,0.69047
0.077156,-0.21878,0.11083
0.22134,-0.2055,0.45294
0.16233,-0.21025,0.48768
0.044769,-0.217,0.48768
-0.071863,-0.22836,0.48768
-0.16824,-0.22945,0.69047
0.2183,-0.2084,0.41938
0.19599,-0.21707,0.48768
0.092748,-0.22525,0.48768
-0.025469,-0.23511,0.48768
-0.10948,-0.2385,0.69047
0.068238,-0.23052,0.1101
0.20529,-0.22077,0.48092
0.10627,-0.23154,0.48768
-0.014319,-0.24065,0.48768
-0.10167,-0.24674,0.69004
0.068667,-0.24142,0.10933
0.19292,-0.23254,0.48133
0.10478,-0.24006,0.48768
-0.019945,-0.25522,0.48768
-0.083916,-0.25911,0.68702
0.075188,-0.25259,0.10847
0.17668,-0.24661,0.45631
0.10312,-0.25244,0.48768
-0.018396,-0.26675,0.48768
-0.077918,-0.26382,0.68492
0.07682,-0.26756,0.10739
0.16436,-0.25719,0.46241
0.090264,-0.2681,0.48768
-0.019677,-0.27153,0.48768
-0.0863,-0.27446,0.68438
0.055276,-0.2733,0.10723
0.1392,-0.26687,0.48768
0.019703,-0.27845,0.48768
-0.050517,-0.29178,0.66454
0.096479,-0.27702,0.10651
0.13451,-0.28064,0.45544
0.074186,-0.28242,0.48768
-0.049759,-0.29487,0.48768
-0.097061,-0.29507,0.68202
0.12709,-0.28629,0.4118
0.11025,-0.2902,0.48768
-0.0069283,-0.30051,0.48768
-0.03046,-0.30002,0.64454
0.10492,-0.30251,0.10273
0.10397,-0.30241,0.43485
0.036749,-0.30785,0.48768
-0.018388,-0.30755,0.53477
-0.032466,-0.31495,0.63127
0.10466,-0.31042,0.10406
0.096865,-0.30736,0.45844
0.019743,-0.31894,0.48768
-0.013518,-0.31996,0.55972
-0.048444,-0.32794,0.63444
0.064129,-0.3168,0.10406
0.054292,-0.32083,0.48768
-0.023768,-0.32841,0.58673
-0.071533,-0.33523,0.64927
0.047348,-0.33757,0.42763
-0.039467,-0.34591,0.5534
0.10765,-0.33796,0.10208
0.033716,-0.34515,0.45139
