-0.20465,-0.27436,0.059001
-0.22055,-0.25297,0.080604
-0.19859,-0.26241,0.073107
-0.18519,-0.2549,0.052788
-0.23193,-0.22271,0.092641
-0.20095,-0.22704,0.091972
-0.17644,-0.23553,0.075468
-0.17079,-0.23716,0.071829
-0.20582,-0.19941,0.11532
-0.18005,-0.21072,0.089683
-0.15135,-0.22106,0.065049
-0.18964,-0.18547,0.12022
-0.17096,-0.19323,0.077781
0.0061117,-0.34409,0.53249
-0.089235,-0.26773,0.52775
-0.16308,-0.19034,0.043266
-0.18778,-0.16943,0.12313
0.004577,-0.32765,0.54505
-0.094754,-0.24985,0.53056
-0.18953,-0.16623,0.5263
-0.16373,-0.17371,0.12635
0.021907,-0.33848,0.53998
-0.047582,-0.27169,0.54146
-0.15436,-0.18905,0.53014
-0.25025,-0.096684,0.52997
-0.16507,-0.16237,0.12797
0.034834,-0.33233,0.54351
-0.038768,-0.26519,0.54632
-0.13461,-0.1848,0.53759
-0.23672,-0.094219,0.53444
-0.14127,-0.17035,0.10071
0.055469,-0.34334,0.52838
-0.0010412,-0.28698,0.55389
-0.094248,-0.21369,0.54115
-0.18498,-0.12545,0.54038
-0.27892,-0.046223,0.54022
-0.15106,-0.14679,0.13279
0.045698,-0.31357,0.5555
-0.04538,-0.24132,0.55034
-0.13234,-0.16379,0.54482
-0.22755,-0.076444,0.54319
-0.3269,0.0069539,0.54629
0.081248,-0.3401,0.5174
0.050611,-0.3058,0.56045
-0.03454,-0.2368,0.55539
-0.12473,-0.152,0.55084
-0.22917,-0.062911,0.54756
-0.12115,-0.15178,0.10555
0.094037,-0.33308,0.53977
0.047652,-0.2918,0.56987
-0.052393,-0.20825,0.55636
-0.13453,-0.12934,0.55483
-0.24056,-0.04523,0.55079
-0.11362,-0.14487,0.12154
0.09436,-0.32919,0.54085
0.048742,-0.27942,0.56907
-0.040532,-0.21038,0.55684
-0.1299,-0.13129,0.55477
-0.23154,-0.041551,0.5545
-0.10301,-0.13502,0.10972
0.11078,-0.32133,0.53259
0.067412,-0.28394,0.56561
-0.020749,-0.20397,0.55601
-0.1198,-0.12639,0.55363
-0.20548,-0.049803,0.55633
-0.30586,0.049422,0.55885
0.11173,-0.31576,0.51052
0.080107,-0.28504,0.56024
-0.0042364,-0.21017,0.55721
-0.09028,-0.13695,0.55219
-0.18316,-0.043883,0.55276
-0.27022,0.028625,0.56775
-0.11146,-0.1033,0.1463
0.092985,-0.28577,0.55492
0.016785,-0.21507,0.55824
-0.069968,-0.14161,0.55101
-0.15684,-0.058628,0.5513
-0.25297,0.021618,0.56486
-0.087061,-0.11029,0.14913
0.11396,-0.29567,0.54354
0.054014,-0.24298,0.56296
-0.030827,-0.15929,0.54938
-0.12672,-0.067738,0.54971
-0.21628,0.0035427,0.55868
-0.074066,-0.10835,0.1341
0.12407,-0.29405,0.54005
0.069487,-0.23582,0.56142
-0.023316,-0.15675,0.54861
-0.10902,-0.0732,0.54878
-0.19884,0.013036,0.55595
-0.064888,-0.099838,0.1248
0.14462,-0.29352,0.53208
0.086648,-0.24886,0.56317
-0.00018104,-0.15677,0.54855
-0.091954,-0.081946,0.54814
-0.1728,0.00021799,0.55156
-0.28134,0.091748,0.55518
-0.089462,-0.07352,0.15472
0.11886,-0.26014,0.55267
0.028409,-0.18175,0.55293
-0.052903,-0.10067,0.5466
-0.14868,-0.0081384,0.54754
-0.22843,0.06402,0.56065
-0.062141,-0.085683,0.15718
0.13244,-0.26232,0.54662
0.073944,-0.2003,0.55547
-0.022785,-0.11263,0.54522
-0.11614,-0.028132,0.54589
-0.1981,0.046941,0.55605
-0.047754,-0.084019,0.13012
0.15706,-0.26808,0.53508
0.10347,-0.22377,0.55865
0.0045357,-0.13216,0.54463
-0.078807,-0.045573,0.54438
-0.16351,0.035868,0.55044
-0.28385,0.14865,0.53189
-0.059386,-0.048272,0.16371
0.13925,-0.24504,0.54931
0.055003,-0.16406,0.54994
-0.030052,-0.083647,0.54357
-0.1149,-0.0032981,0.54391
-0.20571,0.085808,0.55641
-0.027299,-0.065057,0.11359
0.18068,-0.2674,0.52595
0.13363,-0.22813,0.5568
0.053701,-0.14415,0.5467
-0.041731,-0.050629,0.54195
-0.1265,0.024839,0.54429
-0.21621,0.10628,0.55766
0.033745,-0.11343,0.15408
-0.040326,-0.040661,0.16805
0.15766,-0.23842,0.54409
0.093907,-0.17165,0.55029
0.00018785,-0.084698,0.54135
-0.083206,0.0030637,0.54102
-0.17354,0.082235,0.55119
0.059486,-0.13372,0.14724
0.0091998,-0.078755,0.16375
-0.091859,0.015842,0.13295
0.16107,-0.22091,0.54819
0.080248,-0.14513,0.54624
-0.0076794,-0.066806,0.54059
-0.094078,0.026961,0.54003
-0.18599,0.10793,0.55265
0.057703,-0.10711,0.15288
-0.0067912,-0.046172,0.17261
0.19544,-0.25199,0.52491
0.13963,-0.19809,0.55358
0.056927,-0.10839,0.54126
-0.026621,-0.025303,0.53927
-0.11862,0.055266,0.54278
-0.20834,0.14044,0.55557
0.049804,-0.089451,0.15732
-0.0089343,-0.038073,0.18598
0.19214,-0.23128,0.53263
0.13726,-0.17277,0.55149
0.048857,-0.085272,0.53927
-0.039591,0.0030624,0.53927
-0.12066,0.080986,0.54415
-0.24666,0.19941,0.52337
0.045215,-0.069868,0.16181
0.0074456,-0.037476,0.21024
0.1883,-0.21933,0.53785
0.12778,-0.15129,0.5493
0.029447,-0.061347,0.53927
-0.05009,0.028492,0.53927
-0.12724,0.10342,0.5462
0.06432,-0.071762,0.10577
0.039673,-0.047136,0.16705
0.016462,-0.033741,0.2344
0.17996,-0.19902,0.54746
0.10568,-0.11669,0.54529
0.015888,-0.02649,0.53927
-0.061571,0.054372,0.53927
-0.16291,0.14149,0.55142
0.053679,-0.048421,0.14811
0.02622,-0.0297,0.21421
0.19947,-0.2023,0.53868
0.13253,-0.13392,0.54841
0.046146,-0.051019,0.53927
-0.037528,0.039251,0.53927
-0.126,0.12009,0.54729
0.042175,-0.022094,0.11883
0.032152,-0.017593,0.19917
0.21168,-0.19901,0.53484
0.15379,-0.1453,0.55087
0.06237,-0.047759,0.53927
-0.017028,0.03076,0.53927
-0.11323,0.12104,0.54646
0.046831,-0.021073,0.11595
0.034153,-0.012761,0.19454
0.22048,-0.19713,0.53193
0.15519,-0.12708,0.54974
0.067942,-0.046777,0.53927
-0.011159,0.041091,0.53927
-0.09881,0.12586,0.54578
0.056319,-0.019027,0.11959
0.031887,0.017336,0.17568
0.22317,-0.18791,0.53371
0.16753,-0.12362,0.55059
0.085456,-0.037437,0.53927
-0.006645,0.0455,0.53927
-0.085193,0.13002,0.54511
0.070539,-0.015945,0.12065
0.034063,0.018338,0.17216
0.23334,-0.17597,0.53336
0.17633,-0.11857,0.55102
0.081532,-0.024266,0.53927
-0.0037437,0.058388,0.53927
-0.078698,0.13701,0.54517
0.078311,-0.01425,0.1184
0.037427,0.02699,0.17109
0.23507,-0.16808,0.53511
0.17545,-0.11111,0.55043
0.089382,-0.026422,0.53927
0.013136,0.060999,0.53927
-0.074686,0.1558,0.54655
0.098321,-0.0099716,0.13571
0.03453,0.05222,0.15271
0.2443,-0.16315,0.53296
0.18015,-0.10255,0.55026
0.09757,-0.022111,0.53927
0.016939,0.063589,0.53927
-0.068828,0.16221,0.54671
0.11033,-0.0073148,0.12245
0.063418,0.030917,0.16504
-0.0080487,0.11674,0.15453
0.21998,-0.12772,0.55359
0.13968,-0.040762,0.54244
0.050079,0.045873,0.53927
-0.03623,0.14409,0.54287
-0.14282,0.25322,0.5341
0.088976,0.025919,0.15942
0.0049804,0.10603,0.15649
0.23321,-0.1311,0.54729
0.15694,-0.053154,0.54481
0.074554,0.040168,0.53927
-0.0082172,0.12867,0.53958
-0.10311,0.21864,0.55406
0.11297,0.016908,0.15429
0.016756,0.10703,0.15584
0.24608,-0.12593,0.54377
0.16925,-0.052184,0.54584
0.093071,0.037292,0.53961
0.0073323,0.12607,0.53975
-0.079471,0.21662,0.55294
0.11598,0.01603,0.15364
0.035044,0.11563,0.15323
0.25084,-0.12529,0.54215
0.17655,-0.046047,0.54643
0.098308,0.047368,0.5403
0.0042158,0.14098,0.54089
-0.06967,0.22229,0.55354
0.14213,0.0054469,0.14808
0.040738,0.11391,0.14996
0.26051,-0.114,0.54243
0.19247,-0.03962,0.54846
0.10985,0.0399,0.54048
0.025917,0.13066,0.54078
-0.060045,0.21813,0.55273
0.14974,0.009324,0.14621
0.040803,0.13316,0.14904
0.26157,-0.10608,0.54473
0.19564,-0.034814,0.54879
0.11502,0.056297,0.54145
0.033135,0.14697,0.54184
-0.048829,0.23096,0.55456
0.1556,0.025271,0.14431
0.028896,0.16744,0.14168
0.26141,-0.088439,0.55077
0.18626,-0.0048717,0.54688
0.098768,0.084621,0.54199
0.023317,0.17044,0.54449
-0.061904,0.25554,0.55861
0.1413,0.046623,0.14679
0.28672,-0.11214,0.53342
0.24219,-0.061564,0.55613
0.16169,0.035086,0.54269
0.07705,0.11979,0.54259
-0.0050976,0.21129,0.55077
0.19266,0.010517,0.13189
0.045832,0.16504,0.1338
0.28176,-0.084521,0.54461
0.21384,-0.014242,0.55092
0.13026,0.082191,0.54329
0.04569,0.17668,0.54486
-0.032987,0.25879,0.55865
0.17703,0.042169,0.13883
0.29883,-0.089808,0.53654
0.2406,-0.027274,0.55532
0.15224,0.068485,0.54366
0.07506,0.15916,0.54427
-0.0038888,0.23573,0.55457
0.1912,0.044934,0.13551
0.31361,-0.091377,0.53057
0.26332,-0.03872,0.55906
0.1818,0.048059,0.54515
0.090447,0.1483,0.54447
0.024889,0.23499,0.55131
0.19752,0.050312,0.13388
0.31764,-0.086102,0.53088
0.26247,-0.031688,0.55881
0.19178,0.058047,0.5463
0.10761,0.14757,0.5452
0.021933,0.25309,0.54859
0.20771,0.048122,0.13165
0.32312,-0.077903,0.51262
0.28904,-0.037793,0.55518
0.2156,0.042408,0.54968
0.13262,0.13021,0.5455
0.049624,0.23331,0.5442
0.047027,0.24352,0.023591
0.053098,0.23748,0.12423
0.29125,-0.031153,0.55453
0.2211,0.056629,0.5443
0.13346,0.15175,0.5399
0.046383,0.24319,0.54321
0.074705,0.23913,0.032659
0.054993,0.25665,0.11426
0.30039,-0.024064,0.54975
0.22851,0.060601,0.54163
0.1477,0.14385,0.53831
0.068705,0.2444,0.53625
-0.0075376,0.32596,0.80993
0.082807,0.24169,0.064502
0.33552,-0.052416,0.51794
0.28931,0.0048288,0.54628
0.20027,0.098303,0.53655
0.12492,0.19904,0.5302
0.038459,0.28771,0.53671
0.026059,0.29911,0.81878
0.010301,0.31765,0.90567
0.07479,0.25813,0.077581
0.32893,-0.025801,0.52854
0.2645,0.049814,0.53769
0.18165,0.13355,0.53239
0.10186,0.23156,0.52883
0.092513,0.2408,0.82238
0.090697,0.25123,0.91639
0.0874,0.27068,0.035609
0.34389,-0.041183,0.50023
0.31006,0.0030223,0.54269
0.23201,0.094644,0.53068
0.14498,0.19754,0.52555
0.19679,0.13652,0.81879
0.16325,0.17026,0.87379
0.11832,0.22524,0.92463
0.057342,0.30073,0.96836
0.074423,0.29505,0.081921
0.27424,0.056289,0.5338
0.16172,0.19893,0.47548
0.33743,-0.013527,0.80314
0.33641,-0.0057681,0.89516
0.24494,0.090598,0.88405
0.21254,0.13703,0.94572
0.12549,0.23034,0.96153
0.090382,0.28951,0.039423
0.21225,0.1529,0.47548
0.3352,-0.0037337,0.74121
0.35691,-0.02019,0.85023
0.33094,0.0044246,0.92022
0.27938,0.067953,0.94583
0.20871,0.14799,0.96371
0.12771,0.24506,0.98428
0.093704,0.31048,0.038897
0.19235,0.19531,0.47548
0.37657,-0.024421,0.80858
0.36584,-0.017219,0.89099
0.33581,0.016993,0.94889
0.28569,0.081565,0.97827
0.20282,0.17949,0.99499
0.11632,0.28394,1
0.22302,0.1711,0.47548
0.38137,-0.018373,0.77295
0.37757,-0.023485,0.86255
0.35748,0.00099509,0.93166
0.32083,0.046267,0.97873
0.24367,0.13918,0.99559
0.15913,0.23996,1
0.22153,0.19276,0.47585
0.38697,-0.014673,0.78618
0.38214,-0.01491,0.88208
0.36342,0.007502,0.9488
0.31949,0.061126,0.98922
0.23608,0.16452,1
0.14368,0.28287,1
0.38701,-0.0041608,0.74698
0.39571,-0.0064917,0.84831
0.38592,0.0058391,0.91943
0.3511,0.04241,0.97831
0.28869,0.12151,1
0.19423,0.23079,1
0.39706,0.0030433,0.75331
0.39834,-0.0040318,0.84749
0.39134,0.011021,0.91981
0.35919,0.052561,0.97915
0.28948,0.13139,1
0.39475,0.02066,0.70486
0.4038,0.00108,0.81206
0.39847,0.0081307,0.8989
0.37399,0.037885,0.96694
0.19923,0.26266,0.85825
0.41144,0.012684,0.76449
0.41231,0.0090524,0.84986
0.39634,0.025604,0.93453
0.35984,0.07047,0.98483
0.23548,0.24653,0.51036
0.2171,0.27119,0.5828
0.2711,0.20139,0.7806
0.25605,0.21839,0.85825
0.27817,0.21011,0.66041
0.27449,0.20478,0.82817
0.016093,0.41512,0.86482
0.0081491,0.40664,0.78874
0.017414,0.40399,0.89844
0.0071243,0.39249,0.74175
0.0026152,0.40073,0.84181
0.040128,0.39036,0.67944
0.00048811,0.38808,0.74908
-0.0064286,0.39108,0.84452
0.037552,0.37322,0.67022
-0.0024397,0.37958,0.73483
-0.015196,0.38171,0.83207
0.050907,0.37058,0.97239
-0.0085739,0.36972,0.72623
-0.022949,0.36935,0.80878
0.0070211,0.37266,0.93287
-0.00010831,0.36252,0.70452
-0.019984,0.36068,0.79668
-0.011865,0.36155,0.89819
0.028267,0.34568,0.66773
-0.0092179,0.35216,0.74596
-0.019025,0.35788,0.84125
0.053174,0.34144,0.98434
0.054308,0.32826,0.65138
0.0058676,0.3404,0.70771
-0.011559,0.33605,0.80653
0.00099307,0.33961,0.9143
0.055174,0.31702,0.091655
0.046765,0.32436,0.6605
0.0054214,0.32985,0.71781
-0.010725,0.33361,0.81596
0.10397,0.32001,0.99456
0.040092,0.31963,0.091444
-0.053983,0.31973,0.53337
0.013869,0.32289,0.70367
-0.0019444,0.32149,0.79048
0.0043974,0.3195,0.89048
0.061055,0.30708,0.092588
-0.002534,0.30739,0.54512
0.04534,0.30861,0.677
0.017613,0.30958,0.75134
0.0228,0.30171,0.8609
0.083505,0.2909,0.075119
0.21314,0.27514,0.58965
0.2119,0.27639,0.69076
0.21287,0.27541,0.78645
0.031096,0.29975,0.74469
0.027637,0.29785,0.84286
0.11738,0.28749,1
0.037698,0.2819,0.11537
0.22006,0.26822,0.60712
0.22054,0.26774,0.70578
0.22174,0.26655,0.80033
0.054425,0.27921,0.75909
0.045959,0.2832,0.84873
0.12444,0.27832,1
0.040787,0.27285,0.11731
0.22918,0.2591,0.58768
0.22877,0.25951,0.68452
0.22905,0.25924,0.7723
0.22184,0.2593,0.85825
0.060639,0.27147,0.83216
0.15804,0.26667,1
0.05451,0.26743,0.11805
0.24018,0.2481,0.57584
0.24359,0.24469,0.67
0.23354,0.25474,0.75155
0.24088,0.2474,0.84286
0.07182,0.2615,0.81674
0.081074,0.26153,0.91982
0.054382,0.25126,0.095736
0.24804,0.24024,0.54985
0.25197,0.23632,0.63896
0.24927,0.23901,0.72986
0.25571,0.23257,0.83536
0.07792,0.2554,0.78291
0.085023,0.25133,0.88818
0.065016,0.24473,0.074175
0.25946,0.22882,0.52551
0.26343,0.22486,0.61454
0.2576,0.23069,0.70734
0.25706,0.23123,0.79621
0.21996,0.23302,0.85825
0.08953,0.24379,0.85272
0.15366,0.23528,1
0.27203,0.21625,0.54511
0.27037,0.21791,0.62894
0.26686,0.22143,0.72875
0.27036,0.21792,0.81677
0.096302,0.23784,0.77332
0.10401,0.22962,0.87444
0.050931,0.22433,0.12797
0.21004,0.21378,0.47687
0.2788,0.20949,0.64353
0.27392,0.21436,0.73106
0.27675,0.20704,0.82638
0.11826,0.21506,0.79545
0.11752,0.21872,0.88762
0.051079,0.21737,0.12646
0.19971,0.20968,0.47548
0.12963,0.20801,0.52678
0.17082,0.20531,0.66723
0.27289,0.20318,0.8387
0.12475,0.20856,0.81923
0.13087,0.2107,0.91458
0.025303,0.20628,0.13299
0.16319,0.19743,0.47548
0.11098,0.2043,0.53237
0.16839,0.19703,0.67625
0.26478,0.19507,0.84857
0.13118,0.20213,0.84049
0.22448,0.19554,1
0.24403,0.18405,0.47732
0.14174,0.1872,0.47548
0.09629,0.1935,0.53875
0.17112,0.18501,0.68802
0.14691,0.19059,0.75629
0.13755,0.19577,0.85208
0.20612,0.18537,1
0.0096679,0.19114,0.13699
0.16704,0.18232,0.49754
0.10543,0.17988,0.53988
0.17347,0.17973,0.69542
0.15585,0.17863,0.77159
0.15706,0.17625,0.87172
0.20676,0.18023,1
0.23519,0.16786,0.47548
0.17486,0.16665,0.5258
0.22652,0.16363,0.65542
0.17295,0.17383,0.71166
0.16468,0.16863,0.79967
0.16971,0.16924,0.90135
0.046085,0.16742,0.13764
0.18639,0.15653,0.47548
0.14331,0.16423,0.53431
0.20345,0.15508,0.68206
0.17844,0.16045,0.74928
0.16903,0.16428,0.84196
0.26557,0.14957,1
0.023857,0.1581,0.14399
0.19823,0.15136,0.50328
0.12463,0.1542,0.5415
0.20519,0.14813,0.69513
0.18501,0.14831,0.77868
0.17874,0.15457,0.87013
0.043859,0.14649,0.10593
-0.21618,0.15986,0.035099
0.20579,0.14194,0.52425
0.25016,0.1421,0.65364
0.20863,0.13998,0.70703
0.1949,0.13842,0.80082
0.1979,0.13806,0.88621
0.043189,0.13985,0.10552
-0.20684,0.14395,0.035159
0.2185,0.13184,0.52297
0.26464,0.12412,0.65659
0.21319,0.13574,0.70625
0.19947,0.13384,0.7922
0.20753,0.12912,0.88969
0.042207,0.12916,0.13144
-0.20886,0.13999,0.063355
0.19387,0.12564,0.53131
0.25247,0.11278,0.67639
0.22582,0.11427,0.74322
0.20684,0.12647,0.82612
0.22494,0.11925,0.9278
0.040749,0.11871,0.15232
-0.21651,0.12839,0.071713
0.1859,0.11348,0.53635
0.25067,0.11139,0.67908
0.22514,0.11321,0.75207
0.22102,0.11229,0.8388
0.30812,0.11248,0.99809
0.027871,0.11064,0.15462
0.24501,0.10191,0.51821
0.17821,0.10367,0.54073
0.24781,0.10153,0.70519
0.228,0.10532,0.77812
0.23126,0.10206,0.8621
0.039013,0.098425,0.10533
-0.2251,0.10812,0.042689
0.21192,0.094682,0.53467
0.27663,0.08697,0.67779
0.24955,0.09056,0.74315
0.24161,0.091707,0.83204
0.33884,0.085844,0.98997
0.01864,0.084916,0.1608
0.25454,0.081724,0.53007
0.2961,0.082768,0.6637
0.2658,0.078538,0.72176
0.25407,0.079244,0.80071
0.25248,0.084655,0.89217
0.037767,0.085557,0.11929
-0.11101,0.080956,0.11071
0.25086,0.070848,0.53408
0.29775,0.071194,0.67019
0.27039,0.071434,0.73447
0.25928,0.074036,0.81283
0.35826,0.070066,0.985
0.036336,0.070565,0.14106
-0.093702,0.073375,0.11995
0.25495,0.062743,0.5357
0.30634,0.062832,0.6676
0.27638,0.062988,0.74091
0.27179,0.060814,0.82772
0.35561,0.059679,0.98352
0.035245,0.059935,0.13548
-0.064417,0.060601,0.14871
0.26353,0.050006,0.53783
0.31354,0.054162,0.6666
0.28114,0.058744,0.73223
0.27975,0.050848,0.82715
0.36038,0.05402,0.97926
0.14253,0.046635,0.14651
0.0032535,0.052178,0.16879
0.28807,0.048301,0.53074
0.32467,0.046515,0.66102
0.29543,0.042829,0.71997
0.28463,0.04474,0.79911
0.38324,0.044496,0.96606
-0.27683,0.060672,0.56869
0.075015,0.037894,0.16216
0.00064326,0.039397,0.19467
0.27918,0.038601,0.53814
0.3236,0.034991,0.67016
0.29499,0.039644,0.73643
0.28794,0.040604,0.82207
0.36232,0.03201,0.96874
0.15337,0.025307,0.14481
0.071331,0.029971,0.16328
0.025872,0.028947,0.21634
0.27624,0.030411,0.54119
0.32246,0.029218,0.67533
0.30186,0.030346,0.73776
0.29727,0.028924,0.83017
0.35278,0.024182,0.96707
-0.32175,0.031562,0.54907
0.080528,0.016177,0.16169
0.03091,0.019694,0.2115
0.28723,0.020673,0.54193
0.33599,0.021362,0.67868
0.3115,0.017934,0.73925
0.40564,0.019625,0.9096
0.36081,0.022532,0.96296
-0.30259,0.025764,0.55944
0.085359,0.015755,0.1606
0.034227,0.011687,0.21258
0.28668,0.0093653,0.54544
0.39217,0.0092604,0.72212
0.41131,0.0081193,0.82962
0.40094,0.012767,0.90406
0.34428,0.01346,0.94762
-0.30248,0.0052742,0.5522
0.079147,0.002127,0.16251
0.038194,0.0021102,0.22391
0.29804,0.003482,0.54495
0.37788,0.0012183,0.71047
0.40539,0.0025768,0.82104
0.39482,0.0030519,0.89517
-0.16806,-0.0035871,0.55075
-0.31941,0.0046457,0.54747
0.073792,-0.012121,0.16423
0.036307,-0.0075623,0.21958
0.2862,-0.012016,0.55198
0.17844,-0.012358,0.54597
0.39331,-0.0087445,0.82153
0.38232,-0.0078386,0.89693
-0.18488,-0.0075289,0.55344
0.066425,-0.016868,0.12868
0.031377,-0.019464,0.18452
0.3059,-0.018029,0.54704
0.21623,-0.015758,0.55132
0.38548,-0.016071,0.78389
0.3841,-0.017368,0.8722
-0.14408,-0.020373,0.54743
-0.29074,-0.025296,0.54449
0.036958,-0.031347,0.17057
0.32436,-0.024897,0.53423
0.25244,-0.026506,0.55715
0.11422,-0.034841,0.54011
0.37594,-0.025005,0.85595
-0.10971,-0.029364,0.5455
-0.24836,-0.035074,0.55232
0.029577,-0.040425,0.16948
0.31999,-0.038429,0.53642
0.24792,-0.037539,0.55663
0.11261,-0.032274,0.53982
-0.00030153,-0.043854,0.53927
-0.11914,-0.040549,0.54706
-0.23808,-0.042145,0.55255
0.037118,-0.052464,0.16622
0.32642,-0.044114,0.52987
0.26098,-0.045989,0.55881
0.12542,-0.046716,0.54174
0.012387,-0.050412,0.53927
-0.10222,-0.053884,0.54679
-0.22859,-0.054451,0.55071
0.031705,-0.059538,0.16534
0.32347,-0.055828,0.53237
0.25786,-0.053142,0.55844
0.13836,-0.052937,0.54316
0.016085,-0.061519,0.53927
-0.10572,-0.062181,0.54769
-0.258,-0.068348,0.53795
0.041202,-0.071159,0.16197
0.33106,-0.061056,0.52258
0.2639,-0.064079,0.55812
0.15225,-0.068429,0.54545
0.024754,-0.074287,0.53927
-0.086012,-0.069314,0.54673
-0.24283,-0.081404,0.53736
0.049672,-0.080357,0.1592
0.32664,-0.075282,0.52027
0.26723,-0.069302,0.55512
0.14243,-0.078932,0.5453
0.024817,-0.082204,0.53929
-0.093429,-0.08349,0.54837
-0.24392,-0.087398,0.53495
0.051488,-0.084762,0.1581
0.32678,-0.076674,0.52591
0.25664,-0.081675,0.55482
0.15158,-0.085227,0.54655
0.027235,-0.087615,0.53952
-0.080512,-0.095824,0.54833
-0.25373,-0.099255,0.52813
0.030334,-0.10059,0.15707
0.29305,-0.08851,0.53911
0.20588,-0.094386,0.55197
0.079078,-0.093521,0.54178
-0.031606,-0.10604,0.54539
-0.13867,-0.1044,0.5534
0.081336,-0.10842,0.14964
0.31149,-0.09885,0.52173
0.24796,-0.10102,0.55145
0.13408,-0.099036,0.54605
0.022607,-0.10728,0.54137
-0.09464,-0.11552,0.5509
0.085279,-0.11708,0.13077
-0.091123,-0.1241,0.12881
0.26008,-0.1134,0.54279
0.16772,-0.11194,0.54981
0.037393,-0.1194,0.54287
-0.070909,-0.12836,0.55007
0.090744,-0.12908,0.10733
-0.10024,-0.13243,0.1022
0.27078,-0.11591,0.538
0.1706,-0.12273,0.5508
0.056942,-0.12926,0.54417
-0.05908,-0.13048,0.54933
0.095221,-0.13869,0.12508
-0.11108,-0.1425,0.11825
0.25096,-0.12963,0.54068
0.15841,-0.13388,0.55049
0.037277,-0.14338,0.54678
-0.089274,-0.14365,0.55263
0.098733,-0.14638,0.11335
-0.12823,-0.15833,0.10893
0.24199,-0.13829,0.54157
0.14008,-0.13961,0.54935
0.020796,-0.14356,0.54663
-0.090418,-0.15948,0.55392
0.094991,-0.14895,0.14041
-0.14359,-0.17257,0.12298
0.22288,-0.15197,0.54494
0.11511,-0.15699,0.54881
0.0010701,-0.16498,0.5499
-0.12467,-0.1652,0.54676
0.076514,-0.16192,0.13968
0.27494,-0.1525,0.52407
0.20974,-0.15312,0.54981
0.098245,-0.16538,0.54916
-0.023157,-0.17591,0.55141
0.11334,-0.17813,0.10144
-0.16464,-0.18877,0.028278
0.26149,-0.17036,0.52389
0.18211,-0.16567,0.55477
0.066873,-0.17176,0.55093
-0.047004,-0.18218,0.55234
0.11368,-0.17873,0.12502
-0.15763,-0.19578,0.067722
0.24237,-0.17567,0.52986
0.16233,-0.17464,0.55364
0.052285,-0.18849,0.55403
-0.062459,-0.1935,0.55438
0.096516,-0.19887,0.13002
-0.18127,-0.21699,0.087155
0.21568,-0.1834,0.53808
0.11684,-0.19494,0.55359
0.011864,-0.19697,0.55523
0.12609,-0.20569,0.11886
-0.15733,-0.22074,0.073315
0.23232,-0.19514,0.52783
0.15627,-0.194,0.55444
0.048491,-0.20645,0.55707
-0.097495,-0.21542,0.53961
-0.16271,-0.23242,0.026165
-0.20903,-0.23289,0.092641
0.18006,-0.20865,0.54444
0.084991,-0.21551,0.55772
-0.04181,-0.2221,0.55672
-0.1765,-0.24621,0.0377
0.21919,-0.21072,0.52823
0.14102,-0.21836,0.55689
0.04136,-0.22749,0.56053
0.12549,-0.22978,0.12066
0.21615,-0.22691,0.52443
0.14198,-0.22975,0.55299
0.033043,-0.23664,0.56193
0.1141,-0.24125,0.1195
0.20032,-0.23019,0.52971
0.12247,-0.24207,0.55687
0.0085229,-0.24768,0.56346
0.20648,-0.24074,0.524
0.13049,-0.2481,0.55182
0.035125,-0.25884,0.56557
0.18646,-0.25257,0.52829
0.10619,-0.26627,0.55577
-0.011266,-0.27367,0.55381
0.13294,-0.2692,0.54428
0.04536,-0.27497,0.56831
0.1395,-0.27736,0.53914
0.061531,-0.28809,0.56664
0.12957,-0.28952,0.53928
0.052935,-0.29464,0.56776
0.10544,-0.29922,0.5458
0.00096766,-0.30323,0.55028
0.071413,-0.31226,0.5552
0.11658,-0.31692,0.53227
0.0089358,-0.33037,0.54587
0.011739,-0.33755,0.54104
0.069848,-0.34678,0.50896
-0.2698,0.18718,0.047421
-0.26465,0.18129,0.07222
-0.1803,0.24519,0.5257
0.0055858,0.4039,0.83244
-0.25252,0.17838,0.064713
-0.074019,0.32468,0.52532
0.021942,0.40739,0.73922
-0.023587,0.37122,0.78753
0.0032315,0.38715,0.90153
-0.2657,0.15669,0.088057
-0.07156,0.31738,0.53298
0.013428,0.39088,0.71928
-0.018228,0.35615,0.77665
-0.02019,0.36128,0.86789
-0.23319,0.16329,0.073463
-0.024895,0.33647,0.51628
-0.085379,0.29139,0.53917
-0.0076197,0.36087,0.72758
-0.016834,0.35147,0.81054
-0.0065664,0.35319,0.90553
-0.23162,0.15002,0.081319
-0.022319,0.33408,0.51958
0.038261,0.38297,0.67583
-0.0029769,0.35297,0.71978
-0.01336,0.34132,0.81213
-0.0041946,0.34987,0.90925
-0.22566,0.15105,0.078759
-0.01435,0.33081,0.50263
-0.049837,0.2991,0.54626
0.0049806,0.34429,0.70682
-0.0086842,0.32802,0.77696
-0.010234,0.33452,0.87526
-0.20588,0.15461,0.057975
-0.2373,0.11904,0.12011
-0.032754,0.29766,0.54889
0.016926,0.33688,0.68793
-0.0015805,0.32378,0.75935
-0.0046195,0.32362,0.85195
-0.20962,0.1385,0.037556
-0.21692,0.12759,0.11608
-0.0051924,0.3139,0.54193
0.025612,0.34017,0.67343
0.010485,0.31725,0.73751
0.0027756,0.31771,0.82251
0.011299,0.3234,0.92594
-0.20477,0.12226,0.12071
0.0057473,0.30297,0.54351
0.033496,0.32885,0.6684
0.017169,0.31254,0.73306
0.009415,0.31241,0.82777
0.068584,0.36063,0.98325
-0.20707,0.11696,0.12652
0.0011199,0.29433,0.54663
0.03709,0.31911,0.67246
0.022967,0.30606,0.746
0.020031,0.30392,0.84461
0.071129,0.35763,0.98459
-0.21607,0.092871,0.12719
-0.0044879,0.26764,0.55364
0.035482,0.30719,0.69271
0.024653,0.30064,0.77459
0.024275,0.30053,0.86787
-0.17552,0.10941,0.12539
0.035656,0.29776,0.53379
0.062244,0.31341,0.66042
0.035498,0.29911,0.72789
0.029944,0.296,0.80826
0.036772,0.29642,0.91091
-0.16518,0.10487,0.12909
0.032793,0.28668,0.53862
0.061246,0.3097,0.66477
0.04615,0.28963,0.73562
0.038175,0.28942,0.82367
0.042756,0.29298,0.91868
-0.17202,0.086749,0.13686
0.028425,0.26861,0.54354
0.062739,0.29659,0.67662
0.052056,0.28274,0.74925
0.047829,0.28171,0.84587
0.052019,0.29225,0.94459
-0.17216,0.077648,0.13778
0.027163,0.25242,0.54715
0.069918,0.28404,0.68756
0.05438,0.27791,0.76741
0.053505,0.27717,0.86019
0.09308,0.31083,0.99432
0.068419,0.27087,0.50557
0.026101,0.24043,0.54987
0.075608,0.27754,0.69476
0.063949,0.26885,0.77732
0.061572,0.27073,0.86904
0.096487,0.29546,0.99697
0.074586,0.266,0.50845
0.031659,0.22517,0.55124
0.081748,0.27061,0.69755
0.068772,0.26454,0.78517
0.070517,0.26297,0.87371
0.10327,0.29581,0.99788
-0.13259,0.063041,0.14741
0.046914,0.23491,0.5447
0.086776,0.27089,0.68414
0.079744,0.25676,0.76135
0.078419,0.2549,0.84635
0.12102,0.30546,0.99903
-0.10968,0.080511,0.14646
0.066064,0.23815,0.53829
0.10328,0.27137,0.66848
0.08508,0.25592,0.73861
0.084602,0.24871,0.82673
0.087586,0.25541,0.92179
0.0052868,0.16432,0.14324
0.094652,0.2505,0.52349
0.04495,0.20797,0.54943
0.096593,0.25341,0.70352
0.090247,0.24307,0.79133
0.087472,0.24709,0.87916
0.12448,0.27261,1
-0.085826,0.069986,0.13925
0.098431,0.24759,0.5262
0.043817,0.18735,0.54636
0.099287,0.24736,0.71199
0.091932,0.24138,0.79442
0.09672,0.24198,0.90004
0.037484,0.16747,0.14137
-0.075102,0.065207,0.12451
0.10756,0.23944,0.50018
0.0673,0.205,0.54453
0.11314,0.24143,0.69197
0.10382,0.22983,0.77577
0.1028,0.23051,0.85903
0.14626,0.27603,1
-0.0028896,0.12569,0.15231
-0.1003,0.035417,0.15691
0.090455,0.2103,0.5365
0.12719,0.24058,0.67427
0.10977,0.23001,0.7448
0.10621,0.22711,0.83821
0.11621,0.22943,0.9351
0.020348,0.12861,0.15081
-0.054055,0.056023,0.14425
0.11635,0.22477,0.5259
0.061882,0.16927,0.54413
0.11771,0.22807,0.71448
0.11454,0.21877,0.80215
0.11927,0.21763,0.89095
0.043464,0.14157,0.13312
-0.0062384,0.092678,0.15993
-0.076807,0.017453,0.1636
0.089034,0.18057,0.54381
0.12978,0.2266,0.68739
0.12282,0.21313,0.76416
0.12337,0.20995,0.85149
0.13177,0.22328,0.95957
0.03532,0.11831,0.15261
-0.039184,0.049539,0.15966
0.13744,0.21275,0.51887
0.080188,0.15537,0.54433
0.13553,0.21373,0.70539
0.12882,0.2045,0.78643
0.13098,0.20326,0.87748
0.039939,0.10752,0.10767
0.004035,0.071664,0.16433
0.21583,0.27245,0.52844
0.21444,0.27384,0.63556
0.21292,0.27537,0.73081
0.21606,0.27222,0.81655
0.13423,0.19908,0.81804
0.13798,0.20357,0.9145
0.038258,0.089888,0.134
-0.014424,0.044495,0.17117
0.21838,0.2699,0.56417
0.21739,0.2709,0.65381
0.21737,0.27091,0.74672
0.21942,0.26887,0.82948
0.14093,0.19239,0.83858
0.14642,0.19821,0.93003
0.037225,0.079322,0.14274
-0.0096529,0.036879,0.1858
0.22518,0.2631,0.58023
0.22484,0.26345,0.67746
0.22615,0.26213,0.76117
0.2247,0.26358,0.85226
0.147,0.18632,0.85275
0.15911,0.19475,0.95655
0.03575,0.064096,0.15906
0.22792,0.25409,0.51033
0.23256,0.25572,0.60184
0.23177,0.25651,0.69242
0.23026,0.25803,0.77944
0.23007,0.24896,0.85825
0.1545,0.17881,0.86771
0.18841,0.21209,1
0.017362,0.032472,0.1754
0.23711,0.25117,0.55291
0.23677,0.25151,0.64748
0.23699,0.2513,0.73676
0.23936,0.24892,0.82205
0.16012,0.17319,0.82938
0.1629,0.18084,0.92554
0.036854,0.034292,0.14745
0.24342,0.24085,0.51542
0.24345,0.24483,0.60412
0.24184,0.24645,0.69522
0.24598,0.24231,0.78724
0.23234,0.23236,0.85825
0.16448,0.17045,0.88098
0.19424,0.19335,1
0.031854,0.017416,0.18133
0.25214,0.23615,0.56349
0.24881,0.23947,0.65087
0.25021,0.23807,0.7446
0.25294,0.23535,0.83298
0.17229,0.16103,0.8307
0.17991,0.16564,0.93468
0.067385,0.037895,0.14416
0.034143,0.011889,0.21296
0.25594,0.23235,0.59264
0.25504,0.23325,0.68046
0.25398,0.23431,0.76765
0.25553,0.23275,0.8579
0.1764,0.15692,0.85805
0.19207,0.16256,0.9585
0.065751,0.017268,0.165
0.26411,0.22417,0.52841
0.26145,0.22683,0.62187
0.26113,0.22715,0.71497
0.2637,0.22458,0.79503
0.18801,0.14531,0.79634
0.19054,0.14711,0.89477
0.10148,0.041879,0.12513
0.058868,0.0080562,0.1669
0.26982,0.21847,0.54186
0.27216,0.21612,0.62769
0.27185,0.21644,0.71852
0.27019,0.2181,0.80321
0.19582,0.13749,0.81365
0.199,0.14163,0.9098
0.10546,0.042299,0.10554
0.080232,0.0080052,0.16205
0.27824,0.21004,0.52501
0.27802,0.21026,0.6123
0.27324,0.21504,0.70535
0.27781,0.21048,0.79197
0.25215,0.19261,0.85825
0.19986,0.135,0.8806
0.1328,0.045573,0.12075
0.093107,0.0035514,0.15928
0.021652,-0.066593,0.16494
0.18893,0.11224,0.5359
0.22409,0.14964,0.66926
0.27849,0.2098,0.83135
0.20737,0.12595,0.83057
0.21191,0.13589,0.94123
0.12774,0.025812,0.15062
0.051971,-0.044752,0.14173
0.21176,0.12427,0.52718
0.16017,0.071254,0.54414
0.2207,0.12471,0.7163
0.21014,0.12317,0.7976
0.21133,0.12608,0.89352
0.15362,0.044054,0.14408
0.095585,-0.009512,0.15919
0.034218,-0.084493,0.15996
0.1893,0.086959,0.54214
0.22768,0.1301,0.68387
0.22127,0.1142,0.76657
0.22001,0.1133,0.8544
0.22771,0.12467,0.95283
0.12992,0.011259,0.15064
0.046987,-0.080499,0.15945
0.2152,0.097595,0.53314
0.24357,0.12922,0.67005
0.22759,0.11302,0.74062
0.22677,0.10654,0.82368
0.23172,0.11191,0.92493
0.15095,0.021977,0.14548
0.056022,-0.085798,0.15742
0.22384,0.089743,0.53378
0.25001,0.12425,0.66881
0.23679,0.10518,0.73378
0.23067,0.10265,0.8194
0.23827,0.10539,0.92511
0.16162,0.0086171,0.14354
0.03911,-0.11866,0.15245
0.2238,0.072974,0.53884
0.25535,0.10856,0.67753
0.23764,0.099388,0.75871
0.23591,0.097406,0.84294
0.24709,0.10004,0.93955
0.076295,-0.097527,0.14167
0.24632,0.093583,0.52814
0.19198,0.035959,0.54679
0.24798,0.098414,0.71264
0.24201,0.091303,0.79542
0.24427,0.093196,0.8938
0.18617,0.0095638,0.13793
0.2547,0.089098,0.50151
0.21627,0.046583,0.54829
0.26239,0.09017,0.69705
0.25054,0.083561,0.77351
0.25155,0.082568,0.8769
0.28757,0.11803,1
0.058394,-0.14868,0.14429
0.2413,0.053419,0.54123
0.2708,0.091788,0.67864
0.26156,0.075714,0.75749
0.25592,0.0774,0.84746
0.26285,0.086169,0.94432
0.079602,-0.13441,0.145
0.2499,0.057031,0.53843
0.2836,0.083884,0.67452
0.2672,0.071998,0.74773
0.26776,0.06556,0.83533
0.26941,0.073906,0.92961
0.07296,-0.1529,0.1419
0.24563,0.034526,0.54606
0.28044,0.078563,0.68166
0.27133,0.064782,0.762
0.26851,0.064801,0.85164
0.31371,0.11025,0.99698
0.27798,0.05992,0.49855
0.24713,0.025254,0.54855
0.28582,0.069529,0.68505
0.27496,0.057654,0.77295
0.27557,0.056085,0.8601
0.31289,0.090995,0.99437
0.28336,0.053164,0.49746
0.25819,0.014864,0.54947
0.2905,0.060363,0.69054
0.2843,0.046623,0.76926
0.28478,0.044554,0.85839
0.31849,0.091998,0.99372
0.29089,0.044031,0.50781
0.26272,0.0061564,0.55119
0.2977,0.049275,0.69262
0.28661,0.042283,0.77741
0.28656,0.042502,0.87378
0.3191,0.07519,0.99126
0.29819,0.035464,0.52847
0.3215,0.064994,0.65117
0.3005,0.038394,0.71157
0.29601,0.030505,0.79082
0.29261,0.036962,0.88522
0.11486,-0.18135,0.11665
0.30389,0.028678,0.53619
0.32651,0.05062,0.65633
0.30229,0.033133,0.72311
0.29944,0.026219,0.81633
0.30263,0.028638,0.90604
0.1237,-0.20054,0.11658
0.29554,0.0047551,0.54506
0.32005,0.03589,0.67302
0.309,0.018807,0.75189
0.30818,0.015279,0.84049
0.35444,0.069849,0.98551
0.12514,-0.20365,0.11744
0.30963,0.011549,0.5402
0.32758,0.035877,0.66562
0.31485,0.014941,0.73252
0.31356,0.0085431,0.8185
0.31403,0.015882,0.90918
0.12712,-0.21388,0.065539
0.3178,0.010194,0.50075
0.28967,-0.022798,0.55453
0.32773,0.016714,0.69164
0.31703,0.0041993,0.77853
0.32025,0.00017964,0.86116
0.15657,-0.20045,0.046597
0.13342,-0.22158,0.12078
0.3116,-0.01336,0.54408
0.34747,0.019895,0.6756
0.32554,-0.00044998,0.74381
0.32205,-0.0020789,0.83062
0.36233,0.041472,0.97334
0.14486,-0.23758,0.089458
0.32919,-0.012926,0.52946
0.35878,0.029021,0.66723
0.33681,2.4491e-005,0.72392
0.33296,-0.011998,0.81499
0.33202,-0.00042985,0.90671
0.16423,-0.22693,0.073834
0.33335,-0.017591,0.49932
0.30195,-0.06139,0.54495
0.34697,0.0029312,0.70609
0.34302,-0.015439,0.78604
0.34038,-0.013679,0.87542
0.17107,-0.22892,0.056735
0.1166,-0.29199,0.083032
0.3134,-0.066121,0.53755
0.35801,-0.00070089,0.70581
0.34861,-0.016642,0.77463
0.35045,-0.01798,0.86988
0.17853,-0.24355,0.040349
0.14677,-0.28419,0.092641
0.31773,-0.06277,0.53528
0.384,0.0063678,0.71123
0.36201,-0.020262,0.77076
0.35519,-0.019602,0.86411
0.17867,-0.24936,0.071937
0.32492,-0.070197,0.52921
0.40683,0.020004,0.7305
0.37169,-0.023216,0.76932
0.36621,-0.02337,0.85467
0.17046,-0.27607,0.085684
0.2517,-0.17626,0.52596
0.38288,-0.01851,0.78594
0.19387,-0.27365,0.039147
0.19783,-0.28142,0.031515
-0.34171,0.045513,0.52804
-0.33178,0.040126,0.54204
-0.32575,0.060206,0.54518
-0.31035,0.086276,0.54831
-0.29918,0.13291,0.5253
-0.30069,0.060829,0.56139
-0.28124,0.13027,0.53998
-0.30033,0.040314,0.56292
-0.27477,0.12659,0.54345
-0.2878,0.02845,0.56433
-0.27025,0.15667,0.53295
-0.27344,0.07814,0.56303
-0.25762,0.12234,0.1156
-0.25262,0.13057,0.54877
-0.26277,0.037607,0.56664
-0.23984,0.19879,0.52573
-0.24947,0.12036,0.55379
-0.25431,0.015635,0.56501
-0.26678,-0.20162,0.023429
-0.2306,0.18921,0.5324
-0.24342,0.10613,0.56131
-0.25048,-0.00073658,0.56392
-0.25647,-0.19131,0.024099
-0.21988,0.20202,0.53062
-0.22815,0.12698,0.55782
-0.23832,0.02243,0.56248
-0.22023,0.10547,0.12502
-0.24262,-0.1978,0.080331
-0.21521,0.17207,0.54398
-0.22512,0.078413,0.55977
-0.23427,-0.057177,0.54823
-0.22747,-0.16231,0.03575
-0.23776,-0.22483,0.088332
-0.20779,0.15688,0.55231
-0.21118,0.059763,0.55791
-0.22596,-0.067469,0.5468
-0.2208,-0.15564,0.043012
-0.22938,-0.21792,0.092641
-0.19606,0.17628,0.54823
-0.209,0.076121,0.55717
-0.21317,-0.041835,0.55767
-0.19531,0.092903,0.13144
-0.21056,-0.18211,0.088518
-0.1875,0.21132,0.53694
-0.19538,0.12458,0.55381
-0.195,0.012894,0.55532
-0.20886,-0.15448,0.52395
-0.19944,-0.15397,0.038102
-0.20559,-0.18351,0.10694
-0.18113,0.19189,0.54664
-0.17927,0.081758,0.55215
-0.19424,-0.030187,0.55472
-0.17395,0.10871,0.12258
-0.19145,-0.16196,0.069858
-0.16741,0.23486,0.53379
-0.17454,0.14918,0.55283
-0.17634,0.042381,0.55258
-0.18894,-0.086089,0.55137
-0.16373,0.091152,0.1381
-0.17966,-0.15452,0.097575
-0.16028,0.2227,0.54083
-0.16057,0.12988,0.55043
-0.16646,0.011558,0.55065
-0.17855,-0.11133,0.54676
-0.15428,0.06287,0.14299
-0.14435,0.26215,0.53007
-0.14524,0.18645,0.55411
-0.15538,0.064127,0.54862
-0.16297,-0.050229,0.55113
-0.14349,0.095318,0.12763
-0.1613,-0.13382,0.12206
-0.13932,0.23007,0.54438
-0.14288,0.12617,0.54892
-0.15255,0.014085,0.54841
-0.15672,-0.11043,0.55382
-0.1374,0.074366,0.14524
-0.12703,0.27849,0.52979
-0.13149,0.21592,0.55243
-0.13774,0.08416,0.54558
-0.14157,-0.034817,0.54833
-0.1441,-0.17339,0.53819
-0.12858,0.051187,0.14947
-0.11644,0.26652,0.53778
-0.12622,0.19501,0.55356
-0.12244,0.05873,0.54333
-0.13391,-0.05491,0.54928
-0.14015,-0.20212,0.53049
-0.12371,0.05572,0.15
-0.104,0.29952,0.52986
-0.11192,0.21791,0.5546
-0.11039,0.096022,0.54449
-0.12254,-0.015722,0.54544
-0.12823,-0.12941,0.55451
-0.10497,0.078458,0.15082
-0.11287,-0.079632,0.14992
-0.098718,0.26084,0.54589
-0.099615,0.14403,0.54722
-0.11263,0.028054,0.54206
-0.11595,-0.092893,0.5508
-0.099912,0.076084,0.11401
-0.10044,-0.065737,0.10448
-0.086554,0.29234,0.53843
-0.095454,0.21046,0.55281
-0.10124,0.08888,0.54334
-0.10244,-0.029806,0.54498
-0.10256,-0.15026,0.55414
-0.092001,0.069196,0.15509
-0.09262,-0.056694,0.15604
-0.083782,0.26579,0.54913
-0.081686,0.16308,0.54768
-0.087238,0.033154,0.53927
-0.09049,-0.079815,0.54787
-0.097993,-0.22921,0.53517
-0.075242,0.032653,0.16234
-0.073771,0.3236,0.52749
-0.075876,0.25897,0.55432
-0.072476,0.13134,0.5443
-0.078526,0.0037094,0.54062
-0.07789,-0.096636,0.54819
-0.091534,-0.26842,0.52675
-0.068046,0.032327,0.16384
-0.064023,0.31863,0.533
-0.065044,0.25129,0.558
-0.06682,0.12714,0.54361
-0.064723,0.0032335,0.53961
-0.078322,-0.11821,0.54986
-0.06482,0.060637,0.11342
-0.060325,0.015475,0.16719
-0.054229,0.31692,0.53504
-0.053672,0.22523,0.55374
-0.060005,0.10965,0.54189
-0.064253,-0.0095199,0.54054
-0.058101,-0.12499,0.54884
-0.067045,-0.28553,0.53087
-0.051751,0.017276,0.16875
-0.044837,0.31413,0.5377
-0.04694,0.21862,0.5526
-0.046699,0.10402,0.54055
-0.049539,-0.013614,0.53973
-0.045005,-0.12911,0.54816
-0.054604,-0.28665,0.53499
-0.034737,0.01753,0.17372
-0.035777,0.30967,0.54133
-0.035019,0.22491,0.55338
-0.040374,0.092441,0.53928
-0.038099,-0.023317,0.5396
-0.038211,-0.14454,0.54882
-0.040046,-0.30585,0.53503
-0.027014,0.029688,0.18932
-0.03089,0.31228,0.54025
-0.023679,0.21714,0.55198
-0.024995,0.10032,0.53927
-0.031967,-0.020358,0.53927
-0.027043,-0.13906,0.54755
-0.038043,-0.2966,0.53821
-0.016337,0.036677,0.17301
-0.016209,0.32229,0.53459
-0.012675,0.24416,0.55603
-0.023119,0.11816,0.53988
-0.019653,0.37696,0.8517
-0.018116,-0.12765,0.54601
-0.016842,-0.22933,0.56019
-0.0061759,0.1042,0.15731
-0.0097622,0.036834,0.19092
-0.0093194,0.3138,0.54156
-0.0047253,0.22697,0.55321
-0.005917,0.39162,0.78539
-0.0088969,0.38844,0.86595
-0.015445,-0.12983,0.54597
-0.0094657,-0.25234,0.56013
-0.0023841,0.10239,0.15758
0.00018378,0.039588,0.19107
6.5619e-005,0.30793,0.54423
-0.0042145,0.2249,0.55288
5.4737e-005,0.398,0.79829
-0.0015086,0.39433,0.87688
0.00068532,-0.14828,0.54717
0.001062,-0.27097,0.5589
0.0045803,0.10049,0.15777
0.01529,0.03333,0.18934
0.0064858,0.30747,0.54239
0.0053487,0.22002,0.55196
0.010281,0.40892,0.80775
0.01433,0.4051,0.88938
0.0043327,-0.14203,0.5462
0.0080658,-0.2635,0.56338
0.021561,0.097814,0.15776
0.021648,0.030697,0.1927
0.015518,0.30733,0.5397
0.020447,0.37912,0.69052
0.016991,0.41608,0.81337
0.021725,0.41133,0.89296
0.020181,0.37002,0.95385
0.01623,-0.26736,0.56524
0.027526,0.10486,0.15595
0.03394,0.02792,0.17185
0.027167,0.30448,0.5328
0.024393,0.38976,0.69903
0.031704,0.30657,0.70592
0.029382,0.29645,0.78961
0.026175,0.37861,0.95257
0.030046,-0.24482,0.56323
0.034427,0.10533,0.15559
0.040994,0.031546,0.17011
0.03476,0.29823,0.52506
0.03801,0.35335,0.66183
0.03973,0.30126,0.70282
0.038491,0.28917,0.78803
0.037192,0.38908,0.9536
0.042802,-0.24576,0.56353
0.049964,0.035852,0.15124
0.047197,-0.06673,0.16225
0.049332,0.24798,0.54136
0.044718,0.30787,0.67816
0.04485,0.28699,0.75715
0.04415,0.28465,0.8454
0.047188,0.34524,0.9808
0.059012,0.03685,0.12316
0.064539,-0.072158,0.11893
0.05654,0.27346,0.53411
0.050427,0.31473,0.66741
0.058699,0.28204,0.72416
0.057819,0.27373,0.80647
0.05334,0.36618,0.97494
0.070689,0.03821,0.1146
0.073369,-0.0070501,0.16415
0.059317,0.27862,0.5244
0.06237,0.3176,0.65621
0.061956,0.28269,0.70884
0.060346,0.27171,0.78978
0.06552,0.26867,0.88059
0.079167,-0.2701,0.56527
0.080328,0.0243,0.16144
0.069745,0.27028,0.52306
0.074778,0.20424,0.54243
0.074312,0.2751,0.70468
0.069958,0.26336,0.78382
0.068183,0.26631,0.87896
0.090249,-0.29044,0.55455
0.089348,0.013631,0.15978
0.085544,0.23491,0.53307
0.077528,0.29058,0.67215
0.086064,0.25634,0.73152
0.084006,0.24931,0.81713
0.08461,0.2566,0.91275
0.095837,0.041256,0.14271
0.10341,-0.15649,0.11969
0.090989,0.20541,0.53732
0.096345,0.26333,0.68109
0.087239,0.24839,0.76576
0.098165,0.23515,0.83924
0.092436,0.31553,0.99356
0.10931,0.0080632,0.15544
0.098104,0.24716,0.5065
0.10556,0.17662,0.54066
0.10082,0.25453,0.68999
0.10272,0.23215,0.76962
0.10087,0.23244,0.85942
0.10123,0.29696,0.99743
0.11533,0.0020213,0.15429
0.11144,0.23274,0.52571
0.10818,0.27991,0.65715
0.10813,0.23762,0.71462
0.11155,0.22177,0.79004
0.10815,0.22851,0.88972
0.12335,0.044445,0.11696
0.13511,-0.20981,0.047222
0.11821,0.20675,0.52995
0.11625,0.2656,0.66241
0.116,0.2268,0.72956
0.11931,0.21401,0.80907
0.12307,0.21625,0.90317
0.13445,0.042986,0.14847
0.14695,-0.20378,0.066677
0.13375,0.18938,0.53041
0.12527,0.24607,0.67127
0.12909,0.2129,0.73366
0.12914,0.20418,0.81652
0.12477,0.21928,0.92711
0.15129,0.038141,0.14482
0.16701,-0.22095,0.066732
0.1444,0.18261,0.52944
0.14057,0.23335,0.6691
0.14081,0.20084,0.73535
0.14256,0.19076,0.81314
0.13932,0.20457,0.92629
0.15503,0.033217,0.14415
0.14984,0.19078,0.47548
0.15286,0.15831,0.5334
0.15004,0.21489,0.67667
0.15065,0.1879,0.75104
0.1504,0.18291,0.84457
0.14817,0.26828,1
0.1675,0.03842,0.14113
0.15714,0.19228,0.49886
0.16106,0.12339,0.54009
0.15415,0.19955,0.69418
0.16244,0.17184,0.77259
0.16169,0.17163,0.86053
0.17214,0.05018,0.10312
0.16124,0.22013,0.47548
0.17203,0.16601,0.52667
0.16868,0.21239,0.66307
0.17052,0.17383,0.72171
0.1765,0.15682,0.80236
0.1657,0.17436,0.90697
0.18757,0.049756,0.13616
0.17613,0.1859,0.47548
0.18603,0.14147,0.52931
0.18339,0.19252,0.66742
0.18141,0.16026,0.73526
0.18604,0.14727,0.81955
0.1704,0.26114,1
0.20096,0.030589,0.13381
0.19262,0.16344,0.47548
0.18967,0.11856,0.53414
0.18561,0.18082,0.6754
0.18792,0.15136,0.74736
0.19169,0.14163,0.83804
0.17896,0.23403,1
0.19377,0.24544,0.48019
0.2049,0.1378,0.47548
0.20079,0.091486,0.53813
0.19651,0.15958,0.68815
0.19941,0.13549,0.76943
0.20662,0.1267,0.85157
0.19359,0.19994,1
0.19867,0.21548,0.47583
0.20933,0.14102,0.52303
0.20316,0.18829,0.65432
0.20432,0.26948,0.81711
0.20988,0.12343,0.78756
0.21551,0.12034,0.88568
0.22675,0.056696,0.12508
0.20974,0.18878,0.47548
0.21995,0.096712,0.53246
0.21307,0.27521,0.77157
0.20755,0.27271,0.85775
0.22216,0.11116,0.84009
0.21243,0.20136,1
0.23571,0.02934,0.12597
0.22111,0.26717,0.59722
0.21451,0.27377,0.68714
0.21944,0.26884,0.78171
0.21989,0.2617,0.85825
0.23011,0.1032,0.83793
0.22392,0.20282,1
0.24535,0.058858,0.10997
0.22564,0.26264,0.58167
0.22255,0.26574,0.67439
0.22661,0.26167,0.76543
0.2236,0.26355,0.85825
0.2478,0.085517,0.81061
0.2432,0.098673,0.9161
0.25515,0.059997,0.10228
0.23319,0.2551,0.55593
0.24268,0.2456,0.6423
0.23476,0.25352,0.74342
0.23647,0.25181,0.8284
0.25532,0.077998,0.79543
0.24831,0.089639,0.89628
0.26551,0.069432,0.086253
0.25055,0.23774,0.53067
0.24798,0.2403,0.62805
0.25359,0.2347,0.70973
0.24823,0.24005,0.81057
0.26191,0.0723,0.77294
0.27075,0.062112,0.87005
0.26839,0.080071,0.079142
0.25929,0.22899,0.53131
0.25759,0.2307,0.61204
0.26016,0.22812,0.70648
0.25299,0.2353,0.80702
0.26935,0.064911,0.77271
0.2752,0.056545,0.85994
0.27819,0.087442,0.075077
0.26884,0.21391,0.51202
0.27152,0.21677,0.6058
0.2653,0.22299,0.70121
0.26936,0.21893,0.79475
0.29165,0.04125,0.74857
0.28864,0.039726,0.84989
0.2774,0.11634,1
0.27577,0.21251,0.54825
0.27633,0.21196,0.66589
0.2916,0.090144,0.6625
0.29783,0.04018,0.71783
0.29096,0.03682,0.81638
0.29816,0.035915,0.91412
0.30869,0.030809,0.089757
0.32065,-0.040551,0.53581
0.30949,0.03052,0.70035
0.30688,0.01691,0.78162
0.31337,0.0088573,0.87323
0.31887,0.070238,0.086625
0.31903,-0.010146,0.53993
0.3131,0.03993,0.67702
0.32031,0.0051605,0.74911
0.32049,-0.00012106,0.84682
0.31644,0.088587,0.078509
0.33334,-0.026076,0.52313
0.32992,0.014991,0.69359
0.32955,-0.010701,0.77695
0.32468,-0.0050351,0.87469
0.32575,0.073004,0.079406
0.33452,0.027924,0.67108
0.34308,-0.0074038,0.74512
0.33869,-0.01396,0.83569
0.33893,0.042286,0.98323
0.34924,-0.00044022,0.71131
0.35433,-0.019307,0.79339
0.34884,-0.0041986,0.91268
0.35413,0.010709,0.68556
0.36588,-0.020668,0.76708
0.35711,-0.020258,0.86474
0.36946,0.012476,0.68306
0.37069,-0.018542,0.75193
0.36794,-0.023963,0.85447
0.37847,0.026925,0.67797
0.3849,-0.0076977,0.75151
0.38382,-0.017623,0.84442
0.38921,0.038984,0.67629
0.38656,-0.0033607,0.74346
0.39343,-0.0086312,0.84105
0.3961,0.036492,0.68344
0.39924,0.0034214,0.75818
0.40214,-0.00047433,0.86052
0.40872,0.016289,0.74652
0.40968,0.0065931,0.8365
0.4185,0.014849,0.79077
-0.26778,-0.20262,0.062279
-0.21201,-0.27439,0.071491
-0.23936,-0.22338,0.088224
-0.24483,-0.20008,0.080368
-0.24724,-0.18207,0.068795
-0.24028,-0.17511,0.02989
-0.21277,-0.21518,0.092641
-0.22765,-0.18409,0.080963
-0.22869,-0.16353,0.062789
-0.19858,-0.19345,0.11747
-0.20664,-0.17572,0.087281
-0.21582,-0.15066,0.053471
-0.1927,-0.16899,0.12209
-0.28778,-0.065075,0.53118
-0.20375,-0.15712,0.52472
-0.18544,-0.17075,0.1233
-0.3356,0.016156,0.54054
-0.26332,-0.080996,0.53205
-0.18199,-0.16824,0.52802
-0.1829,-0.15804,0.1179
-0.34458,0.031249,0.52435
-0.29239,-0.021688,0.54533
-0.21333,-0.11683,0.53425
-0.12489,-0.216,0.53092
-0.17324,-0.14718,0.12334
-0.34139,0.047198,0.52844
-0.28979,-0.0099947,0.55017
-0.20097,-0.11052,0.54005
-0.1281,-0.20631,0.53293
-0.038865,-0.29987,0.53705
-0.34133,0.062725,0.52684
-0.3009,0.018611,0.55735
-0.22103,-0.07424,0.54571
-0.13475,-0.18722,0.53679
-0.050788,-0.27773,0.53872
-0.16441,-0.13726,0.12932
-0.3267,0.050883,0.54495
-0.26411,-0.021649,0.55288
-0.19085,-0.10368,0.54532
-0.10632,-0.20149,0.54119
-0.013654,-0.3041,0.54486
-0.14083,-0.14718,0.13439
-0.31066,0.053516,0.55549
-0.25026,-0.021187,0.55673
-0.16823,-0.11331,0.54935
-0.083842,-0.21368,0.54439
0.0049034,-0.31568,0.54835
-0.3276,0.089062,0.50525
-0.30408,0.056237,0.55974
-0.24192,-0.015321,0.56103
-0.14542,-0.11396,0.55464
-0.071157,-0.20509,0.55099
0.022201,-0.31411,0.55491
-0.11081,-0.14169,0.14016
-0.30144,0.067829,0.55838
-0.23398,-0.0022613,0.5615
-0.15104,-0.10107,0.55408
-0.073592,-0.18775,0.55479
0.011687,-0.28189,0.55976
-0.1092,-0.12885,0.14251
-0.30053,0.084111,0.55222
-0.23965,0.012595,0.56259
-0.16322,-0.076132,0.55312
-0.073145,-0.17015,0.55341
0.010217,-0.26259,0.56438
-0.12815,-0.10334,0.14358
-0.30252,0.097285,0.54639
-0.24541,0.030861,0.56373
-0.16101,-0.065222,0.55212
-0.08338,-0.1484,0.55254
-0.00054393,-0.24185,0.56241
-0.12205,-0.089793,0.13147
-0.29966,0.10909,0.54261
-0.24477,0.051834,0.56362
-0.15934,-0.044102,0.55039
-0.083389,-0.13233,0.55132
0.0025606,-0.22474,0.55966
-0.11592,-0.082991,0.11974
-0.30113,0.12717,0.535
-0.25299,0.076697,0.5644
-0.17006,-0.017745,0.55092
-0.086962,-0.1116,0.55002
-0.0065192,-0.1983,0.55525
0.097854,-0.31179,0.54489
-0.29726,0.13486,0.52321
-0.26471,0.092878,0.55991
-0.17614,0.00083402,0.55211
-0.10047,-0.084645,0.549
-0.014817,-0.17336,0.55109
0.071452,-0.26384,0.56598
-0.085502,-0.089574,0.15275
-0.26332,0.10884,0.55403
-0.20109,0.037535,0.55658
-0.10631,-0.060535,0.54761
-0.017596,-0.15631,0.54828
0.054603,-0.2312,0.561
-0.094389,-0.067189,0.15495
-0.2625,0.12141,0.54931
-0.20308,0.061402,0.55654
-0.11687,-0.040753,0.54691
-0.027799,-0.1297,0.5469
0.04835,-0.20868,0.55744
-0.091391,-0.055426,0.13599
-0.27395,0.1516,0.53381
-0.2241,0.092665,0.55927
-0.13368,0.0015069,0.5452
-0.057575,-0.089094,0.54608
0.022094,-0.16705,0.55047
0.12007,-0.27621,0.54718
-0.051807,-0.083146,0.15927
-0.24154,0.12626,0.55393
-0.16413,0.040104,0.55059
-0.079904,-0.052947,0.54503
0.0079136,-0.14196,0.54622
0.085497,-0.22596,0.55942
-0.073544,-0.041037,0.16259
-0.25391,0.15396,0.53912
-0.19243,0.093071,0.55405
-0.1011,-0.0025696,0.54281
-0.017211,-0.091299,0.54318
0.053306,-0.17811,0.55229
-0.14668,0.051349,0.14575
-0.057583,-0.034239,0.16629
-0.24135,0.15077,0.54429
-0.16976,0.076141,0.55071
-0.086377,-0.010536,0.5423
0.0043607,-0.10225,0.54237
0.086948,-0.19395,0.55412
-0.13373,0.047364,0.14882
-0.055048,-0.034514,0.16666
-0.24184,0.16984,0.53659
-0.1845,0.10798,0.5524
-0.10449,0.016347,0.54163
-0.01648,-0.068573,0.5414
0.064948,-0.15364,0.548
-0.14524,0.077863,0.14327
-0.05801,-0.018131,0.11823
-0.018356,-0.05226,0.16974
-0.23354,0.16591,0.54073
-0.16188,0.096951,0.54893
-0.071066,0.0021382,0.54017
0.010189,-0.078287,0.54011
0.093289,-0.17518,0.55089
-0.12528,0.07043,0.14814
-0.065763,0.016859,0.16593
-0.031951,-0.025153,0.21118
-0.20931,0.15949,0.55081
-0.14436,0.089216,0.54641
-0.052706,-0.0093535,0.53965
0.034476,-0.098837,0.53982
0.12392,-0.17816,0.55093
-0.10909,0.073307,0.15116
-0.053897,0.0051087,0.16958
-0.039936,0.0049786,0.25892
-0.19809,0.1638,0.55256
-0.11315,0.072456,0.54302
-0.028244,-0.018973,0.53927
0.051039,-0.099281,0.5402
0.14261,-0.18974,0.55307
-0.087708,0.05992,0.15693
-0.036942,0.012207,0.18683
-0.22955,0.20249,0.52744
-0.17914,0.15864,0.55398
-0.093641,0.066725,0.54123
-0.011439,-0.02399,0.53927
0.077284,-0.11219,0.54297
0.16821,-0.20645,0.54983
-0.058757,0.045056,0.16442
-0.035377,0.015984,0.21855
-0.19971,0.19208,0.54082
-0.1312,0.12143,0.54776
-0.052308,0.036304,0.53927
0.03231,-0.045614,0.53927
0.12524,-0.14775,0.54887
-0.066648,0.06161,0.15562
-0.030741,0.027178,0.20852
-0.19961,0.20601,0.5353
-0.14906,0.14627,0.55082
-0.055625,0.053685,0.53927
0.022324,-0.028129,0.53927
0.11062,-0.11318,0.5454
-0.030474,0.045545,0.1194
-0.017222,0.033744,0.1904
-0.20714,0.21489,0.52944
-0.15159,0.16945,0.55304
-0.065268,0.076002,0.53988
0.023557,-0.015611,0.53927
0.11195,-0.10295,0.54477
-0.022455,0.047335,0.11337
-0.0047628,0.038905,0.19012
-0.19714,0.22868,0.52705
-0.14189,0.16958,0.55239
-0.054977,0.079013,0.53937
0.03403,-0.0040984,0.53927
0.12395,-0.091193,0.54478
-0.019177,0.063954,0.12469
0.010196,0.03879,0.17158
-0.19191,0.22696,0.52935
-0.13685,0.17178,0.55224
-0.045649,0.089034,0.53942
0.034079,0.0019628,0.53927
0.12806,-0.089621,0.54496
-0.016306,0.078181,0.10894
0.0082875,0.053432,0.16832
-0.19245,0.23978,0.52409
-0.14162,0.20018,0.55507
-0.055238,0.1158,0.54199
0.030171,0.032535,0.53927
0.11486,-0.060576,0.54198
0.20665,-0.14923,0.55224
-0.0045232,0.072507,0.16445
0.067831,-0.00061073,0.16517
-0.14972,0.20904,0.54953
-0.059234,0.12813,0.54314
0.029825,0.043778,0.53927
0.118,-0.048125,0.54132
0.20153,-0.11996,0.55335
-0.0050444,0.090264,0.16043
0.074389,0.014652,0.16314
-0.15314,0.22451,0.54232
-0.079428,0.15547,0.54685
0.015492,0.067636,0.53927
0.1025,-0.021562,0.53927
0.18938,-0.10085,0.55096
-0.0041311,0.10666,0.15668
0.060565,0.037136,0.1628
-0.14399,0.23058,0.54274
-0.073693,0.17204,0.54792
0.016163,0.084659,0.53927
0.10556,0.0016305,0.53927
0.19289,-0.086411,0.55028
-0.0075576,0.12255,0.1399
0.07679,0.038974,0.13106
-0.16043,0.25854,0.52653
-0.1019,0.20192,0.5525
-0.0066856,0.11948,0.53927
0.074817,0.038965,0.53927
0.15833,-0.043251,0.54426
-0.0057397,0.13127,0.10806
0.028211,0.098468,0.15737
0.11732,0.0088159,0.1536
-0.11614,0.23542,0.54943
-0.033558,0.15101,0.5433
0.055248,0.067826,0.53928
0.14487,-0.014849,0.54146
0.23231,-0.094193,0.55512
0.014183,0.12978,0.15077
0.11277,0.035322,0.15368
-0.11928,0.24346,0.5453
-0.047091,0.17769,0.54696
0.044872,0.08872,0.53975
0.13476,0.016455,0.54054
0.22539,-0.074306,0.55371
0.0096104,0.14616,0.14721
0.10816,0.042741,0.15342
-0.11984,0.26728,0.53635
-0.059006,0.19891,0.5501
0.03569,0.11696,0.54061
0.12632,0.03373,0.54094
0.20968,-0.048467,0.55098
-0.00016832,0.15964,0.13705
0.12269,0.04444,0.14559
-0.11246,0.26965,0.53798
-0.046807,0.20227,0.5503
0.049889,0.11888,0.54133
0.13982,0.037546,0.54172
0.2209,-0.046688,0.55256
0.01212,0.1632,0.14325
0.14281,0.046817,0.14452
-0.10117,0.26414,0.54384
-0.02859,0.20701,0.55056
0.068416,0.1096,0.54175
0.15829,0.031316,0.54231
0.2439,-0.042308,0.55608
0.027736,0.16294,0.14275
-0.1169,0.29647,0.52436
-0.076178,0.25788,0.55462
0.016088,0.18,0.54594
0.10241,0.094823,0.54261
0.19086,0.012137,0.54714
0.0059783,0.19033,0.12153
0.17466,0.050531,0.12358
-0.094379,0.28364,0.53897
-0.022779,0.21925,0.5523
0.070379,0.14038,0.54321
0.15867,0.059459,0.54354
0.24551,-0.022512,0.55601
0.04095,0.18212,0.13791
-0.097432,0.30868,0.52872
-0.050117,0.26107,0.55928
0.048157,0.17309,0.54432
0.13578,0.087284,0.54376
0.23039,0.0082412,0.55314
0.027381,0.20785,0.13256
-0.090183,0.31264,0.51843
-0.046648,0.27126,0.55972
0.043597,0.19358,0.54721
0.14257,0.10545,0.54488
0.22496,0.02756,0.55197
0.026543,0.2122,0.1316
0.21207,0.054974,0.13043
-0.050923,0.28052,0.55486
0.029077,0.21602,0.55095
0.12492,0.12407,0.54493
0.22504,0.046983,0.54642
0.033786,0.2173,0.13018
0.22753,0.056749,0.10985
-0.051303,0.29582,0.54808
0.03195,0.22997,0.55019
0.12378,0.1465,0.54364
0.21453,0.058232,0.54513
0.042589,0.23053,0.12686
0.24224,0.058488,0.10938
-0.041066,0.29824,0.54768
0.033575,0.23139,0.54942
0.13999,0.14805,0.53919
0.23507,0.066541,0.53853
0.049011,0.23771,0.125
0.2528,0.059716,0.10096
-0.034834,0.30624,0.54349
0.052567,0.23034,0.54391
0.14098,0.15644,0.53684
0.22964,0.0759,0.53679
0.31849,0.0023784,0.79893
0.23737,0.080451,0.045563
0.25833,0.060413,0.11773
-0.014189,0.30216,0.54809
0.077366,0.22153,0.5382
0.17434,0.13924,0.5328
0.26572,0.058623,0.53479
0.27484,0.056999,0.80384
0.28536,0.048388,0.89839
0.2531,0.090505,0.053484
-0.039062,0.34119,0.50929
0.012779,0.29075,0.54383
0.10659,0.21698,0.53031
0.20429,0.13173,0.52718
0.21911,0.11421,0.81532
0.23811,0.098013,0.88701
0.301,0.04423,0.94947
0.26843,0.082006,0.077794
-0.020156,0.33363,0.52034
0.038742,0.27701,0.53876
0.1476,0.19526,0.52547
0.096262,0.23705,0.80269
0.13219,0.20289,0.88175
0.18958,0.15282,0.91877
0.27274,0.075647,0.94569
0.27297,0.093652,0.049113
-0.007151,0.32713,0.50315
0.076859,0.26268,0.53014
0.21309,0.14457,0.47548
-0.012665,0.33928,0.81684
-0.0030807,0.33476,0.89704
0.10315,0.23379,0.89114
0.14276,0.20887,0.95092
0.23005,0.13418,0.97468
0.29107,0.096519,0.03088
0.16149,0.20704,0.47548
-0.0021932,0.33669,0.73899
-0.018354,0.35592,0.85625
0.0077369,0.33212,0.92477
0.068131,0.28419,0.96027
0.15975,0.19819,0.96685
0.25872,0.11572,0.98615
0.29733,0.095713,0.071419
0.21014,0.17636,0.47548
-0.020995,0.36364,0.80184
-0.013363,0.36184,0.89397
0.020904,0.33126,0.95062
0.092943,0.27145,0.97486
0.19034,0.19154,0.99451
0.29332,0.10317,0.99886
0.18524,0.20657,0.47548
-0.020741,0.37579,0.78804
-0.019141,0.37374,0.88043
0.0090368,0.35257,0.94142
0.069485,0.29936,0.98033
0.15279,0.23096,0.9966
0.27187,0.13995,1
0.18805,0.22119,0.47548
-0.013768,0.38324,0.77747
-0.010998,0.3862,0.86752
0.01002,0.37088,0.93955
0.064571,0.32559,0.9882
0.14669,0.2564,1
0.25669,0.15943,1
0.0089159,0.37948,0.70777
-0.0046443,0.39298,0.8144
0.0015096,0.38778,0.89655
0.028912,0.36362,0.9638
0.094382,0.31219,0.99431
0.19684,0.21931,1
0.011581,0.38961,0.72122
-0.0032163,0.39451,0.83022
0.0082023,0.38895,0.90881
0.039612,0.36817,0.96853
0.11053,0.31267,0.99652
0.032424,0.3847,0.68132
0.0071582,0.40558,0.80143
0.010831,0.40436,0.88321
0.035501,0.3864,0.95412
0.09471,0.33637,0.99093
0.017877,0.40365,0.74088
0.015229,0.4142,0.84196
0.024636,0.40146,0.91951
0.19766,0.26282,0.85618
0.2308,0.24658,0.50136
0.26088,0.22741,0.57747
0.27355,0.21474,0.65506
0.20557,0.27073,0.83582
0.22012,0.26668,0.52111
0.22376,0.26453,0.63477
0.20943,0.27459,0.80385
-0.0013102,-0.33984,0.49587
-0.019692,-0.32552,0.51517
0.091758,-0.33513,0.5392
0.0097507,-0.32346,0.548
0.11318,-0.32145,0.071415
0.0034702,-0.31594,0.54778
0.10356,-0.30648,0.055511
-0.047475,-0.2889,0.53692
0.038511,-0.29845,0.56486
0.11236,-0.29988,0.077825
-0.040553,-0.28385,0.54072
0.051377,-0.29773,0.56577
0.12141,-0.29499,0.085094
-0.054484,-0.27821,0.53728
0.027074,-0.27725,0.56645
0.089273,-0.27844,0.054958
0.16339,-0.28508,0.085627
-0.055773,-0.26247,0.54102
0.034272,-0.27204,0.56771
0.083964,-0.26802,0.058447
0.1683,-0.27541,0.086833
-0.065063,-0.25492,0.53973
0.0255,-0.26178,0.56595
0.078756,-0.2578,0.030246
0.11205,-0.2554,0.10452
-0.10354,-0.24234,0.52944
-0.025842,-0.24446,0.55643
0.091673,-0.25415,0.56392
0.087741,-0.24454,0.079601
-0.13932,-0.22487,0.51464
-0.065452,-0.23908,0.54382
0.037408,-0.24248,0.56293
0.083665,-0.23602,0.024163
0.098532,-0.23235,0.12275
-0.12581,-0.21946,0.52956
-0.042309,-0.23105,0.55416
0.071925,-0.23596,0.56139
0.1096,-0.22575,0.072782
-0.16041,-0.20388,0.5176
-0.081342,-0.20915,0.54657
0.029007,-0.22625,0.56019
0.19422,-0.23129,0.5318
0.12578,-0.22244,0.12214
-0.11056,-0.20173,0.5398
-0.024605,-0.21176,0.55724
0.1048,-0.21979,0.55796
0.086453,-0.20479,0.12986
-0.14658,-0.18872,0.53265
-0.062303,-0.19409,0.55441
0.0576,-0.20345,0.55637
0.2254,-0.21557,0.52426
-0.18138,-0.18243,0.50348
-0.12098,-0.18425,0.54199
-0.014218,-0.18861,0.55358
0.10159,-0.19881,0.55458
0.071918,-0.18668,0.11963
-0.18506,-0.16711,0.52742
-0.095205,-0.17441,0.55305
0.021861,-0.18087,0.55272
0.14644,-0.19003,0.55336
0.08975,-0.17443,0.13574
-0.17299,-0.16269,0.53254
-0.087025,-0.16762,0.55428
0.034287,-0.1776,0.55232
0.16787,-0.18079,0.55455
0.058231,-0.16325,0.12466
-0.20203,-0.14858,0.5279
-0.12323,-0.15174,0.55139
0.003551,-0.16494,0.54992
0.12602,-0.17188,0.55064
-0.11805,-0.14243,0.13886
-0.22153,-0.14195,0.49416
-0.16151,-0.14595,0.5413
-0.054779,-0.14193,0.54988
0.054612,-0.15521,0.5485
0.18846,-0.15888,0.55487
0.043911,-0.13876,0.1342
-0.22695,-0.12875,0.52632
-0.14106,-0.1382,0.55006
-0.022716,-0.14324,0.54754
0.10643,-0.14222,0.54715
-0.14893,-0.11988,0.13635
0.039553,-0.13126,0.13096
-0.23979,-0.12268,0.52422
-0.15593,-0.12561,0.54935
-0.053515,-0.12743,0.54868
0.082495,-0.13691,0.54509
0.20515,-0.13597,0.55477
-0.090276,-0.11493,0.14785
-0.25119,-0.11164,0.49792
-0.20145,-0.11072,0.53984
-0.093952,-0.11792,0.55103
0.030464,-0.12158,0.54315
0.16016,-0.12458,0.55001
-0.13344,-0.10474,0.14249
0.026062,-0.10822,0.14554
-0.25435,-0.10079,0.52742
-0.17316,-0.10218,0.55127
-0.058894,-0.10117,0.54709
0.080758,-0.11156,0.54317
0.20253,-0.11716,0.55324
-0.11556,-0.098659,0.14638
0.024054,-0.10472,0.13748
-0.2684,-0.090487,0.51035
-0.19966,-0.088192,0.54739
-0.098606,-0.094487,0.5496
0.032845,-0.10317,0.54028
0.14992,-0.10473,0.54774
-0.12109,-0.088801,0.11774
-0.06315,-0.088132,0.15662
-0.27596,-0.080752,0.50235
-0.21902,-0.080954,0.54386
-0.11228,-0.083123,0.54978
0.0088123,-0.088934,0.54102
0.13238,-0.095305,0.54567
0.28855,-0.096624,0.53801
-0.074759,-0.078315,0.15633
0.010402,-0.079096,0.16355
-0.26305,-0.070405,0.53587
-0.18018,-0.072843,0.55415
-0.045375,-0.075756,0.54414
0.067784,-0.079826,0.54001
0.18704,-0.084318,0.54962
-0.10417,-0.069702,0.14349
-0.033325,-0.068375,0.16468
-0.29477,-0.057567,0.51556
-0.23566,-0.06504,0.54508
-0.13013,-0.065227,0.54977
0.0087377,-0.065562,0.53927
0.12322,-0.070597,0.54328
0.24674,-0.078094,0.55711
-0.07167,-0.060633,0.15971
0.031724,-0.061013,0.16503
-0.27839,-0.056679,0.53665
-0.19172,-0.06038,0.55408
-0.061711,-0.053705,0.5437
0.055674,-0.066035,0.53927
0.18637,-0.066064,0.5483
-0.084823,-0.048098,0.13078
-0.036882,-0.047323,0.16753
-0.30698,-0.042346,0.51693
-0.23351,-0.046276,0.5523
-0.1316,-0.048819,0.54864
-0.0014979,-0.049675,0.53927
0.1182,-0.058552,0.54207
0.24695,-0.050836,0.5567
-0.070441,-0.037542,0.16366
-0.0026533,-0.040675,0.20421
-0.26802,-0.040148,0.54528
-0.17394,-0.042324,0.55136
-0.048332,-0.041639,0.54177
0.074452,-0.046068,0.53927
0.19001,-0.042149,0.54818
-0.063974,-0.024713,0.13621
-0.026685,-0.030721,0.19117
-0.30134,-0.024517,0.54194
-0.21765,-0.028329,0.55855
-0.088262,-0.029198,0.54386
0.037267,-0.032863,0.53927
0.15801,-0.026446,0.54349
0.31359,-0.039675,0.54016
-0.035409,-0.016803,0.17858
-0.31466,-0.016434,0.54126
-0.23788,-0.015439,0.56199
-0.1104,-0.018483,0.54472
0.024242,-0.018685,0.53927
0.14156,-0.016801,0.54105
0.2451,-0.021451,0.55592
0.34487,-0.016072,0.85977
-0.050293,-0.0092081,0.16897
-0.33376,-0.0088531,0.53886
-0.26544,-0.0080034,0.55736
-0.14217,-0.008002,0.54648
-0.030089,-0.010328,0.53927
0.10788,-0.0058875,0.53927
0.22081,-0.0038497,0.55184
0.33624,-0.013121,0.79295
0.34177,-0.0090699,0.89073
-0.057421,0.0005466,0.16934
-0.34104,0.0018215,0.5324
-0.27525,-0.0009863,0.55724
-0.16704,0.0027259,0.55065
-0.033501,-0.001972,0.53927
0.09256,0.0023417,0.53927
0.21048,0.0041328,0.5501
0.32224,0.0013989,0.75666
0.31841,0.0024759,0.86586
-0.08347,0.01119,0.11698
-0.045581,0.012741,0.17049
-0.33463,0.0034959,0.54172
-0.26443,0.0096597,0.5639
-0.12599,0.0080648,0.54402
-0.016227,0.0081945,0.53927
0.11649,0.0099216,0.53943
0.24138,0.0096605,0.55439
0.31027,0.013123,0.77487
0.31268,0.013325,0.89219
-0.099691,0.020294,0.11041
-0.062035,0.024244,0.16592
-0.34075,0.021157,0.53253
-0.28181,0.022266,0.56373
-0.15361,0.015059,0.5486
-0.032355,0.016941,0.53927
0.08601,0.021152,0.53927
0.21142,0.027858,0.54985
0.31,0.020444,0.73571
0.30213,0.022853,0.85882
0.32034,0.026343,0.95597
-0.094752,0.024546,0.15918
-0.35322,0.027448,0.49525
-0.31388,0.026749,0.5545
-0.22635,0.028081,0.5606
-0.098219,0.02336,0.54062
0.024152,0.03366,0.53927
0.15442,0.02693,0.54189
0.31228,0.032406,0.68509
0.29149,0.036158,0.80895
0.30058,0.032435,0.91161
-0.13074,0.03761,0.13674
-0.064184,0.040277,0.16381
-0.34591,0.034333,0.52157
-0.29328,0.037514,0.56608
-0.17253,0.03801,0.55193
-0.041709,0.039496,0.53927
0.079075,0.041092,0.53927
0.20602,0.043446,0.54875
0.29111,0.046299,0.72954
0.28924,0.038978,0.84438
0.29743,0.043802,0.93762
-0.12743,0.048909,0.14994
-0.048165,0.044147,0.16668
-0.33984,0.047995,0.53121
-0.27192,0.049725,0.56814
-0.16006,0.047486,0.54978
-0.030354,0.049043,0.53927
0.098823,0.053622,0.5406
0.22894,0.053916,0.54355
0.28349,0.048533,0.76422
0.27671,0.05539,0.87698
0.30477,0.060878,0.97683
-0.1068,0.056763,0.15335
-0.019911,0.060747,0.16157
-0.32113,0.051898,0.5486
-0.2388,0.059875,0.56245
-0.10773,0.057747,0.54159
0.011774,0.063376,0.53927
0.14021,0.064123,0.54293
0.28084,0.070868,0.69693
0.26812,0.0652,0.80999
0.27579,0.064566,0.922
0.33961,0.070706,0.98772
-0.018828,0.065699,0.12374
-0.3448,0.057436,0.52104
-0.29081,0.061604,0.56416
-0.17667,0.062247,0.55217
-0.050167,0.069857,0.53927
0.078764,0.073013,0.54057
0.21272,0.076234,0.54007
0.26236,0.075598,0.75403
0.25793,0.075383,0.86217
0.27919,0.074301,0.9601
-0.12547,0.07595,0.14752
0.0030061,0.080989,0.16225
-0.31564,0.070409,0.55145
-0.2305,0.076357,0.56071
-0.098323,0.081161,0.54258
0.018238,0.078529,0.53927
0.15359,0.078383,0.54416
0.25046,0.090581,0.73841
0.24353,0.089783,0.8552
0.25923,0.09046,0.94601
-0.1398,0.079291,0.14424
-0.0052995,0.089187,0.16069
-0.31007,0.083252,0.54959
-0.22369,0.084623,0.55939
-0.1079,0.087461,0.54371
0.023935,0.086311,0.53927
0.14622,0.095039,0.54458
0.24686,0.095261,0.73299
0.23738,0.095935,0.8476
0.25047,0.099477,0.94666
-0.012134,0.099129,0.10789
0.038745,0.098261,0.15704
-0.28363,0.088635,0.5557
-0.16956,0.097991,0.55017
-0.043413,0.099851,0.54002
0.083442,0.10241,0.5421
0.23201,0.10647,0.52712
0.22697,0.10736,0.77238
0.22533,0.10959,0.88094
0.25075,0.10881,0.96944
-0.010192,0.10935,0.14339
-0.32082,0.10211,0.53878
-0.24013,0.10387,0.56165
-0.11324,0.10829,0.54556
0.01416,0.11089,0.53937
0.13929,0.11568,0.5452
0.22481,0.11615,0.73883
0.21524,0.11807,0.86431
0.22823,0.1233,0.95066
-0.0093206,0.11338,0.11646
-0.31601,0.11081,0.52658
-0.2466,0.11434,0.55707
-0.1299,0.11171,0.54698
-0.0014552,0.11697,0.53927
0.11693,0.12688,0.5447
0.20697,0.13376,0.74
0.21132,0.12199,0.84309
0.21687,0.13335,0.94734
-0.004962,0.13538,0.1238
-0.30547,0.11699,0.53768
-0.22845,0.12361,0.55905
-0.10325,0.1267,0.54615
0.023709,0.12727,0.54053
0.1626,0.13737,0.5362
0.19582,0.13765,0.7767
0.19683,0.13774,0.87919
0.21941,0.14119,0.9706
-0.0047999,0.13652,0.14885
-0.28945,0.12527,0.5394
-0.19581,0.13292,0.55369
-0.076997,0.1384,0.54517
0.051504,0.14639,0.54264
0.208,0.15009,0.68308
0.18589,0.14742,0.80179
0.19302,0.14699,0.90666
0.22088,0.15158,0.98391
-0.0019721,0.15068,0.14518
-0.25893,0.13788,0.54391
-0.16377,0.14446,0.55169
-0.048161,0.14752,0.54399
0.078551,0.152,0.5441
0.18166,0.1621,0.72471
0.17536,0.15796,0.84226
0.18422,0.16298,0.93971
0.25979,0.16034,1
-0.28681,0.14698,0.51695
-0.21874,0.14678,0.55291
-0.099721,0.15242,0.54797
0.018477,0.16516,0.54387
0.17462,0.17169,0.5246
0.16261,0.17071,0.79163
0.16857,0.16804,0.88948
0.20386,0.16753,0.98272
0.011366,0.16903,0.14195
-0.2249,0.15429,0.54802
-0.1176,0.166,0.5504
-0.00077648,0.17075,0.54504
0.15868,0.18034,0.52643
0.16099,0.17791,0.74927
0.15224,0.18108,0.86837
0.1794,0.17338,0.95383
0.0040696,0.18055,0.1071
-0.25967,0.16531,0.53283
-0.17607,0.17473,0.55503
-0.055069,0.17888,0.54729
0.073404,0.18517,0.54543
0.17779,0.19449,0.67048
0.14467,0.18865,0.8051
0.14973,0.18829,0.89665
0.18068,0.19299,0.98528
0.017615,0.19202,0.1365
-0.21155,0.18019,0.54188
-0.12192,0.17845,0.5518
-0.0010802,0.18641,0.54718
0.22049,0.19951,0.47646
0.15607,0.19561,0.69926
0.13003,0.20329,0.82367
0.14526,0.19556,0.91077
0.18821,0.2015,1
0.045029,0.20548,0.13246
-0.18697,0.19294,0.54441
-0.083864,0.19723,0.55084
0.043002,0.19917,0.54808
0.24631,0.21628,0.49132
0.26949,0.21879,0.58155
0.12202,0.2113,0.7901
0.12601,0.21225,0.89784
0.15215,0.21122,0.97372
0.01874,0.21344,0.1316
-0.198,0.20108,0.53776
-0.11341,0.2059,0.55364
0.0078011,0.21211,0.55068
0.22091,0.23189,0.48554
0.26457,0.22371,0.55883
0.115,0.21862,0.77592
0.11893,0.21626,0.88235
0.1408,0.21638,0.96494
0.011804,0.21969,0.12771
-0.20976,0.20797,0.53138
-0.12265,0.21466,0.55505
-0.0088998,0.21719,0.55175
0.20891,0.23743,0.48299
0.24861,0.23968,0.55999
0.10992,0.22456,0.7716
0.11109,0.22222,0.86939
0.12714,0.23084,0.96698
0.014969,0.23537,0.1104
-0.21279,0.21621,0.52717
-0.13213,0.22534,0.54849
-0.024866,0.22756,0.55363
0.2129,0.24311,0.48685
0.23603,0.25225,0.57404
0.094038,0.23928,0.78601
0.097366,0.23797,0.88304
0.12573,0.23961,0.97592
0.055498,0.24218,0.053776
-0.18974,0.22908,0.52918
-0.10828,0.23069,0.55374
0.0052996,0.24271,0.55551
0.22921,0.25545,0.51631
0.097153,0.24739,0.72075
0.083379,0.24994,0.82518
0.097973,0.24645,0.92901
0.13427,0.25253,1
0.034421,0.25414,0.078683
-0.18409,0.23074,0.53027
-0.096783,0.23767,0.55507
0.030386,0.25521,0.54562
0.21932,0.26896,0.54829
0.081133,0.25683,0.75396
0.076894,0.25642,0.86973
0.098592,0.25307,0.951
-0.011312,0.25708,0.037839
0.020802,0.26469,0.11134
-0.13139,0.24861,0.53947
-0.043641,0.25679,0.55851
0.089089,0.26705,0.68799
0.065202,0.26782,0.8178
0.078449,0.26264,0.91213
0.11191,0.26786,0.99213
-0.0064905,0.275,0.071547
0.055209,0.27376,0.11659
-0.096242,0.25479,0.54895
0.040396,0.27212,0.53924
0.057109,0.27429,0.77975
0.058677,0.27482,0.88533
0.078609,0.282,0.97085
-0.0074713,0.28133,0.051259
0.031732,0.28642,0.11456
-0.11605,0.26733,0.53762
-0.024142,0.27922,0.55725
0.044442,0.28758,0.75523
0.03766,0.28984,0.86883
0.062133,0.28416,0.94618
-0.0060047,0.29058,0.038672
0.026924,0.29543,0.10864
-0.085627,0.2787,0.54376
0.03743,0.28951,0.53666
0.037929,0.28962,0.79136
0.037325,0.29336,0.89572
0.070715,0.29835,0.98056
-0.0043706,0.3009,0.055921
0.05682,0.30712,0.092641
-0.04945,0.29228,0.55041
0.021692,0.30808,0.739
0.019479,0.30437,0.8426
0.034442,0.30482,0.93627
0.091577,0.30829,0.99446
0.014678,0.3157,0.08183
-0.099926,0.29873,0.53154
0.016296,0.30844,0.53924
0.011135,0.31103,0.79545
0.017537,0.30816,0.88856
0.046208,0.3121,0.96882
-0.00063498,0.32449,0.049993
0.070272,0.32162,0.084753
-0.027872,0.31199,0.54074
-0.0056342,0.32444,0.78112
0.0010056,0.31969,0.87682
0.028317,0.32474,0.95958
0.00090801,0.33423,0.0354
0.064896,0.3369,0.070505
0.01805,0.33244,0.68872
-0.0085432,0.32723,0.8083
-0.0010454,0.33166,0.89998
0.035426,0.3377,0.97788
0.0095076,0.33906,0.075634
0.0026825,0.33881,0.7165
-0.012799,0.33968,0.83203
0.00084883,0.34414,0.91854
0.047316,0.34458,0.98112
-0.016425,0.35028,0.78755
-0.015057,0.35039,0.87708
0.017157,0.35522,0.95835
-0.0089057,0.36018,0.73369
-0.017819,0.35435,0.84025
0.0015267,0.36057,0.93184
-0.00728,0.36685,0.718
-0.022524,0.36811,0.82853
-0.0069803,0.36914,0.91586
0.012672,0.38207,0.70578
-0.017841,0.37889,0.81632
-0.0035729,0.37531,0.91076
0.028022,0.39428,0.69984
-0.004877,0.39273,0.82349
0.012785,0.39084,0.91505
0.0023995,0.39962,0.77507
0.0030533,0.4012,0.86293
0.015354,0.41434,0.77812
-0.28604,0.19118,0.072851
-0.26088,0.18036,0.5265
-0.3305,0.082957,0.54105
-0.25813,0.16927,0.53175
-0.35576,0.040912,0.50271
-0.31647,0.081404,0.54833
-0.22992,0.18875,0.53279
-0.26315,0.13446,0.1132
-0.33598,0.049122,0.53818
-0.27352,0.11734,0.54749
-0.17577,0.23407,0.53152
-0.24351,0.1374,0.11692
-0.31947,0.052712,0.54967
-0.2408,0.13956,0.5489
-0.15958,0.24086,0.53383
-0.25368,0.11413,0.11727
-0.33199,0.018118,0.54285
-0.2811,0.089533,0.55613
-0.19023,0.18653,0.54595
-0.097111,0.3026,0.53107
-0.34116,0.0029645,0.50563
-0.3137,0.034551,0.55429
-0.23764,0.11442,0.55983
-0.14116,0.24159,0.53923
-0.023728,0.37163,0.83487
-0.33395,-0.0082126,0.50049
-0.30816,0.01856,0.5554
-0.24282,0.10343,0.56211
-0.15049,0.21087,0.54856
-0.057604,0.31414,0.53637
-0.019446,0.35911,0.85733
-0.23564,0.096448,0.10872
-0.3292,-0.014802,0.52599
-0.28481,0.02993,0.56565
-0.20858,0.1311,0.55583
-0.12496,0.22077,0.55253
-0.004907,0.35972,0.71826
-0.017877,0.35452,0.83247
-0.0030133,0.36149,0.92336
-0.31989,-0.025697,0.49695
-0.29779,0.003944,0.55298
-0.23974,0.077501,0.5622
-0.14702,0.1881,0.55438
-0.063842,0.2792,0.55096
-0.011199,0.335,0.79322
-0.0091049,0.34482,0.88927
-0.21555,0.085159,0.12066
-0.31559,-0.031265,0.50415
-0.28446,0.0051579,0.55696
-0.21838,0.077903,0.55867
-0.13239,0.1844,0.55304
-0.048242,0.27603,0.55743
-0.0066372,0.32524,0.79391
-0.004454,0.33675,0.89496
0.040603,0.39107,0.9548
-0.0011019,0.32154,0.02502
-0.30006,-0.023664,0.54259
-0.24032,0.035788,0.56296
-0.16394,0.13387,0.55095
-0.07439,0.22617,0.55423
0.0071898,0.3264,0.71545
-0.0024273,0.32187,0.82531
0.0080081,0.33139,0.92482
-0.19884,0.075815,0.11545
-0.0015345,0.30849,0.071304
-0.28502,-0.021139,0.54749
-0.21192,0.055509,0.55813
-0.13352,0.14614,0.54974
-0.048997,0.23969,0.55592
0.013049,0.31756,0.72092
0.0083428,0.31326,0.83659
0.014088,0.32401,0.93196
-0.19256,0.072288,0.11795
-0.0071037,0.27417,0.071211
-0.28336,-0.036458,0.5425
-0.2302,0.026907,0.56121
-0.14615,0.12414,0.549
-0.065033,0.21367,0.55223
0.026098,0.31226,0.70061
0.019997,0.30395,0.81431
0.022003,0.31144,0.92334
0.064097,0.3566,0.98306
-0.010359,0.26309,0.022937
-0.2945,-0.058022,0.51889
-0.25402,-0.015009,0.55792
-0.17539,0.075957,0.55164
-0.091895,0.16247,0.54832
-0.017278,0.25317,0.55751
0.02826,0.30072,0.75379
0.022494,0.30196,0.86988
0.036876,0.31466,0.96132
-0.17183,0.067222,0.13893
0.0095547,0.25767,0.078283
-0.26934,-0.040879,0.54467
-0.19426,0.030176,0.55539
-0.11176,0.1228,0.54648
-0.037048,0.21993,0.55264
0.040243,0.29964,0.70746
0.030928,0.29522,0.82732
0.039267,0.29846,0.92953
-0.16311,0.055836,0.10405
0.0084152,0.24963,0.046793
-0.28107,-0.066914,0.53231
-0.2287,-0.013397,0.56052
-0.14135,0.081507,0.54591
-0.055458,0.17845,0.54724
0.054724,0.30114,0.67777
0.038943,0.28881,0.78592
0.042287,0.29026,0.90177
0.066467,0.30588,0.98435
0.021488,0.24756,0.023099
-0.27616,-0.081422,0.52793
-0.22836,-0.025516,0.56033
-0.13527,0.066285,0.54526
-0.056674,0.16629,0.54624
0.029577,0.26341,0.54423
0.046921,0.28264,0.77603
0.048292,0.2826,0.88167
0.065602,0.29738,0.97377
-0.13505,0.058322,0.1474
-0.27067,-0.087217,0.4966
-0.23845,-0.05062,0.54944
-0.15964,0.037719,0.54983
-0.077353,0.12425,0.54415
0.0010162,0.21372,0.55104
0.06575,0.27221,0.74965
0.061823,0.27053,0.85126
0.063761,0.28385,0.94915
-0.14088,0.043319,0.12578
0.0074074,0.19733,0.10724
-0.24528,-0.071593,0.54019
-0.18142,-0.010236,0.55285
-0.09875,0.09074,0.54329
-0.015182,0.18268,0.54697
0.080733,0.27489,0.68931
0.066176,0.26705,0.81431
0.066847,0.27186,0.91042
0.10089,0.29976,0.99698
-0.10669,0.060122,0.15302
-0.24836,-0.097698,0.53011
-0.20512,-0.041715,0.55636
-0.1099,0.053949,0.54148
-0.027656,0.15042,0.54284
0.091943,0.28025,0.67055
0.078732,0.25458,0.79965
0.075289,0.26442,0.90549
0.095363,0.28764,0.9959
-0.10726,0.053302,0.15362
-0.25456,-0.10739,0.49758
-0.21956,-0.076453,0.54532
-0.15196,-0.0053296,0.5481
-0.056655,0.10025,0.54099
0.025205,0.18581,0.54654
0.084738,0.26073,0.71603
0.081617,0.2517,0.83935
0.089358,0.25714,0.93794
-0.11578,0.029294,0.11434
-0.078519,0.065275,0.15826
-0.24898,-0.11527,0.52003
-0.19971,-0.070569,0.55285
-0.10906,0.024759,0.54144
-0.026155,0.11673,0.54
0.051046,0.20522,0.5489
0.08962,0.24961,0.74756
0.09358,0.23974,0.86674
0.10203,0.25419,0.96251
-0.10449,0.022905,0.13815
-0.005403,0.13322,0.12769
-0.23057,-0.11021,0.53095
-0.1811,-0.064865,0.55362
-0.081467,0.0382,0.53927
-0.0037848,0.1318,0.53981
0.093834,0.23013,0.53153
0.099779,0.23354,0.78243
0.098633,0.23982,0.89883
0.11968,0.25656,0.98817
-0.090336,0.014943,0.14869
-0.010364,0.10835,0.13285
-0.22617,-0.12691,0.52713
-0.18546,-0.077582,0.55491
-0.089236,0.025065,0.53981
0.0024985,0.11287,0.53927
0.10021,0.21472,0.53268
0.10258,0.23147,0.77377
0.10428,0.23049,0.88019
0.12622,0.24506,0.98259
-0.082193,0.011791,0.16309
-0.014221,0.089256,0.15498
-0.22057,-0.12837,0.52842
-0.16656,-0.066327,0.55262
-0.065803,0.026698,0.53927
0.010659,0.11776,0.53952
0.11666,0.22463,0.52586
0.11235,0.22096,0.78303
0.11404,0.22189,0.88607
0.13284,0.23709,0.98109
-0.07194,0.0045905,0.16549
-0.0032954,0.082663,0.1621
-0.20492,-0.13325,0.53176
-0.14579,-0.069966,0.55132
-0.058146,0.032009,0.53927
0.032421,0.11365,0.54031
0.13978,0.23232,0.67063
0.12356,0.20976,0.80168
0.1209,0.21775,0.89982
0.13947,0.23894,0.9906
-0.056278,0.016553,0.1679
0.029507,0.10365,0.15615
-0.18667,-0.11948,0.54171
-0.1147,-0.048094,0.5473
-0.023822,0.042563,0.53927
0.061997,0.13287,0.5425
0.13704,0.21082,0.70892
0.12686,0.20645,0.81629
0.13468,0.20878,0.92411
0.17526,0.24555,1
-0.036889,0.012335,0.17786
-0.21075,-0.15273,0.4942
-0.18013,-0.12453,0.54217
-0.10568,-0.047902,0.5466
-0.0098409,0.051383,0.53927
0.074778,0.13333,0.54309
0.20875,0.27089,0.50501
0.14401,0.20163,0.71523
0.13981,0.19351,0.83883
0.14003,0.20547,0.93443
-0.069517,-0.030834,0.15245
-0.038216,0.0091312,0.20161
-0.20404,-0.16017,0.51519
-0.15918,-0.11398,0.55195
-0.070991,-0.031201,0.5427
0.015632,0.05828,0.53927
0.098451,0.14701,0.54477
0.22048,0.26629,0.52104
0.15362,0.19486,0.70738
0.14736,0.18596,0.81874
0.15252,0.19179,0.92842
0.19488,0.23685,1
-0.069687,-0.047573,0.16215
-0.036371,-0.014483,0.21901
-0.19334,-0.17091,0.51626
-0.14938,-0.1266,0.55107
-0.063994,-0.036791,0.54259
0.02004,0.046142,0.53927
0.10633,0.13016,0.54437
0.22438,0.26113,0.51821
0.16011,0.19168,0.699
0.15526,0.17806,0.81872
0.15706,0.18736,0.92897
0.19521,0.22561,1
-0.065447,-0.053767,0.16183
-0.033954,-0.020317,0.21713
-0.18808,-0.17594,0.50971
-0.1459,-0.12883,0.55146
-0.06121,-0.052552,0.54358
0.037497,0.045937,0.53927
0.11905,0.13707,0.54525
0.23419,0.25237,0.52059
0.16273,0.18427,0.71109
0.16173,0.17159,0.82804
0.16094,0.18371,0.93014
0.20153,0.22088,1
-0.055301,-0.059999,0.16247
-0.02729,-0.03047,0.21606
-0.1843,-0.1801,0.52059
-0.13799,-0.14422,0.54914
-0.054897,-0.052096,0.54306
0.038478,0.040169,0.53927
0.12431,0.12368,0.54488
0.24207,0.24381,0.51905
0.17167,0.17841,0.7033
0.16285,0.17046,0.82529
0.17349,0.16958,0.92216
0.21731,0.21058,1
-0.051343,-0.070198,0.16146
-0.015262,-0.035452,0.20971
-0.17629,-0.1879,0.51438
-0.131,-0.14334,0.55158
-0.040286,-0.056272,0.54227
0.043526,0.034159,0.53927
0.12585,0.11184,0.54442
0.25265,0.23563,0.52526
0.18249,0.16643,0.70625
0.17437,0.15894,0.82489
0.17846,0.16465,0.92234
0.20965,0.20136,1
-0.051619,-0.078069,0.16013
-0.0084919,-0.038256,0.20433
-0.16709,-0.19671,0.50323
-0.1306,-0.15944,0.54671
-0.046719,-0.068968,0.54372
0.039204,0.0098298,0.53927
0.12812,0.10306,0.54413
0.25979,0.22511,0.51684
0.1918,0.16548,0.68514
0.1823,0.15102,0.81377
0.18883,0.15257,0.91372
0.21428,0.1781,1
0.0048601,-0.038547,0.19573
-0.16323,-0.20065,0.50569
-0.12352,-0.16177,0.54818
-0.044806,-0.08031,0.54444
0.048494,0.004277,0.53927
0.13122,0.091067,0.54373
0.26891,0.21444,0.51337
0.2007,0.15197,0.69677
0.19194,0.14137,0.81084
0.19212,0.14956,0.91512
0.21399,0.17046,0.99739
0.0051616,-0.045022,0.17108
0.098035,0.037624,0.15694
-0.126,-0.17945,0.54192
-0.051402,-0.10063,0.54648
0.036384,-0.016617,0.53927
0.12583,0.060851,0.54213
0.27198,0.20759,0.50486
0.20856,0.14398,0.69708
0.19818,0.13513,0.81614
0.20217,0.13832,0.90912
0.23606,0.16813,1
0.018722,-0.05408,0.16781
0.099759,0.022277,0.1571
-0.12458,-0.19585,0.53727
-0.057412,-0.12145,0.54852
0.029848,-0.034559,0.53927
0.1175,0.050417,0.54129
0.21735,0.13655,0.69366
0.20474,0.12858,0.80859
0.20581,0.13636,0.91758
0.2333,0.15529,1
0.031456,-0.055639,0.16616
0.1269,0.036498,0.15042
-0.10795,-0.19283,0.54338
-0.04025,-0.11878,0.54701
0.054554,-0.036038,0.53927
0.1506,0.055346,0.543
0.21807,0.12477,0.72934
0.21085,0.12246,0.84104
0.21946,0.12998,0.9454
0.0128,-0.085329,0.12488
0.091051,-0.0115,0.12236
-0.13629,-0.22754,0.50401
-0.092399,-0.19046,0.54894
-0.013944,-0.1101,0.54436
0.083427,-0.016423,0.53927
0.16675,0.062114,0.54402
0.21983,0.1201,0.74403
0.22303,0.11029,0.85752
0.22938,0.12175,0.94965
0.017302,-0.09306,0.12616
0.10943,-0.0074624,0.10923
-0.13227,-0.2319,0.514
-0.083978,-0.1954,0.55002
0.0046695,-0.11203,0.54309
0.098797,-0.023507,0.53927
0.174,0.058697,0.5442
0.23168,0.10487,0.76112
0.22768,0.10626,0.876
0.23873,0.12035,0.96889
0.022697,-0.10251,0.15291
0.11953,-0.005406,0.14573
-0.11243,-0.22976,0.53052
-0.043402,-0.15892,0.5503
0.048113,-0.083008,0.53927
0.13893,0.012382,0.54055
0.25777,0.11588,0.66932
0.2348,0.098511,0.79629
0.23664,0.10323,0.90593
0.26322,0.11719,0.99285
0.043508,-0.092328,0.15739
-0.11548,-0.24826,0.50134
-0.074993,-0.20911,0.54855
0.00043578,-0.13857,0.54559
0.096745,-0.046462,0.5397
0.19209,0.036735,0.54679
0.25045,0.091872,0.73197
0.2403,0.093021,0.84486
0.25493,0.094955,0.9465
0.030497,-0.11562,0.11638
0.16725,0.0050794,0.11125
-0.089362,-0.23871,0.53544
-0.025694,-0.17776,0.55169
0.061358,-0.089902,0.54027
0.15518,-0.004948,0.54265
0.27134,0.097443,0.67342
0.25208,0.081238,0.80416
0.25102,0.088873,0.90609
0.27523,0.10849,0.99657
0.059698,-0.11361,0.15134
-0.095277,-0.25056,0.53018
-0.038632,-0.20346,0.55573
0.057766,-0.11099,0.5415
0.14299,-0.028477,0.54188
0.24962,0.059616,0.53771
0.25748,0.07584,0.79319
0.26029,0.076964,0.89275
0.2763,0.095387,0.98305
0.052736,-0.12579,0.14957
-0.097226,-0.26374,0.51789
-0.054548,-0.22167,0.55232
0.032924,-0.1439,0.54682
0.12654,-0.054941,0.5424
0.22003,0.024172,0.55126
0.26796,0.073077,0.73846
0.26542,0.0679,0.85283
0.2728,0.079606,0.95506
0.049642,-0.14848,0.11949
0.24524,0.030756,0.046845
-0.067931,-0.25703,0.53816
-0.014106,-0.19999,0.55544
0.08385,-0.11269,0.54347
0.18,-0.026591,0.54649
0.28464,0.067518,0.69275
0.2725,0.059925,0.80451
0.27455,0.066054,0.92164
0.31887,0.09616,0.99426
0.086455,-0.12103,0.14702
-0.078974,-0.27823,0.51707
-0.032969,-0.2372,0.55583
0.0449,-0.15805,0.54919
0.13967,-0.075683,0.54484
0.23614,0.015018,0.55383
0.28172,0.049496,0.77122
0.28214,0.047856,0.87057
0.29859,0.064064,0.97338
0.061783,-0.15443,0.14275
0.25382,0.016487,0.076405
-0.050799,-0.25937,0.54361
0.017272,-0.20317,0.5563
0.12094,-0.11085,0.54596
0.20306,-0.032086,0.54974
0.29607,0.043895,0.71242
0.28578,0.043306,0.82462
0.29228,0.045308,0.92402
0.063526,-0.17219,0.10561
0.25003,0.00052983,0.064693
-0.05924,-0.28379,0.53411
-0.01131,-0.23195,0.56068
0.096041,-0.14225,0.54642
0.1858,-0.055834,0.54789
0.31233,0.049044,0.67139
0.29097,0.03681,0.79904
0.29787,0.033142,0.90068
0.32012,0.054622,0.98724
0.097764,-0.14751,0.14041
-0.058904,-0.29398,0.50685
-0.019592,-0.26009,0.55448
0.056722,-0.19597,0.55516
0.15278,-0.10055,0.5477
0.25422,-0.020752,0.55734
0.30159,0.02906,0.74644
0.29877,0.027052,0.85654
0.31467,0.036155,0.96049
0.072741,-0.18405,0.13554
0.29393,0.00041594,0.06592
-0.025423,-0.27967,0.54719
0.054827,-0.20345,0.55643
0.14275,-0.12951,0.54882
0.23224,-0.051377,0.55441
0.31111,0.021758,0.72232
0.30867,0.014663,0.84258
0.31315,0.026475,0.93973
0.079599,-0.19975,0.10442
0.30511,0.0021872,0.044341
-0.031172,-0.28694,0.54322
0.027181,-0.23653,0.56185
0.13785,-0.15103,0.55
0.22553,-0.068667,0.55364
0.31929,0.014645,0.7091
0.30981,0.01324,0.82516
0.3208,0.013112,0.92751
0.081711,-0.2034,0.10861
-0.039596,-0.30938,0.5044
-0.0020487,-0.28043,0.55528
0.07672,-0.21225,0.55737
0.16787,-0.12601,0.55079
0.26418,-0.045726,0.55931
0.3188,0.0048043,0.76171
0.32235,-0.0024481,0.86771
0.342,0.018219,0.95506
-0.033623,-0.31397,0.49484
-0.00083207,-0.29634,0.55147
0.076724,-0.22574,0.55959
0.17434,-0.142,0.55246
0.26327,-0.058765,0.55938
0.32951,-0.01074,0.77716
0.32567,-0.0052283,0.87935
0.36341,0.025585,0.96403
0.12195,-0.203,0.12652
0.0015107,-0.29874,0.55166
0.078921,-0.23198,0.56057
0.17535,-0.14953,0.55307
0.27705,-0.065064,0.55295
0.34194,-0.014732,0.77611
0.33456,-0.0083508,0.88548
0.37961,0.029474,0.95728
-0.014087,-0.33027,0.52838
0.034005,-0.2886,0.56589
0.13,-0.21028,0.55581
0.22473,-0.12547,0.5524
0.35938,-0.0075249,0.72323
0.34564,-0.016334,0.85063
0.37999,0.0075046,0.93011
0.12729,-0.21675,0.12314
0.015944,-0.31658,0.55203
0.08434,-0.25721,0.56459
0.18583,-0.17109,0.55376
0.29532,-0.076627,0.5423
0.36553,-0.023138,0.84
0.10781,-0.25113,0.09061
0.00039458,-0.34134,0.52527
0.047614,-0.30088,0.56385
0.14467,-0.22033,0.55486
0.24643,-0.13118,0.542
0.367,-0.023641,0.81637
0.12715,-0.24117,0.11816
0.023761,-0.33009,0.54547
0.097988,-0.26875,0.55824
0.2072,-0.17877,0.54288
0.1198,-0.26867,0.10197
0.020031,-0.34739,0.52488
0.080533,-0.29649,0.55651
0.17156,-0.22009,0.54428
0.28415,-0.12075,0.53144
0.022138,-0.35201,0.51355
0.074419,-0.31744,0.5517
0.18381,-0.22656,0.53741
0.13279,-0.28266,0.092641
0.060333,-0.34119,0.53179
0.13913,-0.27524,0.53995
0.23942,-0.18666,0.52763
0.057162,-0.34637,0.52261
0.12751,-0.2972,0.5377
0.1405,-0.28968,0.091925
0.14477,-0.29098,0.53281
0.18421,-0.28733,0.074172
0.41685,0.013306,0.83771
0.39869,0.0085549,0.74166
0.39614,-0.0060931,0.85568
0.39284,0.026974,0.69299
0.39108,-0.010828,0.81219
0.39156,0.0046283,0.90527
0.37712,-0.015681,0.75375
0.37453,-0.026216,0.85581
0.37962,0.0087092,0.93233
0.36537,-0.018017,0.75713
0.36466,-0.02284,0.8555
0.36759,0.0036014,0.94101
0.36215,-0.010135,0.7299
0.36273,-0.022181,0.83347
0.35974,-0.0035406,0.92411
0.3657,0.061682,0.98032
0.34858,-0.017342,0.78661
0.34503,-0.01208,0.88502
0.34956,0.01759,0.95833
0.3433,0.0082347,0.058277
0.33655,0.00035489,0.72295
0.33667,-0.013268,0.83286
0.33575,0.0025624,0.91957
0.34417,0.050382,0.9842
0.32837,0.036878,0.082462
0.33181,0.03102,0.66835
0.33126,-0.011418,0.79836
0.33095,-0.0060913,0.88856
0.32869,0.029758,0.96676
0.31649,0.0039887,0.051177
0.30861,-0.10343,0.52231
0.31621,-0.013827,0.54125
0.32092,-0.0006598,0.78198
0.31547,0.0070219,0.87767
0.32327,0.027699,0.96021
0.31255,0.0033641,0.038729
0.31757,0.065852,0.088603
0.3042,-0.053109,0.54445
0.30957,0.021606,0.73222
0.31326,0.0089254,0.83819
0.31573,0.023549,0.93987
0.32485,0.091307,0.99272
0.30517,0.024236,0.085555
0.29216,-0.10499,0.53384
0.30293,-0.013557,0.5491
0.30306,0.021868,0.77646
0.30277,0.023272,0.87974
0.29795,0.049265,0.95287
0.28893,-0.00037687,0.044063
0.29929,0.044714,0.092641
0.28077,-0.081488,0.54601
0.29498,0.049181,0.7013
0.29403,0.032987,0.81694
0.29678,0.037097,0.91225
0.29532,0.07823,0.98546
0.27718,0.0020458,0.073154
0.26875,-0.15821,0.52477
0.27013,-0.075263,0.55203
0.28765,0.054365,0.71406
0.28845,0.039967,0.8205
0.28289,0.053646,0.91057
0.28733,0.089041,0.98845
0.27032,0.00087998,0.073099
0.25226,-0.18099,0.52428
0.26267,-0.10598,0.54436
0.26904,0.026183,0.5439
0.2763,0.055166,0.77943
0.27941,0.053034,0.88267
0.27223,0.083936,0.96359
0.26328,-0.0044388,0.049671
0.26448,0.026187,0.10938
0.24935,-0.1442,0.53682
0.25632,-0.057442,0.55827
0.27282,0.21546,0.5425
0.2699,0.065413,0.76737
0.26462,0.068698,0.86785
0.27163,0.08225,0.95803
0.25021,-0.0006276,0.031678
0.25416,0.023957,0.1072
0.24262,-0.16614,0.5327
0.23742,-0.082264,0.55572
0.25878,0.061043,0.53545
0.26574,0.22254,0.57081
0.25619,0.077121,0.78852
0.25632,0.078712,0.88151
0.25343,0.10641,0.96975
0.24489,0.032961,0.053876
0.22373,-0.21693,0.52451
0.22318,-0.13766,0.54925
0.23394,-0.024015,0.55422
0.25997,0.21419,0.49917
0.25461,0.13135,0.65896
0.24344,0.089878,0.80071
0.24568,0.092149,0.89565
0.24986,0.12472,0.9863
0.23762,0.044229,0.125
0.22058,-0.15961,0.54349
0.22176,-0.070383,0.55309
0.23014,0.082551,0.53469
0.25446,0.23163,0.51952
0.23949,0.10411,0.72549
0.23658,0.096736,0.82668
0.23732,0.10664,0.92663
0.24227,0.16493,1
0.20076,-0.23189,0.52901
0.20427,-0.15565,0.5512
0.21671,-0.034292,0.5517
0.23678,0.18296,0.47643
0.23457,0.25372,0.52489
0.23122,0.10995,0.73777
0.2288,0.10452,0.84516
0.22989,0.11908,0.94418
0.23059,0.19123,1
0.19443,-0.25137,0.52551
0.19882,-0.17157,0.54845
0.20712,-0.069378,0.55108
0.21997,0.082514,0.53673
0.22658,0.25246,0.50367
0.21381,0.13562,0.70497
0.21574,0.11758,0.81493
0.2225,0.11945,0.91648
0.22345,0.16735,1
0.18201,-0.25893,0.52806
0.18784,-0.18262,0.5494
0.19828,-0.068887,0.54986
0.20322,0.056932,0.54778
0.21549,0.25294,0.49528
0.21196,0.17782,0.65573
0.20437,0.12895,0.80049
0.21306,0.12695,0.90672
0.20798,0.16654,0.98623
0.19538,0.038877,0.13478
0.17101,-0.21389,0.54641
0.18192,-0.097163,0.55005
0.19103,0.015441,0.5471
0.20463,0.23279,0.47949
0.21215,0.27613,0.58426
0.1974,0.13592,0.79232
0.19885,0.13907,0.8961
0.19699,0.16925,0.97693
0.17773,0.022836,0.13937
0.15989,-0.23695,0.54366
0.16886,-0.14135,0.55193
0.18209,-0.01844,0.5466
0.18982,0.12252,0.53311
0.18677,0.15692,0.72503
0.18867,0.14465,0.84112
0.19199,0.15526,0.93985
0.18859,0.21614,1
0.14831,-0.2912,0.52333
0.15623,-0.21668,0.55142
0.16207,-0.098455,0.54838
0.16428,0.015394,0.54346
0.1818,0.23986,0.47663
0.17682,0.15649,0.7896
0.17545,0.16081,0.88773
0.18491,0.18303,0.97885
0.15849,0.0030564,0.14353
0.14832,-0.27809,0.53542
0.14622,-0.18124,0.55273
0.15675,-0.07595,0.54636
0.16535,0.05979,0.54386
0.16691,0.18514,0.69833
0.17355,0.15976,0.82494
0.16998,0.17114,0.91229
0.1736,0.21272,0.99949
0.14936,0.015901,0.14606
0.14039,-0.24505,0.54885
0.14309,-0.13118,0.54896
0.15017,-0.016074,0.54221
0.16046,0.11561,0.54219
0.15973,0.17907,0.74974
0.1583,0.17502,0.85935
0.16449,0.1873,0.95131
0.14168,-0.000453,0.10662
0.1259,-0.30627,0.53551
0.12805,-0.2338,0.55724
0.13177,-0.11157,0.54678
0.14226,0.010522,0.54061
0.14399,0.13314,0.54192
0.15002,0.18781,0.75464
0.14764,0.18567,0.86933
0.14961,0.20466,0.95757
0.12987,-0.0030583,0.11797
0.11572,-0.31805,0.53587
0.1162,-0.23871,0.5604
0.12625,-0.11353,0.54653
0.12788,0.015561,0.5402
0.13481,0.13304,0.54425
0.13832,0.20233,0.74042
0.13824,0.19507,0.86319
0.13919,0.21522,0.95795
0.12313,-0.0045043,0.11341
0.10615,-0.32508,0.53385
0.10704,-0.2554,0.55882
0.10929,-0.1349,0.54684
0.1179,-0.00056015,0.53927
0.12355,0.10804,0.54415
0.12916,0.21304,0.73259
0.12855,0.20476,0.83908
0.12169,0.22331,0.93193
0.13303,0.29842,1
0.10193,-0.32353,0.51244
0.09781,-0.27563,0.55617
0.10361,-0.15488,0.54785
0.10826,-0.043781,0.54032
0.1194,0.078577,0.54264
0.12412,0.23,0.69312
0.11623,0.21708,0.81261
0.12177,0.21923,0.91169
0.12365,0.2628,0.99963
0.097794,-0.0097216,0.1587
0.084239,-0.32352,0.54662
0.09475,-0.24492,0.56233
0.092283,-0.11937,0.54454
0.098927,0.0042641,0.53927
0.10171,0.14224,0.5447
0.10577,0.23852,0.72204
0.10774,0.22557,0.83964
0.10616,0.23974,0.93642
0.11144,0.31952,0.99568
0.092037,-0.011418,0.15786
0.078818,-0.32683,0.54527
0.083653,-0.25446,0.56416
0.083454,-0.11357,0.5435
0.084798,-0.0024735,0.53927
0.097971,0.12465,0.54375
0.097489,0.24792,0.71636
0.1016,0.23172,0.83505
0.10363,0.2418,0.93409
0.106,0.32255,0.99449
0.072854,-0.015512,0.13917
0.06735,-0.33685,0.539
0.075484,-0.27639,0.56477
0.077011,-0.15732,0.54832
0.076758,-0.031983,0.53927
0.081963,0.096607,0.54177
0.084603,0.24964,0.53041
0.084657,0.24866,0.78718
0.088849,0.24988,0.90021
0.083591,0.28799,0.98317
0.067711,-0.10724,0.1518
0.068653,-0.016371,0.16556
0.061824,-0.32448,0.54756
0.068858,-0.23733,0.56168
0.071399,-0.10779,0.54224
0.071765,0.012831,0.53927
0.070461,0.13081,0.54279
0.075408,0.28508,0.67905
0.074818,0.2585,0.79986
0.077533,0.26329,0.9108
0.071809,0.30613,0.99059
0.060864,-0.083066,0.15747
0.055029,-0.35669,0.50357
0.054143,-0.31298,0.55553
0.055972,-0.21537,0.55837
0.058024,-0.079294,0.53928
0.06469,0.032623,0.53927
0.067947,0.15799,0.54389
0.067831,0.27586,0.71964
0.064825,0.26813,0.83704
0.069712,0.27493,0.93848
0.050209,-0.14963,0.14497
0.05174,-0.066066,0.16191
0.042644,-0.34604,0.52484
0.046221,-0.29345,0.56884
0.044841,-0.17371,0.55177
0.050658,-0.04703,0.53927
0.054249,0.072884,0.53946
0.055544,0.19849,0.54777
0.058584,0.28004,0.73613
0.052729,0.27779,0.85116
0.051618,0.29313,0.94614
0.038593,-0.12967,0.15025
0.036003,-0.049835,0.16688
0.04062,-0.34015,0.53589
0.035144,-0.26957,0.56732
0.035267,-0.14445,0.54693
0.042882,-0.014519,0.53927
0.043021,0.10365,0.54034
0.04222,0.23097,0.5469
0.045794,0.2845,0.76928
0.04331,0.28655,0.88149
0.040248,0.31516,0.96564
0.02776,-0.097373,0.158
0.026856,-0.35409,0.49705
0.025748,-0.31801,0.55341
0.033565,-0.22818,0.56056
0.03541,-0.095884,0.53953
0.023173,0.024274,0.53927
0.031353,0.1571,0.5425
0.033047,0.28176,0.53952
0.032155,0.29423,0.7897
0.031982,0.2989,0.90335
0.019453,-0.096606,0.10645
0.018321,-0.053929,0.16788
0.014336,-0.34476,0.53034
0.020341,-0.27631,0.56432
0.017543,-0.16861,0.55067
0.019638,-0.035326,0.53927
0.023175,0.091312,0.53927
0.021157,0.20813,0.54984
0.015927,0.31312,0.73594
0.023923,0.30081,0.8526
0.023341,0.32319,0.94997
0.0092802,-0.059938,0.1676
0.0068183,-0.34457,0.52641
0.012156,-0.27845,0.56085
0.0076973,-0.16509,0.54999
0.0083911,-0.033699,0.53927
0.012822,0.086688,0.53927
0.016619,0.20217,0.54898
0.0092834,0.31556,0.75612
0.012421,0.31001,0.86973
0.0022425,-0.067197,0.12139
-4.9691e-005,-0.040581,0.18658
0.001965,-0.32018,0.54611
0.0017565,-0.23969,0.56208
-4.1601e-006,-0.099311,0.54248
0.0015712,0.010649,0.53927
0.0064276,0.14369,0.54121
-0.0010981,0.25699,0.55475
-0.00063524,0.32044,0.81566
0.001269,0.33795,0.91343
-0.01241,-0.039758,0.17274
-0.0092616,-0.3343,0.53648
-0.0048697,-0.25421,0.56127
-0.0088479,-0.13995,0.54624
-0.0039301,-0.012562,0.53927
-0.0053487,0.1188,0.53927
-0.015814,0.22957,0.5538
-0.0050642,0.32398,0.82507
-0.0068415,0.3631,0.91491
-0.015874,-0.035199,0.18831
-0.014168,-0.31962,0.54054
-0.018282,-0.2397,0.56038
-0.022322,-0.11079,0.54505
-0.021371,0.019866,0.53927
-0.016766,0.14059,0.54127
-0.019735,0.25625,0.55803
-0.034169,-0.071501,0.1409
-0.030415,-0.028862,0.19871
-0.024886,-0.30445,0.54078
-0.022907,-0.2067,0.55643
-0.035269,-0.089215,0.54439
-0.026167,0.039268,0.53927
-0.037863,0.15978,0.54437
-0.029489,0.30348,0.54572
-0.034942,-0.045527,0.16813
-0.034262,-0.31392,0.51776
-0.03825,-0.24926,0.55075
-0.035826,-0.13539,0.54794
-0.041167,-0.016598,0.53932
-0.042999,0.11745,0.54124
-0.040616,0.23121,0.55446
-0.048119,-0.071048,0.16184
-0.050534,0.021254,0.16859
-0.043919,-0.28341,0.53964
-0.041344,-0.18623,0.55289
-0.047238,-0.057929,0.54292
-0.048703,0.059345,0.53927
-0.050162,0.17884,0.54718
-0.063393,-0.098464,0.1272
-0.057144,-0.04184,0.16512
-0.052819,-0.29887,0.50792
-0.053409,-0.24046,0.54772
-0.06122,-0.14029,0.55024
-0.06329,-0.014345,0.54083
-0.064608,0.11272,0.54243
-0.06243,0.22309,0.55355
-0.063904,-0.086664,0.15674
-0.070821,0.015849,0.165
-0.061685,-0.2902,0.53153
-0.061218,-0.21067,0.55289
-0.068497,-0.09345,0.54724
-0.070419,0.033835,0.53927
-0.071923,0.16013,0.54674
-0.075671,0.31775,0.53233
-0.078595,-0.068744,0.15726
-0.07803,0.033461,0.16168
-0.073344,-0.25873,0.53578
-0.070519,-0.17232,0.55338
-0.074203,-0.051125,0.54445
-0.080869,0.077482,0.54109
-0.089523,0.19603,0.55113
-0.080593,-0.11437,0.13078
-0.094207,0.017235,0.10617
-0.075986,-0.2802,0.50097
-0.088174,-0.22548,0.53938
-0.090387,-0.13365,0.55195
-0.09194,-0.006489,0.54241
-0.09832,0.11616,0.54506
-0.094484,0.24987,0.55136
-0.098213,-0.086941,0.15111
-0.098441,0.045823,0.15621
-0.089856,-0.24591,0.53334
-0.094515,-0.14745,0.55331
-0.097637,-0.028138,0.54449
-0.098032,0.092718,0.54338
-0.10689,0.22078,0.55451
-0.10511,-0.086758,0.15002
-0.11235,0.05642,0.15225
-0.098683,-0.22729,0.53555
-0.10239,-0.13457,0.55293
-0.10617,-0.0052733,0.5434
-0.11427,0.12296,0.54667
-0.12645,0.26467,0.53507
-0.12434,0.034072,0.11985
-0.11239,-0.25128,0.50504
-0.11667,-0.18257,0.54385
-0.11416,-0.080526,0.54972
-0.12148,0.038795,0.54362
-0.1293,0.16272,0.55092
-0.12434,-0.11669,0.14203
-0.13171,0.054982,0.14843
-0.12018,-0.22565,0.52938
-0.12942,-0.14327,0.5521
-0.12979,-0.015766,0.54599
-0.13718,0.099199,0.54661
-0.14145,0.271,0.52765
-0.14289,0.044444,0.12714
-0.1307,-0.23367,0.51974
-0.13153,-0.16094,0.54595
-0.14105,-0.042943,0.54891
-0.14058,0.078632,0.54585
-0.15225,0.20819,0.54909
-0.15358,0.050392,0.14064
-0.14285,-0.20663,0.52825
-0.14235,-0.12296,0.55439
-0.14691,0.0070273,0.54742
-0.1585,0.13171,0.55041
-0.16244,0.055441,0.11048
-0.1549,-0.20946,0.51946
-0.14693,-0.14202,0.54705
-0.1612,-0.016246,0.54949
-0.16125,0.10692,0.54885
-0.16414,-0.13701,0.13225
-0.16347,-0.20055,0.50967
-0.16306,-0.13228,0.54506
-0.1696,-0.023403,0.55078
-0.1718,0.098564,0.55053
-0.18189,0.066323,0.11536
-0.16791,-0.19107,0.5253
-0.17256,-0.11507,0.54746
-0.1819,0.00032829,0.55305
-0.18781,0.12695,0.55251
-0.1956,0.073978,0.12352
-0.17936,-0.16558,0.52966
-0.18679,-0.090137,0.55078
-0.19372,0.031083,0.55531
-0.19673,0.17001,0.55051
-0.20826,0.11279,0.12671
-0.19303,-0.12158,0.53908
-0.20177,-0.020918,0.55605
-0.20951,0.1095,0.55648
-0.21735,0.086202,0.10884
-0.20111,-0.15235,0.52702
-0.2047,-0.070719,0.55131
-0.21402,0.035551,0.55867
-0.23068,0.097164,0.029367
-0.23185,0.10705,0.12248
-0.20517,-0.12304,0.53486
-0.21695,-0.037889,0.55833
-0.22792,0.080204,0.56019
-0.2316,0.09536,0.054143
-0.21727,-0.14647,0.50142
-0.22112,-0.075212,0.54534
-0.23427,0.017607,0.56177
-0.24779,0.068933,0.028791
-0.25057,0.10368,0.090841
-0.22819,-0.11511,0.53017
-0.23973,-0.027337,0.55736
-0.24337,0.087955,0.56255
-0.2581,0.07552,0.071004
-0.25841,0.12706,0.11495
-0.24221,-0.076069,0.53942
-0.25325,0.022973,0.56492
-0.26451,0.077452,0.040448
-0.26732,0.1142,0.10371
-0.24787,-0.098209,0.53006
-0.25815,-0.0036296,0.56086
-0.27106,0.13111,0.54281
-0.27904,0.1222,0.092641
-0.26533,-0.086134,0.52969
-0.27282,0.0025889,0.55915
-0.2826,0.086668,0.042221
-0.2978,0.14087,0.085882
-0.27442,-0.044057,0.54219
-0.28235,0.049837,0.56985
-0.30056,0.097779,0.071398
-0.28713,-0.060288,0.53305
-0.29406,0.020596,0.55988
-0.31435,0.10284,0.055431
-0.29391,-0.046733,0.53604
-0.30221,0.029113,0.56073
-0.30778,-0.040848,0.4973
-0.31115,0.012684,0.55252
-0.31605,-0.030858,0.51104
-0.32362,0.053617,0.54688
-0.33192,0.011156,0.5432
-0.33958,0.016079,0.53525
