0.049292,-0.33871,0.059001
0.022925,-0.33483,0.080604
0.045129,-0.32598,0.073107
0.049292,-0.31119,0.052788
-0.0065201,-0.32148,0.092641
0.018449,-0.30264,0.091972
0.041788,-0.29131,0.075468
0.046935,-0.28846,0.071829
-0.004537,-0.28654,0.11532
0.021686,-0.27632,0.089683
0.049292,-0.26333,0.065049
-0.002953,-0.26524,0.12022
0.01575,-0.25752,0.077781
0.24763,-0.23899,0.53249
0.12622,-0.25242,0.52775
0.019278,-0.2499,0.043266
-0.012974,-0.25258,0.12313
0.23492,-0.22845,0.54505
0.10967,-0.24367,0.53056
-0.016479,-0.25156,0.5263
0.0070524,-0.23861,0.12635
0.25483,-0.22385,0.53998
0.15847,-0.22576,0.54146
0.024531,-0.24282,0.53014
-0.10859,-0.24532,0.52997
-0.0019093,-0.23154,0.12797
0.25963,-0.21036,0.54351
0.1601,-0.21493,0.54632
0.035489,-0.22586,0.53759
-0.10077,-0.23401,0.53444
0.020564,-0.22035,0.10071
0.282,-0.20355,0.52838
0.20219,-0.20366,0.55389
0.084457,-0.21774,0.54115
-0.042088,-0.21951,0.54038
-0.16454,-0.22991,0.54022
-0.0030203,-0.21061,0.13279
0.25404,-0.18941,0.5555
0.13855,-0.20273,0.55034
0.022241,-0.20939,0.54482
-0.10685,-0.21496,0.54319
-0.23607,-0.22624,0.54629
0.29794,-0.18304,0.5174
0.25202,-0.18045,0.56045
0.14302,-0.19186,0.55539
0.019289,-0.19568,0.55084
-0.11757,-0.20653,0.54756
0.021653,-0.19299,0.10555
0.30202,-0.16903,0.53977
0.24003,-0.17264,0.56987
0.11021,-0.1843,0.55636
-0.0036727,-0.18659,0.55483
-0.13812,-0.20208,0.55079
0.022095,-0.18278,0.12154
0.29949,-0.16605,0.54085
0.23204,-0.16311,0.56907
0.1201,-0.17742,0.55684
0.00098295,-0.18469,0.55477
-0.13434,-0.19311,0.5545
0.022635,-0.16831,0.10972
0.30555,-0.14888,0.53259
0.24844,-0.15311,0.56561
0.12955,-0.1589,0.55601
0.0046548,-0.17408,0.55363
-0.11008,-0.18051,0.55633
-0.25122,-0.18133,0.55885
0.30228,-0.14427,0.51052
0.2582,-0.14491,0.56024
0.14562,-0.15161,0.55721
0.033001,-0.16068,0.55219
-0.098483,-0.16054,0.55276
-0.21132,-0.17083,0.56775
-0.0057714,-0.15186,0.1463
0.26782,-0.13632,0.55492
0.16395,-0.14021,0.55824
0.050655,-0.14961,0.55101
-0.069443,-0.15236,0.5513
-0.19416,-0.16359,0.56486
0.016429,-0.13955,0.14913
0.28966,-0.12849,0.54354
0.21001,-0.13362,0.56296
0.090836,-0.13443,0.54938
-0.041706,-0.1375,0.54971
-0.15544,-0.15043,0.55868
0.024244,-0.12899,0.1341
0.29565,-0.12019,0.54005
0.21588,-0.11761,0.56142
0.094348,-0.12732,0.54861
-0.02533,-0.12885,0.54878
-0.14982,-0.13139,0.55595
0.024713,-0.11648,0.1248
0.30981,-0.10529,0.53208
0.23724,-0.1147,0.56317
0.11073,-0.11098,0.54855
-0.0070767,-0.12297,0.54814
-0.12234,-0.12203,0.55156
-0.26381,-0.13406,0.55518
-0.011273,-0.11525,0.15472
0.268,-0.099898,0.55267
0.1486,-0.10843,0.55293
0.033776,-0.10859,0.5466
-0.099375,-0.11088,0.54754
-0.20679,-0.11626,0.56065
0.016647,-0.10453,0.15718
0.27913,-0.091839,0.54662
0.19392,-0.08935,0.55547
0.063533,-0.095756,0.54522
-0.062232,-0.10202,0.54589
-0.17327,-0.10688,0.55605
0.025644,-0.093178,0.13012
0.30062,-0.078498,0.53508
0.23139,-0.085071,0.55865
0.096661,-0.090246,0.54463
-0.0235,-0.087949,0.54438
-0.14098,-0.090254,0.55044
-0.30582,-0.095601,0.53189
-0.0078582,-0.076126,0.16371
0.27173,-0.0748,0.54931
0.1549,-0.077112,0.54994
0.037897,-0.080398,0.54357
-0.078917,-0.083581,0.54391
-0.20614,-0.084785,0.55641
0.026699,-0.065306,0.11359
0.31684,-0.061316,0.52595
0.2558,-0.066821,0.5568
0.1399,-0.063954,0.5467
0.0062921,-0.065308,0.54195
-0.10701,-0.071882,0.54429
-0.22803,-0.077731,0.55766
0.10407,-0.056345,0.15408
0.00023714,-0.057266,0.16805
0.28007,-0.057106,0.54409
0.18778,-0.054976,0.55029
0.060024,-0.059758,0.54135
-0.061002,-0.056669,0.54102
-0.18086,-0.06456,0.55119
0.13661,-0.052488,0.14724
0.062193,-0.049183,0.16375
-0.076156,-0.053752,0.13295
0.2701,-0.042316,0.54819
0.15936,-0.045878,0.54624
0.041809,-0.052669,0.54059
-0.085588,-0.047459,0.54003
-0.20784,-0.055198,0.55265
0.11654,-0.034934,0.15288
0.027847,-0.037451,0.17261
0.31638,-0.039988,0.52491
0.2388,-0.041337,0.55358
0.1169,-0.036391,0.54126
-0.00093177,-0.036716,0.53927
-0.12296,-0.044797,0.54278
-0.24663,-0.048014,0.55557
0.098468,-0.028035,0.15732
0.020604,-0.033239,0.18598
0.2994,-0.027681,0.53263
0.21922,-0.025113,0.55149
0.094844,-0.025749,0.53927
-0.030161,-0.02583,0.53927
-0.14259,-0.028055,0.54415
-0.31542,-0.033405,0.52337
0.081376,-0.017432,0.16181
0.031764,-0.021235,0.21024
0.28824,-0.021941,0.53785
0.19733,-0.016624,0.5493
0.064201,-0.022557,0.53927
-0.055565,-0.015272,0.53927
-0.1631,-0.016843,0.5462
0.096225,-0.0052628,0.10577
0.061383,-0.0052768,0.16705
0.035499,-0.012219,0.2344
0.26798,-0.013477,0.54746
0.15724,-0.007784,0.54529
0.029965,-0.0074965,0.53927
-0.081984,-0.0050908,0.53927
-0.21524,-0.015149,0.55142
0.072195,0.0037185,0.14811
0.039541,-0.0024606,0.21421
0.28409,-0.0019995,0.53868
0.1884,-0.00098232,0.54841
0.068706,-0.0034461,0.53927
-0.054292,0.0012183,0.53927
-0.17402,-0.004178,0.54729
0.045445,0.014199,0.11883
0.035175,0.010295,0.19917
0.2904,0.0089628,0.53484
0.21149,0.0060059,0.55087
0.077873,0.010331,0.53927
-0.033791,0.00971,0.53927
-0.16566,0.0055249,0.54646
0.048015,0.018214,0.11595
0.033174,0.015127,0.19454
0.29529,0.016509,0.53193
0.19959,0.019878,0.54974
0.081119,0.014966,0.53927
-0.036947,0.021165,0.53927
-0.15886,0.019124,0.54578
0.053278,0.02637,0.11959
0.01029,0.034806,0.17568
0.29068,0.02493,0.53371
0.20587,0.03105,0.55059
0.086899,0.033954,0.53927
-0.036872,0.027474,0.53927
-0.15218,0.031698,0.54511
0.061153,0.038604,0.12065
0.011119,0.037053,0.17216
0.28943,0.04056,0.53336
0.20853,0.040844,0.55102
0.07481,0.040493,0.53927
-0.043933,0.038639,0.53927
-0.15253,0.041231,0.54517
0.06545,0.045298,0.1184
0.00738,0.045549,0.17109
0.28507,0.047367,0.53511
0.20263,0.045495,0.55043
0.081886,0.04452,0.53927
-0.033844,0.052421,0.53927
-0.16298,0.057359,0.54655
0.076575,0.062473,0.13571
-0.012509,0.061342,0.15271
0.28811,0.057382,0.53296
0.1999,0.054866,0.55026
0.084627,0.053358,0.53927
-0.032987,0.056942,0.53927
-0.16337,0.06603,0.54671
0.083191,0.072846,0.12245
0.022982,0.066705,0.16504
-0.088236,0.076854,0.15453
0.24586,0.065239,0.55359
0.12759,0.069946,0.54244
0.0029744,0.067848,0.53927
-0.12751,0.076268,0.54287
-0.28004,0.078068,0.5341
0.044587,0.081243,0.15942
-0.071451,0.078494,0.15649
0.2576,0.072203,0.54729
0.14856,0.073388,0.54481
0.024314,0.081121,0.53927
-0.096795,0.085174,0.53958
-0.22751,0.081691,0.55406
0.067926,0.091838,0.15429
-0.063835,0.087532,0.15584
0.26305,0.084957,0.54377
0.15658,0.082779,0.54584
0.039442,0.092181,0.53961
-0.083962,0.094331,0.53975
-0.20937,0.096979,0.55294
0.070677,0.093347,0.15364
-0.05698,0.10654,0.15323
0.26597,0.088778,0.54215
0.1574,0.092281,0.54643
0.03602,0.10301,0.5403
-0.09671,0.10267,0.54089
-0.20645,0.10792,0.55354
0.096649,0.10435,0.14808
-0.051743,0.10935,0.14996
0.26482,0.1036,0.54243
0.16411,0.10808,0.54846
0.049463,0.10589,0.54048
-0.074063,0.11071,0.54078
-0.1967,0.11178,0.55273
0.099288,0.11247,0.14621
-0.065308,0.12301,0.14904
0.25997,0.10995,0.54473
0.16295,0.11372,0.54879
0.041522,0.12114,0.54145
-0.080493,0.12735,0.54184
-0.19784,0.12878,0.55456
0.092155,0.12789,0.14431
-0.097969,0.13883,0.14168
0.24738,0.12231,0.55077
0.13515,0.12826,0.54688
0.010004,0.12968,0.54199
-0.10403,0.13701,0.54449
-0.22447,0.13692,0.55861
0.066948,0.13288,0.14679
0.28204,0.12345,0.53342
0.21479,0.12772,0.55613
0.08952,0.13914,0.54269
-0.030221,0.13919,0.54259
-0.15301,0.1458,0.55077
0.1288,0.14367,0.13189
-0.084295,0.14911,0.1338
0.259,0.13947,0.54461
0.16128,0.14114,0.55092
0.033987,0.15022,0.54329
-0.092621,0.15724,0.54486
-0.20632,0.15967,0.55865
0.095358,0.15499,0.13883
0.27481,0.1478,0.53654
0.18941,0.15084,0.55532
0.059226,0.15608,0.54366
-0.059468,0.16562,0.54427
-0.16944,0.16394,0.55457
0.10343,0.16697,0.13551
0.28637,0.15714,0.53057
0.21357,0.15882,0.55906
0.094571,0.16254,0.54515
-0.040909,0.16882,0.54447
-0.14857,0.18376,0.55131
0.10409,0.17525,0.13388
0.28549,0.16372,0.53088
0.208,0.16318,0.55881
0.094565,0.17666,0.5463
-0.028252,0.18044,0.5452
-0.16345,0.19447,0.54859
0.11284,0.1809,0.13165
0.28356,0.17339,0.51262
0.23111,0.17766,0.55518
0.12247,0.18244,0.54968
0.0017076,0.18585,0.5455
-0.12988,0.20006,0.5442
-0.13894,0.20545,0.023591
-0.13038,0.20547,0.12423
0.22797,0.18392,0.55453
0.1163,0.19638,0.5443
-0.012931,0.20167,0.5399
-0.13917,0.20476,0.54321
-0.11627,0.22192,0.032659
-0.14259,0.22036,0.11426
0.22942,0.19539,0.54975
0.11873,0.20443,0.54163
0.0027269,0.20615,0.53831
-0.12423,0.2214,0.53625
-0.23582,0.22516,0.80993
-0.11234,0.22945,0.064502
0.27432,0.20019,0.51794
0.20116,0.20798,0.54628
0.072104,0.21113,0.53655
-0.052408,0.22908,0.5302
-0.17624,0.23063,0.53671
-0.19307,0.22993,0.81878
-0.21733,0.2319,0.90567
-0.12964,0.23541,0.077581
0.25084,0.21435,0.52854
0.15181,0.22226,0.53769
0.034009,0.22288,0.53239
-0.091718,0.23576,0.52883
-0.10486,0.23569,0.82238
-0.11352,0.24178,0.91639
-0.1296,0.2532,0.035609
0.27229,0.21404,0.50023
0.21711,0.22138,0.54269
0.097129,0.23098,0.53068
-0.037161,0.2422,0.52555
0.042616,0.23569,0.81879
-0.0049563,0.23582,0.87379
-0.075601,0.24293,0.92463
-0.1721,0.2532,0.96836
-0.15601,0.26126,0.081921
0.15412,0.23372,0.5338
-0.026306,0.25502,0.47548
0.24816,0.22903,0.80314
0.24196,0.2338,0.89516
0.10913,0.23726,0.88405
0.053393,0.24719,0.94572
-0.074135,0.25161,0.96153
-0.14081,0.26863,0.039423
0.041968,0.2582,0.47548
0.23966,0.23438,0.74121
0.26665,0.2381,0.85023
0.23088,0.23714,0.92022
0.1495,0.2456,0.94583
0.042934,0.25222,0.96371
-0.082977,0.26359,0.98428
-0.15329,0.2858,0.038897
-0.0020928,0.27412,0.47548
0.28354,0.249,0.80858
0.27086,0.24651,0.89099
0.22544,0.24947,0.94889
0.14433,0.25969,0.97827
0.016497,0.27034,0.99499
-0.11852,0.28302,1
0.036715,0.27869,0.47548
0.28266,0.25668,0.77295
0.28359,0.25037,0.86255
0.25207,0.25348,0.93166
0.19414,0.25957,0.97873
0.073885,0.27071,0.99559
-0.05715,0.2822,1
0.020343,0.29295,0.47585
0.28401,0.26326,0.78618
0.28076,0.25967,0.88208
0.25167,0.26228,0.9488
0.18269,0.26913,0.98922
0.050601,0.28327,1
-0.098421,0.30162,1
0.2766,0.27072,0.74698
0.2844,0.27522,0.84831
0.26876,0.27702,0.91943
0.21828,0.27826,0.97831
0.11822,0.29005,1
-0.025856,0.30054,1
0.27861,0.28292,0.75331
0.28452,0.27882,0.84749
0.26892,0.28451,0.91981
0.21682,0.29115,0.97915
0.11179,0.2976,1
0.26452,0.29374,0.70486
0.28476,0.28629,0.81206
0.27601,0.28751,0.8989
0.23766,0.29124,0.96694
-0.044846,0.32661,0.85825
0.28196,0.2999,0.76449
0.28515,0.29795,0.84986
0.26215,0.29836,0.93453
0.20461,0.30427,0.98483
-0.0078151,0.34084,0.51036
-0.038249,0.34527,0.5828
0.049292,0.3341,0.7806
0.026626,0.33548,0.85825
0.048123,0.34527,0.66041
0.049292,0.33889,0.82817
-0.28216,0.30492,0.86482
-0.28178,0.2933,0.78874
-0.27335,0.29798,0.89844
-0.27249,0.28257,0.74175
-0.28151,0.28521,0.84181
-0.24765,0.3044,0.67944
-0.27407,0.27476,0.74908
-0.28108,0.27199,0.84452
-0.23735,0.29046,0.67022
-0.27013,0.26668,0.73483
-0.28066,0.25917,0.83207
-0.22604,0.29803,0.97239
-0.2675,0.25537,0.72623
-0.2774,0.24494,0.80878
-0.25855,0.26848,0.93287
-0.25642,0.25626,0.70452
-0.26917,0.24091,0.79668
-0.26405,0.24727,0.89819
-0.22445,0.26442,0.66773
-0.25553,0.24249,0.74596
-0.26651,0.23961,0.84125
-0.20384,0.27904,0.98434
-0.19372,0.27052,0.65138
-0.23655,0.24485,0.70771
-0.2458,0.22945,0.80653
-0.23944,0.24084,0.9143
-0.18516,0.26318,0.091655
-0.19629,0.26243,0.6605
-0.22941,0.23707,0.71781
-0.24348,0.22831,0.81596
-0.15276,0.2998,0.99456
-0.19766,0.25436,0.091444
-0.26426,0.18791,0.53337
-0.21851,0.23813,0.70367
-0.2287,0.22595,0.79048
-0.22281,0.22903,0.89048
-0.17397,0.26031,0.092588
-0.21915,0.21557,0.54512
-0.18616,0.25028,0.677
-0.20645,0.23136,0.75134
-0.19722,0.22946,0.8609
-0.14665,0.26475,0.075119
-0.04384,0.34527,0.58965
-0.045599,0.34527,0.69076
-0.044225,0.34527,0.78645
-0.18997,0.23395,0.74469
-0.19107,0.23015,0.84286
-0.12028,0.28629,1
-0.17267,0.22599,0.11537
-0.034053,0.34527,0.60712
-0.033377,0.34527,0.70578
-0.031684,0.34527,0.80033
-0.15895,0.23592,0.75909
-0.16776,0.23275,0.84873
-0.10881,0.2848,1
-0.16409,0.22177,0.11731
-0.021158,0.34527,0.58768
-0.021739,0.34527,0.68452
-0.021345,0.34527,0.7723
-0.026488,0.34021,0.85825
-0.14908,0.23484,0.83216
-0.076814,0.30031,1
-0.15056,0.22765,0.11805
-0.0055977,0.34527,0.57584
-0.00077688,0.34527,0.67
-0.014987,0.34527,0.75155
-0.0046061,0.34527,0.84286
-0.13412,0.23569,0.81674
-0.1276,0.24226,0.91982
-0.13922,0.21612,0.095736
0.0055158,0.34527,0.54985
0.011067,0.34527,0.63896
0.0072532,0.34527,0.72986
0.016358,0.34527,0.83536
-0.12549,0.23569,0.78291
-0.11759,0.23784,0.88818
-0.12708,0.21902,0.074175
0.021667,0.34527,0.52551
0.027276,0.34527,0.61454
0.019028,0.34527,0.70734
0.018265,0.34527,0.79621
-0.0092397,0.3203,0.85825
-0.10908,0.23569,0.85272
-0.057712,0.27502,1
0.03944,0.34527,0.54511
0.037097,0.34527,0.62894
0.032124,0.34527,0.72875
0.037081,0.34527,0.81677
-0.10008,0.23627,0.77332
-0.088818,0.23591,0.87444
-0.12261,0.19464,0.12797
-0.0026444,0.29969,0.47687
0.049011,0.34527,0.64353
0.042115,0.34527,0.73106
0.049292,0.34209,0.82638
-0.06845,0.23569,0.79545
-0.071554,0.23776,0.88762
-0.11759,0.18982,0.12646
-0.0070467,0.28948,0.47548
-0.055428,0.23875,0.52678
-0.024387,0.26597,0.66723
0.049292,0.33663,0.8387
-0.059261,0.23569,0.81923
-0.056446,0.24153,0.91458
-0.12797,0.16375,0.13299
-0.02421,0.255,0.47548
-0.065988,0.22293,0.53237
-0.020248,0.25839,0.67625
0.049292,0.32516,0.84857
-0.050171,0.23569,0.84049
0.02046,0.297,1
0.042412,0.3027,0.47732
-0.032147,0.23259,0.47548
-0.068738,0.20491,0.53875
-0.0098208,0.25182,0.68802
-0.030888,0.23865,0.75629
-0.04117,0.23569,0.85208
0.014675,0.27682,1
-0.12832,0.14199,0.13699
-0.010802,0.24704,0.49754
-0.052641,0.20174,0.53988
-0.0044282,0.24975,0.69542
-0.016106,0.23651,0.77159
-0.013568,0.23569,0.87172
0.018758,0.27364,1
0.047614,0.285,0.47548
0.0058039,0.24149,0.5258
0.044471,0.27588,0.65542
-0.0006248,0.24521,0.71166
-0.0027946,0.23569,0.79967
0.000332,0.23968,0.90135
-0.085797,0.15097,0.13764
0.021114,0.24249,0.47548
-0.014792,0.21746,0.53431
0.0342,0.25352,0.68206
0.012723,0.23963,0.74928
0.0033602,0.23569,0.84196
0.082025,0.29354,1
-0.094925,0.12866,0.14399
0.033145,0.2472,0.50328
-0.020911,0.19716,0.5415
0.040348,0.24983,0.69513
0.025947,0.23569,0.77868
0.017093,0.23569,0.87013
-0.072569,0.1346,0.10593
-0.2659,-0.039823,0.035099
0.045144,0.24588,0.52425
0.076414,0.27737,0.65364
0.048547,0.2465,0.70703
0.039934,0.23569,0.80082
0.042311,0.23756,0.88621
-0.06835,0.12943,0.10552
-0.24805,-0.044467,0.035159
0.061279,0.24773,0.52297
0.099363,0.2749,0.65659
0.054766,0.24672,0.70625
0.046406,0.23569,0.7922
0.05545,0.23805,0.88969
-0.061488,0.12118,0.13144
-0.24667,-0.048703,0.063355
0.048241,0.22593,0.53131
0.098776,0.25828,0.67639
0.078879,0.24048,0.74322
0.056832,0.23569,0.82612
0.074733,0.24338,0.9278
-0.055127,0.11275,0.15232
-0.24388,-0.06231,0.071713
0.051207,0.21169,0.53635
0.098488,0.25602,0.67908
0.079146,0.23924,0.75207
0.076885,0.23569,0.8388
0.13833,0.29741,0.99809
-0.058525,0.097941,0.15462
0.10119,0.24531,0.51821
0.052707,0.19932,0.54073
0.10344,0.24702,0.70519
0.086752,0.23569,0.77812
0.091357,0.23569,0.8621
-0.04201,0.097183,0.10533
-0.23562,-0.082722,0.042689
0.082902,0.2168,0.53467
0.13411,0.25711,0.67779
0.11242,0.24049,0.74315
0.106,0.23569,0.83204
0.1789,0.3003,0.98997
-0.046865,0.073225,0.1608
0.1222,0.23777,0.53007
0.15085,0.2679,0.6637
0.13241,0.24348,0.72176
0.12362,0.23569,0.80071
0.11867,0.23839,0.89217
-0.033792,0.087204,0.11929
-0.13574,-0.021252,0.11071
0.12729,0.22748,0.53408
0.1602,0.26088,0.67019
0.14068,0.24171,0.73447
0.13099,0.23569,0.81283
0.20379,0.30288,0.985
-0.024203,0.075591,0.14106
-0.11814,-0.014373,0.11995
0.13591,0.22465,0.5357
0.17218,0.26104,0.6676
0.15089,0.23997,0.74091
0.14918,0.23519,0.82772
0.20926,0.29366,0.98352
-0.017459,0.067302,0.13548
-0.088401,-0.0026984,0.14871
0.15099,0.22171,0.53783
0.18341,0.26,0.6666
0.15726,0.24033,0.73223
0.16186,0.23377,0.82715
0.21663,0.29303,0.97926
0.06781,0.13376,0.14651
-0.034595,0.039196,0.16879
0.16954,0.23785,0.53074
0.19668,0.26247,0.66102
0.17862,0.23919,0.71997
0.16963,0.2329,0.79911
0.23953,0.30246,0.96606
-0.23865,-0.15285,0.56869
0.026249,0.079838,0.16216
-0.027403,0.028313,0.19467
0.17011,0.2247,0.53814
0.20407,0.25356,0.67016
0.18056,0.23662,0.73643
0.17489,0.23232,0.82207
0.23356,0.27883,0.96874
0.090558,0.12635,0.14481
0.029246,0.071632,0.16328
-0.002175,0.038763,0.21634
0.17382,0.21683,0.54119
0.20735,0.24867,0.67533
0.19199,0.23491,0.73776
0.18975,0.23066,0.83017
0.23235,0.26655,0.96707
-0.24983,-0.20519,0.54907
0.045503,0.06838,0.16169
0.0079312,0.035783,0.2115
0.18848,0.21772,0.54193
0.22248,0.25269,0.67868
0.20758,0.23295,0.73925
0.27295,0.30071,0.9096
0.2392,0.27106,0.96296
-0.23218,-0.19574,0.55944
0.049217,0.071499,0.1606
0.015939,0.032466,0.21258
0.19609,0.20934,0.54544
0.27076,0.28386,0.72212
0.2851,0.29658,0.82962
0.27448,0.29254,0.90406
0.23392,0.25296,0.94762
-0.21761,-0.21015,0.5522
0.054462,0.05747,0.16251
0.025515,0.028499,0.22391
0.20829,0.21321,0.54495
0.26634,0.26806,0.71047
0.28483,0.28848,0.82104
0.27702,0.28134,0.89517
-0.1163,-0.12138,0.55075
-0.22914,-0.22257,0.54747
0.060749,0.043608,0.16423
0.03102,0.020325,0.21958
0.21087,0.19388,0.55198
0.13492,0.11744,0.54597
0.28429,0.27193,0.82153
0.27588,0.2648,0.89693
-0.1254,-0.13605,0.55344
0.058897,0.035042,0.12868
0.03595,0.0084233,0.18452
0.22905,0.20356,0.54704
0.16404,0.14175,0.55132
0.28394,0.26121,0.78389
0.28388,0.25932,0.8722
-0.087473,-0.11628,0.54743
-0.1877,-0.22347,0.54449
0.048299,0.0039675,0.17057
0.24696,0.21175,0.53423
0.19724,0.15976,0.55715
0.1054,0.05613,0.54011
0.28351,0.24815,0.85595
-0.056814,-0.098341,0.5455
-0.15082,-0.20042,0.55232
0.049499,-0.0076705,0.16948
0.25344,0.1991,0.53642
0.20185,0.14876,0.55663
0.10245,0.056808,0.53982
0.030796,-0.031223,0.53927
-0.055573,-0.11292,0.54706
-0.13854,-0.19815,0.55255
0.063344,-0.010851,0.16622
0.26201,0.19962,0.52987
0.21706,0.15202,0.55881
0.12172,0.055651,0.54174
0.044406,-0.026887,0.53927
-0.034178,-0.11038,0.54679
-0.12314,-0.20014,0.55071
0.064519,-0.019681,0.16534
0.2682,0.18925,0.53237
0.21991,0.14476,0.55844
0.13527,0.060407,0.54316
0.054874,-0.032127,0.53927
-0.03079,-0.11873,0.54769
-0.1341,-0.23076,0.53795
0.079452,-0.021183,0.16197
0.27727,0.19092,0.52258
0.23192,0.1413,0.55812
0.15605,0.059272,0.54545
0.070032,-0.035025,0.53927
-0.011807,-0.10983,0.54673
-0.11414,-0.22927,0.53736
0.091944,-0.021697,0.1592
0.2842,0.17774,0.52027
0.23796,0.13995,0.55512
0.15652,0.044898,0.5453
0.075676,-0.040579,0.53929
-0.0070279,-0.1251,0.54837
-0.11068,-0.23428,0.53495
0.096343,-0.023528,0.1581
0.28529,0.17685,0.52591
0.23922,0.12372,0.55482
0.16745,0.046921,0.54655
0.081211,-0.042695,0.53952
0.010827,-0.12469,0.54833
-0.10923,-0.24959,0.52813
0.092577,-0.049679,0.15707
0.2698,0.14463,0.53911
0.21232,0.078837,0.55197
0.12205,-0.010213,0.54178
0.052631,-0.097329,0.54539
-0.024231,-0.17188,0.5534
0.13417,-0.019148,0.14964
0.29015,0.15036,0.52173
0.24677,0.1039,0.55145
0.16484,0.02478,0.54605
0.091841,-0.05987,0.54137
0.014766,-0.14861,0.5509
0.14309,-0.02249,0.13077
0.023318,-0.15219,0.12881
0.26409,0.10372,0.54279
0.19775,0.039439,0.54981
0.11087,-0.057987,0.54287
0.040628,-0.14091,0.55007
0.15544,-0.02711,0.10733
0.022765,-0.16452,0.1022
0.27343,0.10951,0.538
0.20741,0.03385,0.5508
0.13167,-0.051138,0.54417
0.050489,-0.13404,0.54933
0.1654,-0.030736,0.12508
0.022223,-0.17931,0.11825
0.26912,0.08579,0.54068
0.20668,0.01735,0.55049
0.12775,-0.075028,0.54678
0.038449,-0.1647,0.55263
0.17332,-0.03369,0.11335
0.021282,-0.20263,0.10893
0.2689,0.073327,0.54157
0.19777,0.00033628,0.54935
0.11622,-0.086807,0.54663
0.048832,-0.1767,0.55392
0.17249,-0.038155,0.14041
0.020494,-0.22355,0.12298
0.26506,0.050139,0.54494
0.19241,-0.029615,0.54881
0.11742,-0.1159,0.5499
0.028656,-0.20497,0.54676
0.1686,-0.060394,0.13968
0.30225,0.086577,0.52407
0.25659,0.040036,0.54981
0.18641,-0.047474,0.54916
0.10801,-0.14076,0.55141
0.2061,-0.045818,0.10144
0.017063,-0.2499,0.028278
0.30537,0.064436,0.52389
0.24592,0.011627,0.55477
0.16874,-0.074164,0.55093
0.095584,-0.16206,0.55234
0.20676,-0.045999,0.12502
0.026978,-0.2499,0.067722
0.2956,0.047162,0.52986
0.23827,-0.0087089,0.55364
0.17026,-0.096313,0.55403
0.092657,-0.18099,0.55438
0.20887,-0.072373,0.13002
0.025261,-0.28161,0.087155
0.28219,0.022827,0.53808
0.22046,-0.055226,0.55359
0.14767,-0.13089,0.55523
0.2346,-0.056288,0.11886
0.044833,-0.26733,0.073315
0.30226,0.026289,0.52783
0.24768,-0.026679,0.55444
0.18027,-0.1117,0.55707
0.083384,-0.22126,0.53961
0.049292,-0.2794,0.026165
0.016874,-0.31249,0.092641
0.27486,-0.020219,0.54444
0.21249,-0.09229,0.55772
0.12749,-0.18661,0.55672
0.049292,-0.29891,0.0377
0.30399,0.0059892,0.52823
0.25412,-0.054685,0.55689
0.19011,-0.13161,0.56053
0.25121,-0.073749,0.12066
0.31329,-0.0076118,0.52443
0.26286,-0.062059,0.55299
0.19069,-0.14396,0.56193
0.25127,-0.089904,0.1195
0.30442,-0.021121,0.52971
0.25777,-0.08457,0.55687
0.18117,-0.16911,0.56346
0.31623,-0.02422,0.524
0.2677,-0.083161,0.55182
0.20786,-0.15819,0.56557
0.31044,-0.046747,0.52829
0.26337,-0.1132,0.55577
0.18554,-0.20148,0.55381
0.28435,-0.096351,0.54428
0.22651,-0.16236,0.56831
0.29476,-0.097481,0.53914
0.24722,-0.1602,0.56664
0.29634,-0.11311,0.53928
0.24578,-0.17091,0.56776
0.28614,-0.13702,0.5458
0.2151,-0.21373,0.55028
0.2713,-0.1703,0.5552
0.30653,-0.14166,0.53227
0.23992,-0.22729,0.54587
0.24699,-0.23039,0.54104
0.2946,-0.19582,0.50896
-0.32313,-0.05842,0.047421
-0.31533,-0.058944,0.07222
-0.30086,0.045881,0.5257
-0.28165,0.28955,0.83244
-0.30469,-0.052429,0.064713
-0.28193,0.17725,0.52532
-0.27255,0.30358,0.73922
-0.27917,0.24581,0.78753
-0.27147,0.27604,0.90153
-0.29868,-0.077083,0.088057
-0.27502,0.17382,0.53298
-0.2669,0.28589,0.71928
-0.26472,0.23894,0.77665
-0.26974,0.24119,0.86789
-0.28036,-0.04943,0.073463
-0.25552,0.22032,0.51628
-0.26642,0.14567,0.53917
-0.26056,0.24978,0.72758
-0.26043,0.23663,0.81054
-0.25439,0.2451,0.90553
-0.26986,-0.057701,0.081319
-0.25201,0.22045,0.51958
-0.24374,0.29785,0.67583
-0.25169,0.24748,0.71978
-0.25079,0.2319,0.81213
-0.25036,0.24443,0.90925
-0.26637,-0.052762,0.078759
-0.24407,0.22377,0.50263
-0.24673,0.17625,0.54626
-0.23993,0.24697,0.70682
-0.23809,0.22581,0.77696
-0.24378,0.2293,0.87526
-0.25491,-0.036254,0.057975
-0.25197,-0.083618,0.12011
-0.23364,0.18732,0.54889
-0.22624,0.25018,0.68793
-0.23006,0.22783,0.75935
-0.2321,0.22557,0.85195
-0.24616,-0.050293,0.037556
-0.24361,-0.063166,0.11608
-0.22563,0.21829,0.54193
-0.22243,0.25865,0.67343
-0.21691,0.23174,0.73751
-0.2227,0.22662,0.82251
-0.22069,0.23667,0.92594
-0.23125,-0.058344,0.12071
-0.21017,0.21829,0.54351
-0.20885,0.25622,0.6684
-0.20886,0.23314,0.73306
-0.21425,0.22756,0.82777
-0.20651,0.3035,0.98325
-0.22912,-0.063715,0.12652
-0.20733,0.20891,0.54663
-0.19942,0.25187,0.67246
-0.20018,0.23266,0.746
-0.20074,0.22907,0.84461
-0.20259,0.30318,0.98459
-0.21846,-0.087116,0.12719
-0.19242,0.18607,0.55364
-0.19213,0.24231,0.69271
-0.19515,0.23002,0.77459
-0.19534,0.22967,0.86787
-0.20148,-0.046751,0.12539
-0.18534,0.23576,0.53379
-0.1776,0.26562,0.66042
-0.1864,0.2366,0.72789
-0.18813,0.23048,0.80826
-0.1836,0.2356,0.91091
-0.19096,-0.042646,0.12909
-0.17953,0.2259,0.53862
-0.17568,0.2623,0.66477
-0.17216,0.23743,0.73562
-0.17766,0.23165,0.82367
-0.17693,0.2374,0.91868
-0.18298,-0.060297,0.13686
-0.16984,0.21004,0.54354
-0.16536,0.25408,0.67662
-0.16312,0.23674,0.74925
-0.16538,0.23302,0.84587
-0.16987,0.24344,0.94459
-0.17664,-0.066827,0.13778
-0.15928,0.19769,0.54715
-0.15141,0.25028,0.68756
-0.15806,0.23496,0.76741
-0.15816,0.23382,0.86019
-0.15397,0.28561,0.99432
-0.14316,0.23992,0.50557
-0.15155,0.18846,0.54987
-0.14279,0.24971,0.69476
-0.14489,0.23532,0.77732
-0.14789,0.23497,0.86904
-0.1407,0.27715,0.99697
-0.13535,0.24083,0.50845
-0.13683,0.18161,0.55124
-0.13355,0.24916,0.69755
-0.13843,0.23569,0.78517
-0.13609,0.23581,0.87371
-0.13615,0.28219,0.99788
-0.13833,-0.049179,0.14741
-0.13293,0.19928,0.5447
-0.13019,0.25291,0.68414
-0.12517,0.23795,0.76135
-0.12479,0.23569,0.84635
-0.13042,0.30157,0.99903
-0.13448,-0.020623,0.14646
-0.12168,0.21511,0.53829
-0.11886,0.26491,0.66848
-0.12081,0.24113,0.73861
-0.11604,0.23569,0.82673
-0.11867,0.24254,0.92179
-0.11245,0.11993,0.14324
-0.1102,0.24406,0.52349
-0.11527,0.17884,0.54943
-0.11088,0.24749,0.70352
-0.10806,0.23569,0.79133
-0.11287,0.23657,0.87916
-0.10474,0.28078,1
-0.11018,-0.011201,0.13925
-0.10547,0.24467,0.5262
-0.1015,0.16346,0.54636
-0.10471,0.24512,0.71199
-0.10568,0.23569,0.79442
-0.10271,0.2395,0.90004
-0.091913,0.14492,0.14137
-0.099213,-0.0069966,0.12451
-0.093251,0.24537,0.50018
-0.097368,0.19254,0.54453
-0.090719,0.25072,0.69197
-0.089101,0.23593,0.77577
-0.090303,0.23569,0.85903
-0.091759,0.2986,1
-0.090922,0.086836,0.15231
-0.095963,-0.045876,0.15691
-0.084741,0.21266,0.5365
-0.080184,0.26005,0.67427
-0.085017,0.24026,0.7448
-0.085487,0.23569,0.83821
-0.08006,0.2444,0.9351
-0.076551,0.10533,0.15081
-0.077837,0.0013912,0.14425
-0.076662,0.24121,0.5259
-0.075933,0.16345,0.54413
-0.078031,0.2445,0.71448
-0.0737,0.23569,0.80215
-0.069554,0.23822,0.89095
-0.069372,0.13084,0.13312
-0.069945,0.061122,0.15993
-0.066652,-0.04197,0.1636
-0.064728,0.19064,0.54381
-0.068458,0.252,0.68739
-0.063863,0.23755,0.76416
-0.061221,0.23569,0.85149
-0.064711,0.25106,0.95957
-0.058686,0.10864,0.15261
-0.062737,0.0073222,0.15966
-0.053249,0.24762,0.51887
-0.053161,0.16656,0.54433
-0.055296,0.24696,0.70539
-0.053516,0.23569,0.78643
-0.051111,0.23634,0.87748
-0.04779,0.10427,0.10767
-0.047821,0.053527,0.16433
-0.040036,0.34527,0.52844
-0.041998,0.34527,0.63556
-0.044162,0.34527,0.73081
-0.03971,0.34527,0.81655
-0.045854,0.23569,0.81804
-0.046379,0.24152,0.9145
-0.036508,0.090613,0.134
-0.041662,0.021263,0.17117
-0.036427,0.34527,0.56417
-0.037836,0.34527,0.65381
-0.037855,0.34527,0.74672
-0.034968,0.34527,0.82948
-0.03639,0.23569,0.83858
-0.036615,0.24369,0.93003
-0.029767,0.082411,0.14274
-0.032903,0.019252,0.1858
-0.026814,0.34527,0.58023
-0.027302,0.34527,0.67746
-0.025443,0.34527,0.76117
-0.027494,0.34527,0.85226
-0.027804,0.23569,0.85275
-0.025197,0.25022,0.95655
-0.020043,0.070602,0.15906
-0.018506,0.34083,0.51033
-0.016372,0.34527,0.60184
-0.017491,0.34527,0.69242
-0.019636,0.34527,0.77944
-0.01336,0.33873,0.85825
-0.017187,0.23569,0.86771
-0.016749,0.2832,1
-0.010684,0.035238,0.1754
-0.0099382,0.34527,0.55291
-0.010424,0.34527,0.64748
-0.010118,0.34527,0.73676
-0.0067623,0.34527,0.82205
-0.009241,0.23569,0.82938
-0.012685,0.24306,0.92554
0.0018118,0.050307,0.14745
0.0018188,0.34243,0.51542
-0.00097409,0.34527,0.60412
-0.0032601,0.34527,0.69522
0.0025979,0.34527,0.78724
-8.1488e-006,0.32859,0.85825
-0.0042245,0.23683,0.88098
0.00062767,0.27407,1
0.010209,0.034839,0.18133
0.011307,0.34527,0.56349
0.006601,0.34527,0.65087
0.0085811,0.34527,0.7446
0.012441,0.34527,0.83298
0.0079635,0.23569,0.8307
0.010087,0.24434,0.93468
0.020853,0.074444,0.14416
0.015736,0.03255,0.21296
0.016678,0.34527,0.59264
0.01541,0.34527,0.68046
0.013909,0.34527,0.76765
0.016105,0.34527,0.8579
0.013771,0.23569,0.85805
0.020868,0.25076,0.9585
0.034283,0.058703,0.165
0.028243,0.34527,0.52841
0.024481,0.34527,0.62187
0.024029,0.34527,0.71497
0.02766,0.34527,0.79503
0.030197,0.23569,0.79634
0.030712,0.23876,0.89477
0.042142,0.10137,0.12513
0.035929,0.047322,0.1669
0.036307,0.34527,0.54186
0.039627,0.34527,0.62769
0.039178,0.34527,0.71852
0.036834,0.34527,0.80321
0.041245,0.23569,0.81365
0.040568,0.24086,0.9098
0.04466,0.10448,0.10554
0.051072,0.062393,0.16205
0.048227,0.34527,0.52501
0.047915,0.34527,0.6123
0.041157,0.34527,0.70535
0.04761,0.34527,0.79197
0.042106,0.31449,0.85825
0.045863,0.23678,0.8806
0.06168,0.12613,0.12075
0.063326,0.068348,0.15928
0.062399,-0.031778,0.16494
0.054228,0.21296,0.5359
0.052643,0.26426,0.66926
0.048573,0.34527,0.83135
0.057576,0.23569,0.83057
0.053754,0.24593,0.94123
0.072074,0.10858,0.15062
0.068393,0.0051042,0.14173
0.061869,0.23761,0.52718
0.062871,0.16364,0.54414
0.067875,0.24425,0.7163
0.0615,0.23569,0.7976
0.060283,0.23858,0.89352
0.077478,0.13978,0.14408
0.074314,0.060863,0.15919
0.083941,-0.03555,0.15996
0.072368,0.19535,0.54214
0.069001,0.25299,0.68387
0.075714,0.23722,0.76657
0.075455,0.23569,0.8544
0.072863,0.24917,0.95283
0.083907,0.09983,0.15064
0.090147,-0.023697,0.15945
0.083162,0.22118,0.53314
0.080856,0.2636,0.67005
0.081012,0.24085,0.74062
0.085015,0.23569,0.82368
0.08472,0.24298,0.92493
0.091194,0.12227,0.14548
0.10028,-0.021054,0.15742
0.09482,0.22174,0.53378
0.088924,0.26464,0.66881
0.093063,0.2418,0.73378
0.090524,0.23569,0.8194
0.093965,0.243,0.92511
0.10819,0.12038,0.14354
0.11156,-0.05625,0.15245
0.10665,0.20985,0.53884
0.1038,0.25732,0.67753
0.097759,0.23831,0.75871
0.097937,0.23569,0.84294
0.10398,0.24546,0.93955
0.12291,-0.015013,0.14167
0.108,0.24035,0.52814
0.11032,0.16118,0.54679
0.10576,0.24494,0.71264
0.10657,0.23569,0.79542
0.10682,0.23862,0.8938
0.12488,0.1384,0.13793
0.1171,0.2431,0.50151
0.11999,0.18587,0.54829
0.12178,0.2493,0.69705
0.11807,0.23624,0.77351
0.11949,0.23626,0.8769
0.11988,0.28681,1
0.14643,-0.063845,0.14429
0.13285,0.2084,0.54123
0.12658,0.25639,0.67864
0.13141,0.23849,0.75749
0.12623,0.23569,0.84746
0.12493,0.2468,0.94432
0.15133,-0.038752,0.145
0.13638,0.21703,0.53843
0.14122,0.25985,0.67452
0.13803,0.23985,0.74773
0.14297,0.23569,0.83533
0.13824,0.24276,0.92961
0.15971,-0.056529,0.1419
0.14927,0.1981,0.54606
0.14275,0.25385,0.68166
0.14605,0.23767,0.762
0.14405,0.23569,0.85164
0.14387,0.29978,0.99698
0.15419,0.23893,0.49855
0.15689,0.19261,0.54855
0.15294,0.25127,0.68505
0.15366,0.23519,0.77295
0.1552,0.23451,0.8601
0.1569,0.28559,0.99437
0.16277,0.23796,0.49746
0.17206,0.19308,0.54947
0.16273,0.24809,0.69054
0.16806,0.234,0.76926
0.16987,0.23288,0.85839
0.16015,0.29026,0.99372
0.17455,0.23682,0.50781
0.18141,0.19012,0.55119
0.17566,0.24535,0.69262
0.17276,0.23256,0.77741
0.17257,0.23268,0.87378
0.17247,0.2788,0.99126
0.18578,0.23593,0.52847
0.18138,0.2733,0.65117
0.18533,0.23963,0.71157
0.18774,0.23088,0.79082
0.18077,0.23304,0.88522
0.20945,-0.047014,0.11665
0.19461,0.23516,0.53619
0.19508,0.26667,0.65633
0.19032,0.23718,0.72311
0.19319,0.23027,0.81633
0.19374,0.23424,0.90604
0.22927,-0.054329,0.11658
0.20562,0.21234,0.54506
0.20093,0.25169,0.67302
0.2052,0.2318,0.75189
0.20711,0.22872,0.84049
0.20124,0.30002,0.98551
0.23249,-0.055514,0.11744
0.21077,0.22711,0.5402
0.20626,0.257,0.66562
0.21207,0.2332,0.73252
0.21568,0.22776,0.8185
0.21082,0.23328,0.90918
0.24112,-0.061355,0.065539
0.21751,0.23193,0.50075
0.22095,0.18871,0.55453
0.21992,0.24356,0.69164
0.22121,0.22715,0.77853
0.22632,0.22657,0.86116
0.25245,-0.031027,0.046597
0.25102,-0.062342,0.12078
0.22978,0.21089,0.54408
0.23163,0.25976,0.6756
0.23051,0.22988,0.74381
0.22919,0.22625,0.83062
0.22688,0.28553,0.97334
0.27042,-0.065561,0.089458
0.24191,0.22363,0.52946
0.23318,0.27422,0.66723
0.23814,0.23818,0.72392
0.24392,0.22695,0.81499
0.23508,0.23447,0.90671
0.27659,-0.044331,0.073834
0.24815,0.22328,0.49932
0.25692,0.1701,0.54495
0.24327,0.24742,0.70609
0.25347,0.23163,0.78604
0.25036,0.23101,0.87542
0.28284,-0.040901,0.056735
0.28892,-0.12402,0.083032
0.26836,0.17485,0.53755
0.25364,0.25265,0.70581
0.25827,0.23474,0.77463
0.26052,0.23509,0.86988
0.29845,-0.045975,0.040349
0.30473,-0.09717,0.092641
0.26905,0.18028,0.53528
0.26703,0.27603,0.71123
0.27031,0.24165,0.77076
0.26502,0.2373,0.86411
0.30266,-0.049982,0.071937
0.27939,0.18012,0.52921
0.27353,0.30182,0.7305
0.27924,0.24641,0.76932
0.27547,0.24242,0.85467
0.31575,-0.074675,0.085684
0.30261,0.053338,0.52596
0.28382,0.25765,0.78594
0.33058,-0.056414,0.039147
0.33888,-0.059111,0.031515
-0.27381,-0.20944,0.52804
-0.26298,-0.20623,0.54204
-0.27291,-0.18777,0.54518
-0.28046,-0.15844,0.54831
-0.30553,-0.11757,0.5253
-0.25563,-0.16961,0.56139
-0.29098,-0.10675,0.53998
-0.24087,-0.18386,0.56292
-0.2838,-0.10478,0.54345
-0.22362,-0.18339,0.56433
-0.30188,-0.08031,0.53295
-0.2486,-0.1381,0.56303
-0.26868,-0.095653,0.1156
-0.27096,-0.086299,0.54877
-0.2124,-0.15922,0.56664
-0.31016,-0.029024,0.52573
-0.26151,-0.091297,0.55379
-0.19088,-0.16877,0.56501
-0.046076,-0.3312,0.023429
-0.29685,-0.029263,0.5324
-0.24717,-0.097082,0.56131
-0.1766,-0.17764,0.56392
-0.046076,-0.31662,0.024099
-0.29833,-0.012629,0.53062
-0.25111,-0.071537,0.55782
-0.18438,-0.15266,0.56248
-0.23031,-0.081151,0.12502
-0.031695,-0.31142,0.080331
-0.27385,-0.030504,0.54398
-0.21463,-0.10373,0.55977
-0.12523,-0.20609,0.54823
-0.046076,-0.27562,0.03575
-0.0091444,-0.3271,0.088332
-0.25786,-0.036005,0.55231
-0.19158,-0.10707,0.55791
-0.11207,-0.20748,0.5468
-0.046076,-0.26618,0.043012
-0.0081072,-0.31629,0.092641
-0.26328,-0.013985,0.54823
-0.20161,-0.09396,0.55717
-0.12115,-0.18031,0.55767
-0.2038,-0.072413,0.13144
-0.020117,-0.27766,0.088518
-0.28201,0.016837,0.53694
-0.22624,-0.050062,0.55381
-0.147,-0.12877,0.55532
-0.038453,-0.25691,0.52395
-0.032151,-0.2499,0.038102
-0.015612,-0.27514,0.10694
-0.26377,0.0076043,0.54664
-0.18457,-0.068949,0.55215
-0.11601,-0.1587,0.55472
-0.19987,-0.046138,0.12258
-0.020856,-0.2499,0.069858
-0.28445,0.047698,0.53379
-0.2289,-0.017933,0.55283
-0.15466,-0.094725,0.55258
-0.07273,-0.19448,0.55137
-0.18023,-0.05132,0.1381
-0.017779,-0.2363,0.097575
-0.27081,0.044141,0.54083
-0.20538,-0.021704,0.55043
-0.12588,-0.10953,0.55065
-0.04753,-0.20498,0.54676
-0.15355,-0.064639,0.14299
-0.28744,0.083299,0.53007
-0.23454,0.02914,0.55411
-0.15522,-0.064527,0.54862
-0.079719,-0.15075,0.55113
-0.16886,-0.034063,0.12763
-0.019434,-0.20868,0.12206
-0.2612,0.064169,0.54438
-0.19025,-0.01182,0.54892
-0.11783,-0.097906,0.54841
-0.032731,-0.1889,0.55382
-0.14974,-0.04457,0.14524
-0.28674,0.1071,0.52979
-0.24566,0.059701,0.55243
-0.15691,-0.037887,0.54558
-0.075483,-0.12472,0.54833
0.020706,-0.2245,0.53819
-0.12711,-0.054726,0.14947
-0.2708,0.10612,0.53778
-0.22715,0.048639,0.55356
-0.12811,-0.045048,0.54333
-0.05586,-0.13351,0.54928
0.043819,-0.24202,0.53049
-0.12688,-0.048076,0.15
-0.28534,0.13825,0.52986
-0.23323,0.074943,0.5546
-0.14596,-0.010162,0.54449
-0.075532,-0.097766,0.54544
0.00083266,-0.18218,0.55451
-0.1297,-0.018747,0.15082
-0.023501,-0.13612,0.14992
-0.25424,0.11464,0.54589
-0.17228,0.031405,0.54722
-0.099479,-0.059804,0.54206
-0.016306,-0.14768,0.5508
-0.12445,-0.016848,0.11401
-0.024539,-0.11751,0.10448
-0.26792,0.14551,0.53843
-0.21632,0.081324,0.55281
-0.13444,-0.00874,0.54334
-0.051362,-0.093514,0.54498
0.033735,-0.17877,0.55414
-0.11398,-0.016126,0.15509
-0.025404,-0.10558,0.15604
-0.24719,0.1287,0.54913
-0.17308,0.057556,0.54768
-0.08513,-0.038243,0.53927
-0.0075483,-0.12042,0.54787
0.092784,-0.23137,0.53517
-0.076293,-0.030115,0.16234
-0.28098,0.17666,0.52749
-0.23677,0.12947,0.55432
-0.14412,0.041622,0.5443
-0.058149,-0.052903,0.54062
0.013255,-0.12341,0.54819
0.12508,-0.25453,0.52675
-0.070974,-0.025257,0.16384
-0.27057,0.18003,0.533
-0.22368,0.13169,0.558
-0.13715,0.042653,0.54361
-0.048053,-0.04348,0.53961
0.028202,-0.13897,0.54986
-0.088712,-0.0029573,0.11342
-0.053599,-0.031714,0.16719
-0.26244,0.18575,0.53504
-0.19721,0.12131,0.55374
-0.11997,0.035107,0.54189
-0.038702,-0.052165,0.54054
0.047301,-0.12947,0.54884
0.15449,-0.24931,0.53087
-0.048809,-0.024377,0.16875
-0.25383,0.19042,0.5377
-0.18778,0.12139,0.5526
-0.10657,0.04053,0.54055
-0.025403,-0.044656,0.53973
0.059471,-0.12312,0.54816
0.16408,-0.2413,0.53499
-0.036958,-0.012168,0.17372
-0.24426,0.19367,0.54133
-0.1838,0.13427,0.55338
-0.093914,0.036817,0.53928
-0.010453,-0.043428,0.5396
0.075186,-0.12922,0.54882
0.18795,-0.24459,0.53503
-0.040094,0.0018913,0.18932
-0.24266,0.19897,0.54025
-0.17028,0.1368,0.55198
-0.088608,0.053259,0.53927
-0.008209,-0.036999,0.53927
0.079207,-0.11745,0.54755
0.18283,-0.23663,0.53821
-0.037487,0.014383,0.17301
-0.23935,0.21643,0.53459
-0.18161,0.16368,0.55603
-0.099903,0.067207,0.53988
-0.28044,0.25265,0.8517
0.077451,-0.10307,0.54601
0.15025,-0.17407,0.56019
-0.078045,0.069311,0.15731
-0.032948,0.019143,0.19092
-0.22848,0.2153,0.54156
-0.16383,0.15715,0.55321
-0.2811,0.27273,0.78539
-0.28096,0.26838,0.86595
0.08088,-0.10272,0.54597
0.17174,-0.18513,0.56013
-0.074088,0.070717,0.15758
-0.027863,0.028123,0.19107
-0.21769,0.21778,0.54423
-0.16201,0.15605,0.55288
-0.28139,0.28147,0.79829
-0.2799,0.27776,0.87688
0.10533,-0.10436,0.54717
0.19235,-0.19085,0.5589
-0.067815,0.074293,0.15777
-0.012756,0.03438,0.18934
-0.21283,0.222,0.54239
-0.1518,0.15936,0.55196
-0.28188,0.29642,0.80775
-0.27632,0.29658,0.88938
0.1035,-0.097368,0.5462
0.19202,-0.18062,0.56338
-0.053919,0.084411,0.15776
-0.0063982,0.037014,0.1927
-0.20634,0.22829,0.5397
-0.25362,0.28254,0.69052
-0.2822,0.30623,0.81337
-0.27549,0.30622,0.89296
-0.24737,0.27591,0.95385
0.20053,-0.17757,0.56524
-0.054684,0.093612,0.15595
0.0042571,0.043742,0.17185
-0.19609,0.23451,0.5328
-0.25835,0.29285,0.69903
-0.19436,0.23919,0.70592
-0.18885,0.2304,0.78961
-0.24921,0.28623,0.95257
0.19436,-0.15187,0.56323
-0.050135,0.098822,0.15559
0.006681,0.051293,0.17011
-0.1863,0.23546,0.52506
-0.22298,0.27673,0.66183
-0.18493,0.24112,0.70282
-0.17726,0.23169,0.78803
-0.24882,0.30142,0.9536
0.20404,-0.14351,0.56353
0.0099788,0.060681,0.15124
0.080558,-0.013812,0.16225
-0.14046,0.21023,0.54136
-0.18608,0.24932,0.67816
-0.17122,0.23464,0.75715
-0.17006,0.2325,0.8454
-0.21075,0.27749,0.9808
0.01567,0.067785,0.12316
0.096659,-0.0053875,0.11893
-0.15339,0.23335,0.53411
-0.18689,0.2582,0.66741
-0.15793,0.24094,0.72416
-0.15267,0.23444,0.80647
-0.22121,0.29665,0.97494
0.022966,0.077003,0.1146
0.056865,0.046895,0.16415
-0.15507,0.23896,0.5244
-0.18048,0.26868,0.65621
-0.15608,0.2437,0.70884
-0.14945,0.2348,0.78978
-0.14365,0.23631,0.88059
0.24697,-0.13501,0.56527
0.039618,0.073983,0.16144
-0.1418,0.24044,0.52306
-0.091544,0.1973,0.54243
-0.14198,0.24707,0.70468
-0.13676,0.23569,0.78382
-0.1401,0.23652,0.87896
0.26919,-0.14156,0.55455
0.05354,0.072817,0.15978
-0.10562,0.22659,0.53307
-0.15065,0.26029,0.67215
-0.12041,0.24212,0.73152
-0.11689,0.23569,0.81713
-0.12162,0.24127,0.91275
0.038595,0.09694,0.14271
0.18378,-0.037532,0.11969
-0.080909,0.20959,0.53732
-0.11808,0.25433,0.68109
-0.11395,0.23733,0.76576
-0.096864,0.23569,0.83924
-0.15775,0.28848,0.99356
0.071593,0.082996,0.15544
-0.1054,0.24414,0.5065
-0.050241,0.19953,0.54066
-0.10869,0.25127,0.68999
-0.091515,0.23679,0.76962
-0.093035,0.23569,0.85942
-0.1384,0.28156,0.99743
0.080123,0.082981,0.15429
-0.08577,0.24337,0.52571
-0.12143,0.27442,0.65715
-0.091563,0.24448,0.71462
-0.077941,0.23569,0.79004
-0.085108,0.23805,0.88972
0.055794,0.11865,0.11696
0.2439,-0.052817,0.047222
-0.062614,0.22978,0.52995
-0.10561,0.27001,0.66241
-0.078351,0.24239,0.72956
-0.066966,0.23569,0.80907
-0.065888,0.23993,0.90317
0.064677,0.12547,0.14847
0.248,-0.040183,0.066677
-0.039337,0.22849,0.53041
-0.085417,0.26257,0.67127
-0.059264,0.24182,0.73366
-0.053061,0.23569,0.81652
-0.066827,0.24328,0.92711
0.080005,0.13394,0.14482
0.27433,-0.038136,0.066732
-0.02702,0.23123,0.52944
-0.065602,0.2644,0.6691
-0.042445,0.24158,0.73535
-0.034081,0.23569,0.81314
-0.046144,0.24317,0.92629
0.086135,0.13311,0.14415
-0.028948,0.24085,0.47548
-0.0038523,0.22003,0.5334
-0.045859,0.25805,0.67667
-0.02634,0.23939,0.75104
-0.022988,0.23569,0.84457
-0.084926,0.29447,1
0.091273,0.14561,0.14113
-0.024849,0.24707,0.49886
0.026639,0.20114,0.54009
-0.0321,0.2501,0.69418
-0.0066465,0.23637,0.77259
-0.0070272,0.23569,0.86053
0.086236,0.1572,0.10312
-0.041638,0.26967,0.47548
0.0042572,0.23903,0.52667
-0.030902,0.26946,0.66307
-0.0023443,0.24349,0.72171
0.013912,0.23569,0.80236
-0.0061243,0.24046,0.90697
0.097453,0.16782,0.13616
-0.0069109,0.25599,0.47548
0.031508,0.23157,0.52931
-0.0064506,0.26581,0.66742
0.014957,0.2416,0.73526
0.027414,0.23569,0.81955
-0.06416,0.30514,1
0.12047,0.16373,0.13381
0.020634,0.25177,0.47548
0.050281,0.21795,0.53414
0.0033882,0.25911,0.6754
0.025851,0.2399,0.74736
0.035395,0.23569,0.83804
-0.03894,0.29203,1
-0.036538,0.31057,0.48019
0.047446,0.24233,0.47548
0.077291,0.20667,0.53813
0.026114,0.25179,0.68815
0.045198,0.23682,0.76943
0.056511,0.23569,0.85157
-0.0044903,0.27827,1
-0.011886,0.29284,0.47583
0.048301,0.24773,0.52303
0.010512,0.2768,0.65432
-0.046076,0.33502,0.81711
0.061128,0.23569,0.78756
0.067294,0.23749,0.88568
0.12025,0.20043,0.12508
0.014823,0.28179,0.47548
0.087141,0.22391,0.53246
-0.043943,0.34527,0.77157
-0.046076,0.3396,0.85775
0.078493,0.23569,0.84009
0.0078263,0.29259,1
0.14592,0.18742,0.12597
-0.03257,0.34527,0.59722
-0.041902,0.34527,0.68714
-0.034933,0.34527,0.78171
-0.029563,0.34054,0.85825
0.089742,0.23569,0.83793
0.014922,0.30175,1
0.13187,0.21511,0.10997
-0.026165,0.34527,0.58167
-0.030539,0.34527,0.67439
-0.024789,0.34527,0.76543
-0.028247,0.34447,0.85825
0.11475,0.23569,0.81061
0.1022,0.24174,0.9161
0.13799,0.22284,0.10228
-0.01549,0.34527,0.55593
-0.0020664,0.34527,0.6423
-0.013268,0.34527,0.74342
-0.010848,0.34527,0.8284
0.12538,0.23569,0.79543
0.1122,0.23897,0.89628
0.13865,0.23684,0.086253
0.0090572,0.34527,0.53067
0.005432,0.34527,0.62805
0.013355,0.34527,0.70973
0.0057846,0.34527,0.81057
0.13408,0.23632,0.77294
0.14753,0.23537,0.87005
0.13316,0.2464,0.079142
0.021422,0.34527,0.53131
0.019016,0.34527,0.61204
0.022659,0.34527,0.70648
0.012508,0.34527,0.80702
0.14456,0.23636,0.77271
0.15461,0.23458,0.85994
0.13488,0.25854,0.075077
0.038841,0.34136,0.51202
0.038715,0.34527,0.6058
0.029915,0.34527,0.70121
0.035658,0.34527,0.79475
0.17706,0.23539,0.74857
0.17601,0.23219,0.84989
0.11389,0.27842,1
0.044733,0.34527,0.54825
0.045517,0.34527,0.66589
0.14245,0.26994,0.6625
0.18218,0.23901,0.71783
0.17971,0.23178,0.81638
0.18543,0.23623,0.91412
0.19649,0.24006,0.089757
0.25541,0.19806,0.53581
0.19726,0.24042,0.70035
0.20504,0.22895,0.78162
0.21532,0.22785,0.87323
0.17581,0.27514,0.086625
0.23276,0.21841,0.53993
0.19316,0.24963,0.67702
0.22284,0.23014,0.74911
0.2267,0.22653,0.84682
0.16112,0.2864,0.078509
0.25414,0.21727,0.52313
0.22269,0.24389,0.69359
0.24059,0.22546,0.77695
0.23314,0.22602,0.87469
0.17872,0.28196,0.079406
0.2168,0.25629,0.67108
0.24783,0.23736,0.74512
0.24936,0.22962,0.83569
0.20976,0.26956,0.98323
0.24726,0.24664,0.71131
0.2642,0.2369,0.79339
0.24964,0.2437,0.91268
0.24284,0.25798,0.68556
0.27333,0.2441,0.76708
0.26684,0.23819,0.86474
0.25243,0.27007,0.68306
0.27523,0.24901,0.75193
0.27712,0.24323,0.85447
0.24858,0.28666,0.67797
0.27761,0.26672,0.75151
0.28387,0.25894,0.84442
0.24765,0.30278,0.67629
0.27571,0.27096,0.74346
0.2843,0.27209,0.84105
0.25428,0.30589,0.68344
0.27989,0.28473,0.75818
0.28469,0.28402,0.86052
0.27749,0.30053,0.74652
0.28503,0.29435,0.8365
0.28542,0.30642,0.79077
-0.046076,-0.33263,0.062279
0.044111,-0.34394,0.071491
-0.011298,-0.32721,0.088224
-0.031643,-0.3146,0.080368
-0.046076,-0.30357,0.068795
-0.046076,-0.29372,0.02989
0.0017042,-0.30261,0.092641
-0.030802,-0.29115,0.080963
-0.046076,-0.27734,0.062789
-0.0036226,-0.27721,0.11747
-0.021866,-0.27037,0.087281
-0.046076,-0.25914,0.053471
-0.016765,-0.25576,0.12209
-0.15747,-0.2495,0.53118
-0.032967,-0.25517,0.52472
-0.010387,-0.25187,0.1233
-0.24873,-0.22588,0.54054
-0.12893,-0.24347,0.53205
-0.0097221,-0.24765,0.52802
-0.017582,-0.24108,0.1179
-0.26575,-0.22156,0.52435
-0.19142,-0.22209,0.54533
-0.068237,-0.23346,0.53425
0.064426,-0.24105,0.53092
-0.018425,-0.22658,0.12334
-0.27478,-0.20803,0.52844
-0.19785,-0.21198,0.55017
-0.063962,-0.22026,0.54005
0.0553,-0.23646,0.53293
0.18456,-0.23952,0.53705
-0.28571,-0.197,0.52684
-0.22593,-0.19961,0.55735
-0.10379,-0.20879,0.54571
0.037107,-0.22767,0.53679
0.16047,-0.2323,0.53872
-0.019198,-0.21331,0.12932
-0.26699,-0.19503,0.54495
-0.17144,-0.20206,0.55288
-0.061637,-0.20826,0.54532
0.067297,-0.21765,0.54119
0.20538,-0.22469,0.54486
0.0044857,-0.20365,0.13439
-0.25751,-0.18183,0.55549
-0.16198,-0.19194,0.55673
-0.038832,-0.19908,0.54935
0.091811,-0.21038,0.54439
0.22669,-0.21975,0.54835
-0.29462,-0.16867,0.50525
-0.25478,-0.17525,0.55974
-0.16023,-0.1819,0.56103
-0.022247,-0.18341,0.55464
0.094707,-0.19534,0.55099
0.23781,-0.20641,0.55491
0.021832,-0.17855,0.14016
-0.26111,-0.16519,0.55838
-0.16385,-0.16705,0.5615
-0.035335,-0.17827,0.55408
0.080723,-0.1848,0.55479
0.20759,-0.19106,0.55976
0.013896,-0.16832,0.14251
-0.27198,-0.15303,0.55222
-0.17837,-0.16055,0.56259
-0.06158,-0.16925,0.55312
0.068591,-0.17203,0.55341
0.1929,-0.17845,0.56438
-0.017544,-0.16369,0.14358
-0.2827,-0.14512,0.54639
-0.19535,-0.15171,0.56373
-0.067733,-0.15997,0.55212
0.045978,-0.16389,0.55254
0.17063,-0.1714,0.56241
-0.022807,-0.14979,0.13147
-0.28903,-0.13475,0.54261
-0.20973,-0.13643,0.56362
-0.081486,-0.14386,0.55039
0.034609,-0.15254,0.55132
0.16073,-0.1571,0.55966
-0.023283,-0.14065,0.11974
-0.30285,-0.12301,0.535
-0.23313,-0.12466,0.5644
-0.1077,-0.1328,0.55092
0.017419,-0.1404,0.55002
0.13561,-0.14483,0.55525
0.28966,-0.15127,0.54489
-0.30555,-0.11483,0.52321
-0.25285,-0.12151,0.55991
-0.12514,-0.12396,0.55211
-0.011187,-0.13089,0.549
0.11211,-0.13306,0.55109
0.23709,-0.13604,0.56598
0.0028796,-0.1238,0.15275
-0.26316,-0.10924,0.55403
-0.16873,-0.11565,0.55658
-0.032366,-0.11797,0.54761
0.098085,-0.12297,0.54828
0.20209,-0.12487,0.561
-0.019233,-0.11425,0.15495
-0.27147,-0.099767,0.54931
-0.18702,-0.10018,0.55654
-0.053822,-0.11146,0.54691
0.072055,-0.11137,0.5469
0.18175,-0.11337,0.55744
-0.025431,-0.10382,0.13599
-0.30091,-0.086515,0.53381
-0.22399,-0.092941,0.55927
-0.095588,-0.093457,0.5452
0.022287,-0.10371,0.54608
0.13374,-0.1025,0.55047
0.28021,-0.11041,0.54718
0.02216,-0.095426,0.15927
-0.26008,-0.081515,0.55393
-0.14442,-0.087703,0.55059
-0.019062,-0.09394,0.54503
0.10598,-0.094788,0.54622
0.22023,-0.09932,0.55942
-0.022985,-0.081021,0.16259
-0.2884,-0.070676,0.53912
-0.20188,-0.070256,0.55405
-0.069673,-0.073307,0.54281
0.052388,-0.076729,0.54318
0.16364,-0.088249,0.55229
-0.14003,-0.067411,0.14575
-0.016507,-0.064928,0.16629
-0.27727,-0.064046,0.54429
-0.17388,-0.066195,0.55071
-0.053628,-0.068527,0.5423
0.075384,-0.069217,0.54237
0.19862,-0.07566,0.55412
-0.12805,-0.061068,0.14882
-0.01452,-0.06333,0.16666
-0.2911,-0.050917,0.53659
-0.20682,-0.054111,0.5524
-0.085444,-0.062325,0.54163
0.036836,-0.060142,0.5414
0.15456,-0.062711,0.548
-0.15776,-0.047645,0.14327
-0.028199,-0.05384,0.11823
0.023974,-0.049933,0.16974
-0.28246,-0.047822,0.54073
-0.18302,-0.045911,0.54893
-0.051763,-0.048739,0.54017
0.062562,-0.048152,0.54011
0.18983,-0.057902,0.55089
-0.13839,-0.038786,0.14814
-0.058423,-0.034581,0.16593
-0.004807,-0.040379,0.21118
-0.26078,-0.035226,0.55081
-0.16517,-0.038994,0.54641
-0.030655,-0.043883,0.53965
0.094267,-0.04551,0.53982
0.2136,-0.038348,0.55093
-0.12897,-0.025303,0.15116
-0.041724,-0.034499,0.16958
-0.03176,-0.024719,0.25892
-0.2559,-0.024246,0.55256
-0.13125,-0.028778,0.54302
-0.0065555,-0.033388,0.53927
0.10629,-0.034113,0.5402
0.23501,-0.033325,0.55307
-0.10439,-0.019649,0.15693
-0.034754,-0.01749,0.18683
-0.3055,-0.019133,0.52744
-0.23885,-0.014494,0.55398
-0.1134,-0.019032,0.54123
0.0088752,-0.025052,0.53927
0.13398,-0.024682,0.54297
0.26493,-0.027039,0.54983
-0.073407,-0.0096877,0.16442
-0.036318,-0.013713,0.21855
-0.27703,-0.0053957,0.54082
-0.17864,-0.0069066,0.54776
-0.062658,-0.011316,0.53927
0.055101,-0.0094074,0.53927
0.19304,-0.015918,0.54887
-0.090692,-0.0035621,0.15562
-0.040955,-0.0025195,0.20852
-0.28682,0.0045203,0.5353
-0.20883,-0.0019788,0.55082
-0.077294,-0.0013723,0.53927
0.035675,-0.0041048,0.53927
0.15825,-0.0018128,0.5454
-0.053754,0.010657,0.1194
-0.036038,0.011683,0.1904
-0.29842,0.0054814,0.52944
-0.22701,0.012631,0.55304
-0.099893,0.0075906,0.53988
0.027696,0.0056185,0.53927
0.15195,0.0063645,0.54477
-0.049349,0.017593,0.11337
-0.030878,0.024142,0.19012
-0.3011,0.022304,0.52705
-0.22025,0.019578,0.55239
-0.094745,0.016996,0.53937
0.026961,0.021165,0.53927
0.15213,0.023164,0.54478
-0.058783,0.031662,0.12469
-0.020218,0.034638,0.17158
-0.29618,0.024785,0.52935
-0.21824,0.024698,0.55224
-0.095235,0.030678,0.53942
0.022709,0.025485,0.53927
0.15393,0.027183,0.54496
-0.066812,0.043752,0.10894
-0.031922,0.043642,0.16832
-0.30563,0.033462,0.52409
-0.24169,0.041408,0.55507
-0.12094,0.042826,0.54199
-0.0016716,0.04434,0.53927
0.12405,0.038383,0.54198
0.25165,0.040606,0.55224
-0.054469,0.048072,0.16445
0.048395,0.047532,0.16517
-0.25368,0.041949,0.54953
-0.13249,0.048719,0.54314
-0.0098659,0.052045,0.53927
0.11747,0.049406,0.54132
0.22733,0.057683,0.55335
-0.067393,0.060259,0.16043
0.042241,0.062961,0.16314
-0.26704,0.050466,0.54232
-0.1661,0.053772,0.54685
-0.036871,0.058781,0.53927
0.087724,0.057231,0.53927
0.20522,0.062602,0.55096
-0.078339,0.072497,0.15668
0.016567,0.069085,0.1628
-0.26486,0.061227,0.54274
-0.17376,0.06954,0.54792
-0.048434,0.071292,0.53927
0.073493,0.075799,0.53927
0.1975,0.075294,0.55028
-0.091997,0.081309,0.1399
0.02674,0.081857,0.13106
-0.29625,0.069373,0.52653
-0.21483,0.070724,0.5525
-0.089212,0.079757,0.53927
0.025351,0.080457,0.53927
0.14254,0.081374,0.54426
-0.096879,0.088762,0.10806
-0.049679,0.089576,0.15737
0.076722,0.089189,0.1536
-0.24859,0.084338,0.54943
-0.13051,0.083051,0.5433
-0.0088941,0.087026,0.53928
0.11294,0.09194,0.54146
0.23087,0.097664,0.55512
-0.081738,0.1018,0.15077
0.054762,0.10471,0.15368
-0.2565,0.087809,0.5453
-0.15894,0.092346,0.54696
-0.031005,0.094464,0.53975
0.083652,0.10692,0.54054
0.21192,0.10683,0.55371
-0.096553,0.11014,0.14721
0.046255,0.1067,0.15342
-0.27373,0.10426,0.53635
-0.18238,0.098929,0.5501
-0.057469,0.10794,0.54061
0.065473,0.11317,0.54094
0.18254,0.11399,0.55098
-0.113,0.11277,0.13705
0.05533,0.11818,0.14559
-0.2702,0.11115,0.53798
-0.17613,0.10993,0.5503
-0.048784,0.11934,0.54133
0.072316,0.12541,0.54172
0.18921,0.12318,0.55256
-0.10683,0.12397,0.14325
0.067876,0.13409,0.14452
-0.25831,0.11524,0.54384
-0.16659,0.12616,0.55056
-0.029125,0.12588,0.54175
0.089787,0.13407,0.54231
0.20238,0.14255,0.55608
-0.095605,0.13483,0.14275
-0.29229,0.12697,0.52436
-0.23621,0.12848,0.55462
-0.1159,0.13865,0.54594
0.0053654,0.13947,0.54261
0.12637,0.14354,0.54714
-0.13036,0.13881,0.12153
0.087772,0.15923,0.12358
-0.2673,0.13382,0.53897
-0.17114,0.13893,0.5523
-0.049499,0.14903,0.54321
0.070152,0.15424,0.54354
0.18952,0.15769,0.55601
-0.099822,0.15773,0.13791
-0.28717,0.14938,0.52872
-0.22004,0.14916,0.55928
-0.088341,0.15645,0.54432
0.034289,0.15773,0.54376
0.15709,0.16874,0.55314
-0.12761,0.16633,0.13256
-0.28484,0.1573,0.51843
-0.22479,0.15882,0.55972
-0.10605,0.16771,0.54721
0.026249,0.17538,0.54488
0.13958,0.17856,0.55197
-0.13128,0.16882,0.1316
0.11109,0.18883,0.13043
-0.23436,0.16235,0.55486
-0.13219,0.17331,0.55095
0.00060529,0.17606,0.54493
0.12591,0.19235,0.54642
-0.12976,0.17754,0.13018
0.12076,0.20101,0.10985
-0.24546,0.1729,0.54808
-0.14002,0.18521,0.55019
-0.016065,0.19112,0.54364
0.11052,0.19287,0.54513
-0.13289,0.19312,0.12686
0.12993,0.21264,0.10938
-0.23992,0.18185,0.54768
-0.13988,0.18736,0.54942
-0.0057014,0.20368,0.53919
0.11917,0.21327,0.53853
-0.13343,0.20274,0.125
0.13653,0.22098,0.10096
-0.24117,0.19191,0.54349
-0.12571,0.20005,0.54391
-0.010932,0.21031,0.53684
0.10871,0.21605,0.53679
0.22352,0.22689,0.79893
0.11096,0.22473,0.045563
0.13995,0.22538,0.11773
-0.22369,0.20363,0.54809
-0.10194,0.21135,0.5382
0.024822,0.22174,0.5328
0.14644,0.22934,0.53479
0.15403,0.23464,0.80384
0.16756,0.23599,0.89839
0.11497,0.24296,0.053484
-0.26888,0.21364,0.50929
-0.19656,0.21463,0.54383
-0.078058,0.2288,0.53031
0.051306,0.2376,0.52718
0.074176,0.23569,0.81532
0.099061,0.23767,0.88701
0.18157,0.24412,0.94947
0.13182,0.24779,0.077794
-0.25017,0.22166,0.52034
-0.16848,0.22327,0.53876
-0.033704,0.24244,0.52547
-0.099554,0.23569,0.80269
-0.049993,0.23694,0.88175
0.025998,0.24211,0.91877
0.13937,0.24635,0.94569
0.12679,0.25924,0.049113
-0.23637,0.22626,0.50315
-0.13139,0.24009,0.53014
0.04845,0.25291,0.47548
-0.24886,0.23095,0.81684
-0.23889,0.23453,0.89704
-0.092375,0.23825,0.89114
-0.046749,0.24864,0.95092
0.06779,0.25755,0.97468
0.13757,0.27407,0.03088
-0.032211,0.26059,0.47548
-0.23963,0.23653,0.73899
-0.26465,0.23869,0.85625
-0.22937,0.24031,0.92477
-0.15278,0.24913,0.96027
-0.027184,0.2531,0.96685
0.10112,0.26477,0.98615
0.14257,0.27793,0.071419
0.023885,0.27329,0.47548
-0.27198,0.24228,0.80184
-0.26531,0.24641,0.89397
-0.21946,0.24902,0.95062
-0.12622,0.25766,0.97486
-0.00084942,0.27003,0.99451
0.13446,0.28035,0.99886
-0.015078,0.27705,0.47548
-0.28039,0.25106,0.78804
-0.27781,0.25074,0.88043
-0.24291,0.25569,0.94142
-0.16254,0.26081,0.98033
-0.055271,0.27135,0.9966
0.093282,0.2912,1
-0.023437,0.28938,0.47548
-0.28073,0.26126,0.77747
-0.28086,0.26531,0.86752
-0.25517,0.26934,0.93955
-0.18457,0.27588,0.9882
-0.077581,0.28503,1
0.068774,0.29424,1
-0.26203,0.27464,0.70777
-0.28116,0.2746,0.8144
-0.27314,0.27527,0.89655
-0.23668,0.27757,0.9638
-0.15401,0.28749,0.99431
-0.015894,0.29426,1
-0.26731,0.28368,0.72122
-0.28123,0.27668,0.83022
-0.26923,0.28083,0.90881
-0.23232,0.28834,0.96853
-0.14293,0.29925,0.99652
-0.24909,0.29495,0.68132
-0.28173,0.29185,0.80143
-0.27827,0.29358,0.88321
-0.24812,0.29833,0.95412
-0.17088,0.30482,0.99093
-0.27279,0.29807,0.74088
-0.28212,0.30365,0.84196
-0.26645,0.30129,0.91951
-0.046076,0.32561,0.85618
-0.01116,0.33756,0.50136
0.023666,0.34527,0.57747
0.041588,0.34527,0.65506
-0.046076,0.33679,0.83582
-0.032923,0.34421,0.52111
-0.028827,0.34527,0.63477
-0.046076,0.34225,0.80385
0.23937,-0.24123,0.49587
0.21625,-0.2441,0.51517
0.30185,-0.17209,0.5392
0.23561,-0.22182,0.548
0.30733,-0.14727,0.071415
0.22586,-0.22095,0.54778
0.28995,-0.14349,0.055511
0.17071,-0.23785,0.53692
0.23827,-0.1838,0.56486
0.2915,-0.1326,0.077825
0.17204,-0.22939,0.54072
0.24686,-0.1742,0.56577
0.29444,-0.12274,0.085094
0.1582,-0.23525,0.53728
0.21519,-0.1769,0.56645
0.26001,-0.13376,0.054958
0.31712,-0.086045,0.085627
0.14615,-0.22503,0.54102
0.2166,-0.16813,0.56771
0.24889,-0.13015,0.058447
0.31375,-0.075736,0.086833
0.13425,-0.22627,0.53973
0.20314,-0.16708,0.56595
0.23798,-0.1266,0.030246
0.25983,-0.10137,0.10452
0.098147,-0.24457,0.52944
0.15458,-0.19113,0.55643
0.24453,-0.11489,0.56392
0.23496,-0.11087,0.079601
0.060491,-0.25752,0.51464
0.12278,-0.21534,0.54382
0.19791,-0.14501,0.56293
0.22605,-0.10773,0.024163
0.23397,-0.094625,0.12275
0.066222,-0.24414,0.52956
0.13346,-0.19329,0.55416
0.21771,-0.11599,0.56139
0.23713,-0.082133,0.072782
0.030739,-0.2576,0.5176
0.090374,-0.20541,0.54657
0.18049,-0.13947,0.56019
0.30088,-0.026213,0.5318
0.24622,-0.068349,0.12214
0.064467,-0.22082,0.5398
0.13234,-0.16714,0.55724
0.22952,-0.081305,0.55796
0.20594,-0.083677,0.12986
0.029802,-0.23709,0.53265
0.093187,-0.1813,0.55441
0.18459,-0.10313,0.55637
0.31181,0.0069479,0.52426
0.00073714,-0.25725,0.50348
0.044741,-0.21583,0.54199
0.12331,-0.14342,0.55358
0.21242,-0.068747,0.55458
0.18286,-0.081151,0.11963
-0.012692,-0.24902,0.52742
0.056008,-0.19065,0.55305
0.14335,-0.11244,0.55272
0.23792,-0.030818,0.55336
0.1868,-0.059878,0.13574
-0.0072835,-0.23736,0.53254
0.056988,-0.18006,0.55428
0.14983,-0.10134,0.55232
0.24653,-0.009137,0.55455
0.15661,-0.074257,0.12466
-0.037801,-0.24792,0.5279
0.020163,-0.19443,0.55139
0.11914,-0.11412,0.54992
0.21064,-0.032428,0.55064
0.017238,-0.18419,0.13886
-0.056271,-0.25702,0.49416
-0.011008,-0.21741,0.5413
0.061624,-0.13909,0.54988
0.14837,-0.071137,0.5485
0.24561,0.020912,0.55487
0.12917,-0.067065,0.1342
-0.069437,-0.25152,0.52632
-0.0020241,-0.19746,0.55006
0.085226,-0.11735,0.54754
0.17582,-0.025311,0.54715
-0.020541,-0.19008,0.13635
0.12078,-0.064845,0.13096
-0.08281,-0.2563,0.52422
-0.021437,-0.19907,0.54935
0.052266,-0.12795,0.54868
0.15514,-0.038475,0.54509
0.24121,0.048914,0.55477
0.017433,-0.1451,0.14785
-0.098678,-0.25656,0.49792
-0.064157,-0.22074,0.53984
0.016947,-0.14982,0.55103
0.10751,-0.064429,0.54315
0.20135,0.025161,0.55001
-0.020295,-0.16841,0.14249
0.094955,-0.058098,0.14554
-0.10858,-0.25112,0.52742
-0.050193,-0.1947,0.55127
0.029893,-0.11318,0.54709
0.13599,-0.021779,0.54317
0.22606,0.060365,0.55324
-0.011954,-0.15148,0.14638
0.091059,-0.057041,0.13748
-0.1258,-0.25377,0.51035
-0.078822,-0.20354,0.54739
-0.0029122,-0.13654,0.5496
0.096174,-0.049724,0.54028
0.18007,0.031954,0.54774
-0.022835,-0.14842,0.11774
0.017665,-0.10697,0.15662
-0.13803,-0.25223,0.50235
-0.097629,-0.21212,0.54386
-0.02062,-0.13817,0.54978
0.069117,-0.056654,0.54102
0.16099,0.026213,0.54567
0.27236,0.13571,0.53801
0.0025141,-0.10824,0.15633
0.063285,-0.048574,0.16355
-0.13622,-0.23579,0.53587
-0.075897,-0.17891,0.55415
0.021483,-0.085652,0.54414
0.10438,-0.008515,0.54001
0.19188,0.072635,0.54962
-0.024373,-0.12295,0.14349
0.024784,-0.071913,0.16468
-0.16773,-0.24914,0.51556
-0.12064,-0.21262,0.54508
-0.045896,-0.13814,0.54977
0.052538,-0.040181,0.53927
0.13705,0.03721,0.54328
0.22969,0.11925,0.55711
-0.007804,-0.093552,0.15971
0.065575,-0.020711,0.16503
-0.15678,-0.23693,0.53665
-0.092871,-0.17826,0.55408
-0.0056611,-0.081611,0.5437
0.086061,-0.0073259,0.53927
0.17849,0.085066,0.5483
-0.025969,-0.093989,0.13078
0.0073829,-0.059541,0.16753
-0.18712,-0.24701,0.51693
-0.13239,-0.19784,0.5523
-0.058535,-0.12758,0.54864
0.034066,-0.036185,0.53927
0.12499,0.04218,0.54207
0.21057,0.13868,0.5567
-0.023263,-0.076356,0.16366
0.026885,-0.030638,0.20421
-0.16113,-0.21791,0.54528
-0.093069,-0.15292,0.55136
-0.0047326,-0.063619,0.54177
0.08522,0.020071,0.53927
0.16416,0.10455,0.54818
-0.027762,-0.062711,0.13621
0.0028537,-0.040592,0.19117
-0.19575,-0.23042,0.54194
-0.13387,-0.17394,0.55855
-0.041765,-0.083057,0.54386
0.049589,0.0031143,0.53927
0.13043,0.093033,0.54349
0.24979,0.19369,0.54016
-0.013156,-0.03692,0.17858
-0.21088,-0.23412,0.54126
-0.15729,-0.17912,0.56199
-0.064998,-0.091137,0.54472
0.030354,0.0039293,0.53927
0.11198,0.08822,0.54105
0.18848,0.15814,0.55592
0.25523,0.2325,0.85977
-0.029052,-0.042074,0.16897
-0.22974,-0.24226,0.53886
-0.18204,-0.19336,0.55736
-0.094874,-0.10619,0.54648
-0.013973,-0.028579,0.53927
0.080448,0.072122,0.53927
0.15886,0.15341,0.55184
0.24704,0.22848,0.79295
0.24808,0.23525,0.89073
-0.040989,-0.040216,0.16934
-0.24244,-0.23986,0.5324
-0.19393,-0.19533,0.55724
-0.12004,-0.11619,0.55065
-0.022294,-0.025083,0.53927
0.063794,0.067106,0.53927
0.14591,0.15176,0.5501
0.22687,0.22884,0.75666
0.2234,0.2269,0.86586
-0.066935,-0.05111,0.11698
-0.04124,-0.023222,0.17049
-0.23909,-0.23415,0.54172
-0.19381,-0.18015,0.5639
-0.09479,-0.083384,0.54402
-0.017268,-0.0056796,0.53927
0.075354,0.089386,0.53943
0.16385,0.17751,0.55439
0.21012,0.22868,0.77487
0.21168,0.23052,0.89219
-0.084842,-0.056142,0.11041
-0.061008,-0.026723,0.16592
-0.2559,-0.22598,0.53253
-0.21501,-0.18353,0.56373
-0.11927,-0.097969,0.5486
-0.034858,-0.0109,0.53927
0.045861,0.075775,0.53927
0.1298,0.1692,0.54985
0.20475,0.23366,0.73571
0.19747,0.22979,0.85882
0.20789,0.24514,0.95597
-0.084356,-0.049644,0.15918
-0.26917,-0.23036,0.49525
-0.24086,-0.20303,0.5545
-0.17991,-0.1402,0.5606
-0.085969,-0.052933,0.54062
-0.0067234,0.040879,0.53927
0.090147,0.12823,0.54189
0.1979,0.24373,0.68509
0.18055,0.23168,0.80895
0.1896,0.23547,0.91161
-0.11904,-0.065854,0.13674
-0.073865,-0.016905,0.16381
-0.26887,-0.22031,0.52157
-0.23391,-0.18086,0.56608
-0.14887,-0.095119,0.55193
-0.057421,-0.0015649,0.53927
0.026858,0.084971,0.53927
0.11496,0.1764,0.54875
0.17311,0.23859,0.72954
0.17696,0.23208,0.84438
0.17934,0.24129,0.93762
-0.12469,-0.055522,0.14994
-0.065274,-0.0028414,0.16668
-0.27424,-0.20636,0.53121
-0.22744,-0.15712,0.56814
-0.14676,-0.079601,0.54978
-0.056142,0.013215,0.53927
0.031961,0.1078,0.5406
0.12376,0.20001,0.54355
0.16614,0.23478,0.76422
0.1565,0.23483,0.87698
0.17246,0.25855,0.97683
-0.11566,-0.035382,0.15335
-0.057034,0.028876,0.16157
-0.26377,-0.19038,0.5486
-0.2112,-0.12652,0.56245
-0.11701,-0.035343,0.54159
-0.036488,0.05314,0.53927
0.053804,0.14449,0.54293
0.14847,0.24869,0.69693
0.14348,0.23569,0.80999
0.14936,0.24067,0.922
0.19014,0.29014,0.98772
-0.059769,0.033143,0.12374
-0.28442,-0.2032,0.52104
-0.2492,-0.16208,0.56416
-0.16894,-0.080912,0.55217
-0.08487,0.013923,0.53927
0.0040664,0.10732,0.54057
0.09651,0.20432,0.54007
0.13206,0.23897,0.75403
0.12908,0.23569,0.86217
0.14488,0.24995,0.9601
-0.14242,-0.035015,0.14752
-0.055142,0.059393,0.16225
-0.27298,-0.17341,0.55145
-0.21698,-0.109,0.56071
-0.12691,-0.012135,0.54258
-0.042632,0.068424,0.53927
0.05318,0.16403,0.54416
0.11306,0.24116,0.73841
0.10872,0.23569,0.8552
0.11934,0.24727,0.94601
-0.15492,-0.042788,0.14424
-0.066812,0.059317,0.16069
-0.27812,-0.16039,0.54959
-0.21801,-0.098333,0.55939
-0.13814,-0.014455,0.54371
-0.044107,0.077956,0.53927
0.036191,0.1706,0.54458
0.10719,0.24191,0.73299
0.10002,0.23569,0.8476
0.10677,0.24745,0.94666
-0.078675,0.061515,0.10789
-0.042084,0.096878,0.15704
-0.26323,-0.13788,0.5557
-0.18919,-0.050608,0.55017
-0.1013,0.039908,0.54002
-0.013414,0.13142,0.5421
0.088771,0.23934,0.52712
0.084575,0.2364,0.77238
0.081836,0.23682,0.88094
0.10036,0.25425,0.96944
-0.08453,0.070116,0.14339
-0.29906,-0.15466,0.53878
-0.24324,-0.096349,0.56165
-0.15664,-0.0035027,0.54556
-0.0684,0.088425,0.53937
0.0167,0.18029,0.5452
0.076838,0.2411,0.73883
0.068709,0.23569,0.86431
0.074199,0.24857,0.95066
-0.086764,0.073582,0.11646
-0.30181,-0.14509,0.52658
-0.25522,-0.093521,0.55707
-0.17084,-0.012861,0.54698
-0.083742,0.081684,0.53927
-0.0070402,0.1724,0.5447
0.051771,0.24093,0.74
0.063168,0.23569,0.84309
0.059055,0.24764,0.94734
-0.099238,0.09222,0.1238
-0.29873,-0.13327,0.53768
-0.24894,-0.074133,0.55905
-0.1626,0.016581,0.54615
-0.073228,0.10676,0.54053
0.017842,0.21212,0.5362
0.041138,0.2358,0.7767
0.041779,0.23658,0.87919
0.055312,0.25498,0.9706
-0.099929,0.093141,0.14885
-0.29325,-0.1161,0.5394
-0.23245,-0.04447,0.55369
-0.15231,0.04342,0.54517
-0.067095,0.13993,0.54264
0.040951,0.25321,0.68308
0.0272,0.23569,0.80179
0.03255,0.24042,0.90666
0.049003,0.26336,0.98391
-0.10794,0.10516,0.14518
-0.28059,-0.085596,0.54391
-0.21795,-0.013654,0.55169
-0.13836,0.070254,0.54399
-0.051933,0.16302,0.5441
0.013831,0.24307,0.72471
0.012303,0.23569,0.84226
0.015021,0.2455,0.93971
0.070321,0.29707,1
-0.30673,-0.098872,0.51695
-0.25846,-0.050888,0.55291
-0.17829,0.037267,0.54797
-0.10372,0.12985,0.54387
0.0020731,0.24488,0.5246
-0.0057254,0.23569,0.79163
0.00037261,0.23802,0.88948
0.025691,0.26261,0.98272
-0.11149,0.12756,0.14195
-0.26813,-0.049924,0.54802
-0.20053,0.034226,0.5504
-0.12129,0.12019,0.54504
-0.015318,0.23972,0.52643
-0.011968,0.23964,0.74927
-0.020397,0.23569,0.86837
0.0042566,0.24945,0.95383
-0.12479,0.13055,0.1071
-0.3005,-0.06672,0.53283
-0.24806,-0.00095168,0.55503
-0.16542,0.087545,0.54729
-0.079031,0.18284,0.54543
-0.01181,0.26324,0.67048
-0.031101,0.23569,0.8051
-0.027264,0.23902,0.89665
-0.0087096,0.26422,0.98528
-0.12333,0.14824,0.1365
-0.277,-0.022172,0.54188
-0.21239,0.039972,0.5518
-0.13257,0.13104,0.54718
0.014836,0.29699,0.47646
-0.027956,0.24868,0.69926
-0.051803,0.23569,0.82367
-0.035564,0.241,0.91077
-0.0093971,0.27557,1
-0.11345,0.17713,0.13246
-0.26864,0.0042279,0.54441
-0.19876,0.080159,0.55084
-0.11043,0.17124,0.54808
0.021235,0.3271,0.49132
0.03585,0.34527,0.58155
-0.063128,0.23569,0.7901
-0.060979,0.23919,0.89784
-0.04177,0.25695,0.97372
-0.13767,0.16417,0.1316
-0.28219,0.0021832,0.53776
-0.22579,0.065403,0.55364
-0.14447,0.1555,0.55068
-0.0077616,0.32018,0.48554
0.028891,0.34527,0.55883
-0.073271,0.23591,0.77592
-0.068824,0.23702,0.88235
-0.053444,0.25256,0.96494
-0.147,0.16369,0.12771
-0.29538,-0.0012634,0.53138
-0.23851,0.065061,0.55505
-0.15987,0.14728,0.55175
-0.020168,0.31561,0.48299
0.0063171,0.34527,0.55999
-0.081062,0.23651,0.7716
-0.078581,0.23569,0.86939
-0.073327,0.25313,0.96698
-0.15585,0.17702,0.1104
-0.30335,0.0024186,0.52717
-0.25277,0.065905,0.54849
-0.17849,0.14333,0.55363
-0.021361,0.32245,0.48685
-0.011471,0.34527,0.57404
-0.1027,0.23569,0.78601
-0.099421,0.23712,0.88304
-0.080522,0.25833,0.97592
-0.132,0.21049,0.053776
-0.29615,0.027815,0.52918
-0.23969,0.086563,0.55374
-0.16787,0.17537,0.55551
-0.018558,0.34271,0.51631
-0.10623,0.24363,0.72075
-0.11777,0.23569,0.82518
-0.10499,0.24355,0.92901
-0.083622,0.27351,1
-0.15537,0.20404,0.078683
-0.29333,0.03298,0.53027
-0.23649,0.099619,0.55507
-0.15897,0.20195,0.54562
-0.035097,0.34527,0.54829
-0.12424,0.23898,0.75396
-0.12695,0.23569,0.86973
-0.10923,0.24866,0.951
-0.18978,0.17378,0.037839
-0.17246,0.20188,0.11134
-0.2687,0.082882,0.53947
-0.21244,0.15072,0.55851
-0.12584,0.25183,0.68799
-0.14328,0.23549,0.8178
-0.13024,0.24119,0.91213
-0.11028,0.26854,0.99213
-0.19904,0.18986,0.071547
-0.15454,0.23262,0.11659
-0.24822,0.11211,0.54895
-0.16386,0.22098,0.53924
-0.15357,0.23434,0.77975
-0.15283,0.23582,0.88533
-0.14382,0.25499,0.97085
-0.20421,0.19364,0.051259
-0.18009,0.22497,0.11456
-0.27109,0.10697,0.53762
-0.21451,0.18037,0.55725
-0.17193,0.23478,0.75523
-0.17832,0.23157,0.86883
-0.15699,0.24486,0.94618
-0.20972,0.20123,0.038672
-0.18986,0.22794,0.10864
-0.25762,0.13652,0.54376
-0.17825,0.23118,0.53666
-0.17797,0.23161,0.79136
-0.18105,0.23383,0.89572
-0.16096,0.26097,0.98056
-0.21586,0.20968,0.055921
-0.17699,0.25734,0.092641
-0.24164,0.17171,0.55041
-0.20251,0.23318,0.739
-0.20145,0.22899,0.8426
-0.19119,0.23989,0.93627
-0.15324,0.28275,0.99446
-0.21285,0.23361,0.08183
-0.28189,0.14057,0.53154
-0.20658,0.22962,0.53924
-0.21206,0.22781,0.79545
-0.2055,0.2303,0.88856
-0.18801,0.25336,0.96882
-0.2299,0.229,0.049993
-0.17773,0.27711,0.084753
-0.24032,0.2009,0.54074
-0.23339,0.22543,0.78112
-0.22535,0.22677,0.87682
-0.2096,0.24965,0.95958
-0.23569,0.23698,0.0354
-0.19233,0.28411,0.070505
-0.22231,0.24783,0.68872
-0.23743,0.22535,0.8083
-0.23526,0.23378,0.89998
-0.21374,0.26384,0.97788
-0.23303,0.24647,0.075634
-0.23768,0.24147,0.7165
-0.24924,0.23114,0.83203
-0.24274,0.24395,0.91854
-0.2102,0.27711,0.98112
-0.2593,0.23607,0.78755
-0.25841,0.23712,0.87708
-0.23905,0.26331,0.95835
-0.26098,0.24839,0.73369
-0.26317,0.23797,0.84025
-0.25388,0.25604,0.93184
-0.26455,0.25425,0.718
-0.27622,0.24436,0.82853
-0.26595,0.25608,0.91586
-0.2612,0.27912,0.70578
-0.28053,0.2553,0.81632
-0.26791,0.26286,0.91076
-0.25898,0.29861,0.69984
-0.28115,0.27426,0.82349
-0.26733,0.28541,0.91505
-0.28088,0.28427,0.77507
-0.28153,0.28585,0.86293
-0.28212,0.30384,0.77812
-0.33745,-0.06707,0.072851
-0.312,-0.056932,0.5265
-0.29236,-0.17504,0.54105
-0.30222,-0.062833,0.53175
-0.28049,-0.22263,0.50271
-0.28134,-0.16622,0.54833
-0.29604,-0.029109,0.53279
-0.28116,-0.091,0.1132
-0.27231,-0.20284,0.53818
-0.27638,-0.11044,0.54749
-0.2898,0.041222,0.53152
-0.26935,-0.075034,0.11692
-0.26317,-0.18863,0.54967
-0.26896,-0.071593,0.5489
-0.28315,0.057472,0.53383
-0.26009,-0.098677,0.11727
-0.24756,-0.22194,0.54285
-0.26208,-0.13546,0.55613
-0.26641,-0.0026171,0.54595
-0.28264,0.1453,0.53107
-0.24333,-0.23914,0.50563
-0.24625,-0.19739,0.55429
-0.24894,-0.087124,0.55983
-0.27065,0.07101,0.53923
-0.27956,0.246,0.83487
-0.23033,-0.24195,0.50049
-0.23103,-0.20478,0.5554
-0.24484,-0.098568,0.56211
-0.25552,0.042699,0.54856
-0.26286,0.1814,0.53637
-0.26768,0.24018,0.85733
-0.23482,-0.098424,0.10872
-0.22231,-0.24324,0.52599
-0.22256,-0.18023,0.56565
-0.24019,-0.054783,0.55583
-0.24446,0.067751,0.55253
-0.25783,0.25089,0.71826
-0.26333,0.23804,0.83247
-0.25774,0.25348,0.92336
-0.20803,-0.24437,0.49695
-0.21336,-0.20778,0.55298
-0.22432,-0.11472,0.5622
-0.23696,0.029044,0.55438
-0.24257,0.15228,0.55096
-0.2448,0.22896,0.79322
-0.25027,0.23739,0.88927
-0.21263,-0.092199,0.12066
-0.20105,-0.24526,0.50415
-0.20479,-0.19749,0.55696
-0.2095,-0.099333,0.55867
-0.224,0.036778,0.55304
-0.22929,0.16107,0.55743
-0.23467,0.22528,0.79391
-0.24127,0.23497,0.89496
-0.24782,0.30524,0.9548
-0.22814,0.22658,0.02502
-0.19544,-0.22891,0.54259
-0.19524,-0.14463,0.56296
-0.21059,-0.021259,0.55095
-0.21253,0.10733,0.55423
-0.22571,0.23588,0.71545
-0.22931,0.22588,0.82531
-0.22866,0.23999,0.92482
-0.19421,-0.086991,0.11545
-0.21922,0.21705,0.071304
-0.18659,-0.21649,0.54749
-0.1891,-0.1106,0.55813
-0.19775,0.0089282,0.54974
-0.20413,0.13484,0.55592
-0.21532,0.23378,0.72092
-0.21561,0.22741,0.83659
-0.21915,0.23907,0.93196
-0.18727,-0.085042,0.11795
-0.19889,0.18884,0.071211
-0.17458,-0.22614,0.5425
-0.1818,-0.14375,0.56121
-0.19112,-0.015562,0.549
-0.19707,0.1051,0.55223
-0.20235,0.23925,0.70061
-0.20079,0.22907,0.81431
-0.20466,0.23578,0.92334
-0.20683,0.29748,0.98306
-0.19336,0.17871,0.022937
-0.16721,-0.24927,0.51889
-0.169,-0.19023,0.55792
-0.17773,-0.07031,0.55164
-0.17986,0.049905,0.54832
-0.19124,0.1668,0.55751
-0.19266,0.23263,0.75379
-0.19761,0.22942,0.86988
-0.19642,0.24857,0.96132
-0.16904,-0.073972,0.13893
-0.17545,0.18896,0.078283
-0.16155,-0.21936,0.54467
-0.1587,-0.11602,0.55539
-0.16586,0.0078115,0.54648
-0.18171,0.12932,0.55264
-0.18342,0.24033,0.70746
-0.18688,0.23062,0.82732
-0.18328,0.23881,0.92953
-0.15482,-0.075855,0.10405
-0.17057,0.18247,0.046793
-0.15143,-0.24606,0.53231
-0.15225,-0.17119,0.56052
-0.15758,-0.042312,0.54591
-0.1654,0.086969,0.54724
-0.17424,0.25163,0.67777
-0.17668,0.23176,0.78592
-0.17534,0.23515,0.90177
-0.16929,0.26329,0.98435
-0.15986,0.19025,0.023099
-0.1377,-0.25285,0.52793
-0.14344,-0.17952,0.56033
-0.14252,-0.048777,0.54526
-0.15766,0.077507,0.54624
-0.16534,0.20717,0.54423
-0.16668,0.23303,0.77603
-0.16568,0.23397,0.88167
-0.16389,0.25667,0.97377
-0.13674,-0.054258,0.1474
-0.12972,-0.25307,0.4966
-0.13282,-0.20441,0.54944
-0.13955,-0.086212,0.54983
-0.14256,0.033163,0.54415
-0.1504,0.15184,0.55104
-0.14599,0.23897,0.74965
-0.14757,0.23501,0.85126
-0.15563,0.2458,0.94915
-0.13025,-0.068984,0.12578
-0.13429,0.14477,0.10724
-0.12282,-0.22406,0.54019
-0.12105,-0.13552,0.55285
-0.13399,-0.0056641,0.54329
-0.13991,0.11844,0.54697
-0.13729,0.25146,0.68931
-0.14204,0.23562,0.81431
-0.14497,0.2395,0.91042
-0.14062,0.2833,0.99698
-0.11795,-0.03293,0.15302
-0.10654,-0.2447,0.53011
-0.11554,-0.17454,0.55636
-0.11586,-0.039561,0.54148
-0.12592,0.086809,0.54284
-0.13315,0.26318,0.67055
-0.12435,0.23569,0.79965
-0.13373,0.24021,0.90549
-0.13596,0.27082,0.9959
-0.11354,-0.038156,0.15362
-0.10406,-0.25593,0.49758
-0.10119,-0.20931,0.54532
-0.10369,-0.11122,0.5481
-0.11095,0.030829,0.54099
-0.11357,0.14921,0.54654
-0.12445,0.24429,0.71603
-0.12027,0.23569,0.83935
-0.11864,0.24501,0.93794
-0.10258,-0.061154,0.11434
-0.10168,-0.0093648,0.15826
-0.094548,-0.25757,0.52003
-0.091314,-0.19111,0.55285
-0.094626,-0.059612,0.54144
-0.10104,0.064046,0.54
-0.10902,0.18121,0.5489
-0.11313,0.23987,0.74756
-0.10335,0.23569,0.86674
-0.10759,0.25188,0.96251
-0.090085,-0.057693,0.13815
-0.098018,0.090377,0.12769
-0.085107,-0.24097,0.53095
-0.082193,-0.17393,0.55362
-0.084618,-0.030595,0.53927
-0.095876,0.090523,0.53981
-0.096379,0.22908,0.53153
-0.094582,0.23569,0.78243
-0.099836,0.23932,0.89883
-0.096787,0.26604,0.98817
-0.074444,-0.053311,0.14869
-0.083943,0.069286,0.13285
-0.070184,-0.24967,0.52713
-0.076279,-0.186,0.55491
-0.080823,-0.045376,0.53981
-0.078046,0.081579,0.53927
-0.080969,0.22269,0.53268
-0.091137,0.23621,0.77377
-0.089242,0.23672,0.88019
-0.084037,0.26253,0.98259
-0.066457,-0.049782,0.16309
-0.073169,0.053058,0.15498
-0.065197,-0.24674,0.52842
-0.070873,-0.16467,0.55262
-0.065408,-0.027652,0.53927
-0.075731,0.090806,0.53952
-0.076347,0.24133,0.52586
-0.076802,0.23569,0.78303
-0.076259,0.23754,0.88607
-0.073715,0.26158,0.98109
-0.054115,-0.047623,0.16549
-0.060782,0.056122,0.1621
-0.05068,-0.23912,0.53176
-0.053612,-0.15256,0.55132
-0.063749,-0.018481,0.53927
-0.057439,0.10329,0.54031
-0.065431,0.26312,0.67063
-0.06095,0.23569,0.80168
-0.068484,0.23946,0.89982
-0.070334,0.26757,0.9906
-0.051499,-0.02809,0.1679
-0.05243,0.094159,0.15615
-0.047512,-0.21648,0.54171
-0.047097,-0.11511,0.5473
-0.046941,0.013252,0.53927
-0.050116,0.13779,0.5425
-0.052173,0.24598,0.70892
-0.056281,0.23569,0.81629
-0.052395,0.24286,0.92411
-0.0497,0.29756,1
-0.034807,-0.017362,0.17786
-0.041027,-0.25702,0.4942
-0.039315,-0.21542,0.54217
-0.040853,-0.1086,0.5466
-0.043292,0.029375,0.53927
-0.041403,0.14715,0.54309
-0.043945,0.33916,0.50501
-0.040743,0.2444,0.71523
-0.037968,0.23569,0.83883
-0.046278,0.24431,0.93443
-0.027354,-0.070959,0.15245
-0.03348,-0.020566,0.20161
-0.031021,-0.25754,0.51519
-0.03196,-0.19315,0.55195
-0.028136,-0.072261,0.5427
-0.030157,0.052263,0.53927
-0.034335,0.17357,0.54477
-0.032392,0.34419,0.52104
-0.029163,0.24641,0.70738
-0.027291,0.23569,0.81874
-0.027773,0.24346,0.92842
-0.029672,0.30528,1
-0.015638,-0.082915,0.16215
-0.015477,-0.035959,0.21901
-0.015864,-0.25756,0.51626
-0.016114,-0.19515,0.55107
-0.019236,-0.071266,0.54259
-0.018457,0.046798,0.53927
-0.016856,0.16722,0.54437
-0.025984,0.3433,0.51821
-0.022318,0.24875,0.699
-0.016119,0.23569,0.81872
-0.021421,0.24354,0.92897
-0.021494,0.29757,1
-0.008259,-0.084298,0.16183
-0.0096425,-0.038376,0.21713
-0.0085824,-0.2574,0.50971
-0.012073,-0.19426,0.55146
-0.0061223,-0.080442,0.54358
-0.0059681,0.058997,0.53927
-0.012745,0.18111,0.54525
-0.012853,0.34405,0.52059
-0.01523,0.24537,0.71109
-0.006976,0.23569,0.82804
-0.016103,0.24371,0.93014
-0.013685,0.29869,1
0.0033216,-0.08153,0.16247
0.0022482,-0.040843,0.21606
-0.0029739,-0.25767,0.52059
0.0044051,-0.19955,0.54914
-0.0019807,-0.075656,0.54306
-0.001196,0.055612,0.53927
0.00044608,0.17536,0.54488
-0.001235,0.34357,0.51905
-0.0047667,0.24755,0.7033
-0.0053803,0.23569,0.82529
0.0027663,0.24259,0.92216
0.004759,0.30257,1
0.013332,-0.085942,0.16146
0.014277,-0.03586,0.20971
0.0082064,-0.25752,0.51438
0.0087236,-0.19399,0.55158
0.011304,-0.068277,0.54227
0.0066239,0.054931,0.53927
0.009906,0.16807,0.54442
0.012036,0.34527,0.52526
0.01136,0.24672,0.70625
0.01091,0.23569,0.82489
0.00976,0.24261,0.92234
0.0058635,0.29063,1
0.018704,-0.091703,0.16013
0.021047,-0.033056,0.20433
0.020939,-0.25725,0.50323
0.020394,-0.20509,0.54671
0.015733,-0.081804,0.54372
0.020771,0.034672,0.53927
0.017724,0.16347,0.54413
0.024526,0.34287,0.51684
0.018614,0.25263,0.68514
0.022116,0.23569,0.81377
0.025638,0.24141,0.91372
0.025588,0.27745,1
0.030693,-0.02382,0.19573
0.026461,-0.25731,0.50569
0.027045,-0.20173,0.54818
0.025105,-0.088471,0.54444
0.031266,0.037315,0.53927
0.028393,0.15718,0.54373
0.03852,0.34178,0.51337
0.034456,0.24938,0.69677
0.03576,0.23569,0.81084
0.030095,0.2416,0.91512
0.030783,0.27185,0.99739
0.035485,-0.028185,0.17108
0.042717,0.095925,0.15694
0.037793,-0.21599,0.54192
0.034808,-0.1075,0.54648
0.037477,0.013978,0.53927
0.045946,0.132,0.54213
0.045529,0.33911,0.50486
0.045663,0.24929,0.69708
0.044582,0.23569,0.81614
0.045151,0.24077,0.90912
0.048031,0.28581,1
0.051479,-0.025002,0.16781
0.054788,0.086293,0.1571
0.050389,-0.22658,0.53727
0.045282,-0.12648,0.54852
0.045543,-0.0033307,0.53927
0.047432,0.11873,0.54129
0.057135,0.25025,0.69366
0.053857,0.23569,0.80859
0.049111,0.24195,0.91758
0.055163,0.27478,1
0.061585,-0.0171,0.16616
0.063923,0.11554,0.15042
0.060022,-0.21268,0.54338
0.055526,-0.11245,0.54701
0.064058,0.013093,0.53927
0.067358,0.14563,0.543
0.065968,0.24242,0.72934
0.062502,0.23569,0.84104
0.063271,0.2471,0.9454
0.069387,-0.051286,0.12488
0.072514,0.056251,0.12236
0.06452,-0.25726,0.50401
0.069341,-0.20001,0.54894
0.067993,-0.087712,0.54436
0.070604,0.047379,0.53927
0.073987,0.16183,0.54402
0.070516,0.24037,0.74403
0.07972,0.23569,0.85752
0.076101,0.24829,0.94965
0.078037,-0.053569,0.12616
0.082653,0.0721,0.10923
0.070446,-0.25751,0.514
0.078788,-0.19755,0.55002
0.082519,-0.075916,0.54309
0.086482,0.053238,0.53927
0.081532,0.16454,0.5442
0.089672,0.23798,0.76112
0.085862,0.23613,0.876
0.083705,0.25391,0.96889
0.088533,-0.056434,0.15291
0.088344,0.080698,0.14573
0.08296,-0.24197,0.53052
0.081687,-0.14307,0.5503
0.092717,-0.024674,0.53927
0.08948,0.10699,0.54055
0.10033,0.26421,0.66932
0.096374,0.23569,0.79629
0.094336,0.24032,0.90593
0.10326,0.26899,0.99285
0.09605,-0.034521,0.15739
0.093892,-0.2572,0.50134
0.094836,-0.20089,0.54855
0.098289,-0.097672,0.54559
0.10126,0.035555,0.5397
0.10985,0.1618,0.54679
0.11213,0.24206,0.73197
0.10414,0.23569,0.84486
0.11312,0.2474,0.9465
0.10332,-0.060191,0.11638
0.11467,0.12186,0.11125
0.1056,-0.23198,0.53544
0.10753,-0.14387,0.55169
0.10696,-0.020184,0.54027
0.11323,0.10623,0.54265
0.12297,0.26077,0.67342
0.1208,0.23569,0.80416
0.11466,0.24034,0.90609
0.1179,0.27133,0.99657
0.12255,-0.038121,0.15134
0.1098,-0.24454,0.53018
0.11655,-0.17119,0.55573
0.11933,-0.037635,0.5415
0.12124,0.08097,0.54188
0.13435,0.21866,0.53771
0.12844,0.23569,0.79319
0.12963,0.23847,0.89275
0.12792,0.26282,0.98305
0.12624,-0.05166,0.14957
0.11774,-0.25524,0.51789
0.11817,-0.19532,0.55232
0.12504,-0.078474,0.54682
0.12832,0.050626,0.5424
0.1385,0.17268,0.55126
0.1378,0.24115,0.73846
0.13966,0.23569,0.85283
0.13661,0.24919,0.95506
0.14009,-0.069887,0.11949
0.15166,0.19516,0.046845
0.13371,-0.22978,0.53816
0.13144,-0.15139,0.55544
0.13898,-0.020395,0.54347
0.14608,0.10848,0.54649
0.15353,0.24902,0.69275
0.15031,0.23506,0.80451
0.14743,0.24085,0.92164
0.15748,0.29347,0.99426
0.14671,-0.024449,0.14702
0.1409,-0.25258,0.51707
0.14441,-0.19104,0.55583
0.14351,-0.080011,0.54919
0.15228,0.045244,0.54484
0.15636,0.1776,0.55383
0.16421,0.23421,0.77122
0.16567,0.23335,0.87057
0.16583,0.25643,0.97338
0.15289,-0.065513,0.14275
0.16782,0.19114,0.076405
0.14748,-0.21932,0.54361
0.15587,-0.13145,0.5563
0.1639,0.0071335,0.54596
0.16628,0.1209,0.54974
0.17831,0.24039,0.71242
0.17146,0.2327,0.82462
0.17464,0.23871,0.92402
0.16668,-0.076836,0.10561
0.17642,0.17717,0.064693
0.15878,-0.24256,0.53411
0.15602,-0.17201,0.56068
0.1685,-0.032672,0.54642
0.17086,0.091899,0.54789
0.18617,0.25553,0.67139
0.17972,0.23178,0.79904
0.18719,0.23406,0.90068
0.18774,0.26498,0.98724
0.17344,-0.035179,0.14041
0.16623,-0.24953,0.50685
0.17006,-0.19776,0.55448
0.17868,-0.098465,0.55516
0.17913,0.036935,0.5477
0.19443,0.16508,0.55734
0.19271,0.2338,0.74644
0.19213,0.23039,0.85654
0.19694,0.24807,0.96049
0.18158,-0.078705,0.13554
0.20755,0.20813,0.06592
0.17978,-0.21573,0.54719
0.18263,-0.10509,0.55643
0.19251,0.0093636,0.54882
0.20055,0.12789,0.55441
0.20461,0.23538,0.72232
0.20789,0.22863,0.84258
0.20271,0.24015,0.93973
0.19753,-0.084958,0.10442
0.2142,0.2173,0.044341
0.18085,-0.22494,0.54322
0.18647,-0.14803,0.56185
0.20426,-0.009318,0.55
0.20803,0.11092,0.55364
0.21542,0.23613,0.7091
0.20971,0.22843,0.82516
0.21757,0.23611,0.92751
0.2016,-0.086047,0.10861
0.19077,-0.24676,0.5044
0.19684,-0.19974,0.55528
0.20434,-0.095837,0.55737
0.2078,0.029601,0.55079
0.21914,0.15447,0.55931
0.22203,0.22882,0.76171
0.22966,0.2262,0.86771
0.22895,0.25472,0.95506
0.19823,-0.24578,0.49484
0.20896,-0.21013,0.55147
0.21388,-0.10537,0.55959
0.22369,0.022864,0.55246
0.22772,0.14461,0.55938
0.24059,0.22541,0.77716
0.23398,0.22659,0.87935
0.23888,0.27506,0.96403
0.22977,-0.057313,0.12652
0.21231,-0.21017,0.55166
0.21984,-0.10823,0.56057
0.22972,0.018262,0.55307
0.24191,0.1499,0.55295
0.25221,0.23137,0.77611
0.24248,0.23067,0.88548
0.24758,0.28926,0.95728
0.22358,-0.2435,0.52838
0.22812,-0.18003,0.56589
0.24062,-0.056768,0.55581
0.24763,0.070187,0.5524
0.25944,0.2488,0.72323
0.25595,0.23285,0.85063
0.26339,0.274,0.93011
0.24328,-0.063262,0.12314
0.23513,-0.21258,0.55203
0.24151,-0.12224,0.56459
0.25238,0.010427,0.55376
0.26301,0.15464,0.5423
0.27483,0.24211,0.84
0.25381,-0.10134,0.09061
0.24164,-0.24108,0.52527
0.24642,-0.17908,0.56385
0.25809,-0.053497,0.55486
0.26702,0.081494,0.542
0.27622,0.24279,0.81637
0.26045,-0.080623,0.11816
0.25021,-0.21661,0.54547
0.25932,-0.12074,0.55824
0.27292,0.020106,0.54288
0.27469,-0.10527,0.10197
0.2598,-0.23147,0.52488
0.2666,-0.15271,0.55651
0.27694,-0.034315,0.54428
0.28631,0.11554,0.53144
0.26457,-0.23326,0.51355
0.27708,-0.17184,0.5517
0.29017,-0.030232,0.53741
0.29377,-0.10598,0.092641
0.28392,-0.1986,0.53179
0.293,-0.09624,0.53995
0.30128,0.037307,0.52763
0.28534,-0.2045,0.52261
0.30031,-0.11999,0.5377
0.30418,-0.10549,0.091925
0.30812,-0.10338,0.53281
0.33343,-0.072912,0.074172
0.28535,0.30417,0.83771
0.27587,0.28796,0.74166
0.28442,0.2758,0.85568
0.25871,0.29685,0.69299
0.28419,0.26888,0.81219
0.2736,0.28015,0.90527
0.27775,0.25557,0.75375
0.28337,0.24629,0.85581
0.26227,0.27459,0.93233
0.27109,0.24561,0.75713
0.274,0.2417,0.8555
0.25738,0.26247,0.94101
0.26325,0.24892,0.7299
0.27217,0.2408,0.83347
0.25688,0.25187,0.92411
0.21497,0.3022,0.98032
0.25875,0.23422,0.78661
0.25251,0.23543,0.88502
0.23474,0.25961,0.95833
0.23692,0.24857,0.058277
0.23772,0.23823,0.72295
0.24744,0.22868,0.83286
0.2356,0.23923,0.91957
0.20774,0.27899,0.9842
0.20612,0.25827,0.082462
0.21269,0.25656,0.66835
0.24231,0.22617,0.79836
0.23832,0.22971,0.88856
0.21138,0.25346,0.96676
0.22097,0.22661,0.051177
0.29136,0.14508,0.52231
0.23337,0.21382,0.54125
0.22739,0.22646,0.78198
0.2181,0.22803,0.87767
0.209,0.24817,0.96021
0.21862,0.22338,0.038729
0.17799,0.27112,0.088603
0.25266,0.17755,0.54445
0.20362,0.23418,0.73222
0.21519,0.22782,0.83819
0.20661,0.23991,0.93987
0.16514,0.29427,0.99272
0.19865,0.23292,0.085555
0.28083,0.13235,0.53384
0.22379,0.20462,0.5491
0.19883,0.22976,0.77646
0.19764,0.23055,0.87974
0.17584,0.24552,0.95287
0.20457,0.20403,0.044063
0.18001,0.24325,0.092641
0.25616,0.14092,0.54601
0.17381,0.24336,0.7013
0.18458,0.23123,0.81694
0.18362,0.23608,0.91225
0.1535,0.26414,0.98546
0.19455,0.19744,0.073154
0.3019,0.078166,0.52477
0.24423,0.13779,0.55203
0.16496,0.24184,0.71406
0.1757,0.23222,0.8205
0.1621,0.23797,0.91057
0.14021,0.26613,0.98845
0.19052,0.19176,0.073099
0.30635,0.050397,0.52428
0.26067,0.1108,0.54436
0.17173,0.20875,0.5439
0.15637,0.23438,0.77943
0.16007,0.23507,0.88267
0.13314,0.25184,0.96359
0.18931,0.18303,0.049671
0.1685,0.20553,0.10938
0.27828,0.074352,0.53682
0.22186,0.14063,0.55827
0.040557,0.34527,0.5425
0.14459,0.2371,0.76737
0.13854,0.23569,0.86785
0.13391,0.25023,0.95803
0.17737,0.17648,0.031678
0.16278,0.19666,0.1072
0.28904,0.054082,0.5327
0.22605,0.10971,0.55572
0.13982,0.22615,0.53545
0.030545,0.34527,0.57081
0.12662,0.23569,0.78852
0.12559,0.2369,0.88151
0.10396,0.25445,0.96975
0.14986,0.19647,0.053876
0.31159,0.004806,0.52451
0.25515,0.060477,0.54925
0.1824,0.14844,0.55422
0.032375,0.33528,0.49917
0.087159,0.27291,0.65896
0.10858,0.23569,0.80071
0.10856,0.23888,0.89565
0.088491,0.26487,0.9863
0.13675,0.1993,0.125
0.26883,0.043118,0.54349
0.20658,0.10704,0.55309
0.10436,0.22111,0.53469
0.016142,0.34372,0.51952
0.095729,0.24296,0.72549
0.098884,0.23569,0.82668
0.092404,0.24321,0.92663
0.054689,0.28793,1
0.30593,-0.022006,0.52901
0.2545,0.034384,0.5512
0.17749,0.12899,0.5517
0.038056,0.2968,0.47643
-0.013538,0.34527,0.52489
0.085746,0.24124,0.73777
0.087881,0.23569,0.84516
0.078358,0.24676,0.94418
0.027829,0.29827,1
0.31523,-0.040264,0.52551
0.2619,0.019267,0.54845
0.19551,0.097398,0.55108
0.097194,0.21389,0.53673
-0.018296,0.33873,0.50367
0.055286,0.24708,0.70497
0.069411,0.23569,0.81493
0.07287,0.24179,0.91648
0.039673,0.27634,1
0.31179,-0.054394,0.52806
0.26195,0.0036887,0.5494
0.18891,0.091494,0.54986
0.10344,0.18396,0.54778
-0.026481,0.33122,0.49528
0.024136,0.27562,0.65573
0.053326,0.23569,0.80049
0.060889,0.24043,0.90672
0.029305,0.26482,0.98623
0.11066,0.16564,0.13478
0.27217,-0.030317,0.54641
0.19734,0.059929,0.55005
0.12416,0.14599,0.5471
-0.019915,0.30931,0.47949
-0.045238,0.34527,0.58426
0.043475,0.23569,0.79232
0.042268,0.23894,0.8961
0.019616,0.25897,0.97693
0.10953,0.14182,0.13937
0.28061,-0.05449,0.54366
0.21935,0.019447,0.55193
0.1418,0.11572,0.5466
0.04759,0.22086,0.53311
0.021113,0.24303,0.72503
0.03113,0.23569,0.84112
0.025977,0.24554,0.93985
-0.019482,0.28619,1
0.31077,-0.10104,0.52333
0.26369,-0.042748,0.55142
0.18422,0.044986,0.54838
0.10528,0.12705,0.54346
-0.041057,0.29815,0.47663
0.014378,0.23569,0.7896
0.01035,0.23777,0.88773
0.0013323,0.26018,0.97885
0.1099,0.11423,0.14353
0.30151,-0.09176,0.53542
0.23155,-0.024764,0.55273
0.16454,0.057131,0.54636
0.074643,0.1592,0.54386
-0.012891,0.24894,0.69833
0.0097529,0.23569,0.82494
-0.00081852,0.24121,0.91229
-0.027664,0.27317,0.99949
0.094369,0.11686,0.14606
0.27254,-0.074003,0.54885
0.19394,0.0084196,0.54896
0.11755,0.094821,0.54221
0.031716,0.19521,0.54219
-0.013676,0.23957,0.74974
-0.011822,0.23569,0.85935
-0.016127,0.24875,0.95131
0.1005,0.099862,0.10662
0.30559,-0.12754,0.53551
0.25587,-0.074776,0.55724
0.17207,0.01428,0.54678
0.093155,0.10804,0.54061
0.0076666,0.19596,0.54192
-0.026721,0.23888,0.75464
-0.026889,0.23569,0.86933
-0.038927,0.2505,0.95757
0.093995,0.08967,0.11797
0.30672,-0.14307,0.53587
0.25096,-0.086627,0.5604
0.16955,0.0089901,0.54653
0.079423,0.10143,0.5402
0.0012483,0.1894,0.54425
-0.045264,0.24087,0.74042
-0.040188,0.23569,0.86319
-0.053767,0.25061,0.95795
0.09025,0.083881,0.11341
0.30492,-0.15481,0.53385
0.25629,-0.10491,0.55882
0.17267,-0.018103,0.54684
0.083765,0.082973,0.53927
0.010967,0.16376,0.54415
-0.059316,0.24197,0.73259
-0.053891,0.23569,0.83908
-0.071858,0.24396,0.93193
-0.11694,0.30508,1
0.30084,-0.1567,0.51244
0.26406,-0.12574,0.55617
0.18278,-0.036253,0.54785
0.10751,0.045595,0.54032
0.028863,0.13999,0.54264
-0.074866,0.2504,0.69312
-0.071314,0.23569,0.81261
-0.068916,0.24112,0.91169
-0.098389,0.27326,0.99963
0.076025,0.062277,0.1587
0.28833,-0.1692,0.54662
0.24018,-0.10619,0.56233
0.14966,-0.019153,0.54454
0.066937,0.072967,0.53927
-0.028659,0.1725,0.5447
-0.093867,0.24345,0.72204
-0.083319,0.23569,0.83964
-0.094455,0.24458,0.93642
-0.14713,0.30474,0.99568
0.073154,0.057006,0.15786
0.28684,-0.17537,0.54527
0.23908,-0.12078,0.56416
0.13932,-0.021298,0.5435
0.06171,0.058212,0.53927
-0.018866,0.15742,0.54375
-0.10637,0.24424,0.71636
-0.092012,0.23569,0.83505
-0.097704,0.24426,0.93409
-0.15312,0.30303,0.99449
0.062484,0.040547,0.13917
0.28581,-0.19056,0.539
0.24881,-0.14206,0.56477
0.1657,-0.056786,0.54832
0.076891,0.031661,0.53927
-0.010355,0.12627,0.54177
-0.1167,0.23634,0.53041
-0.11597,0.23569,0.78718
-0.11387,0.23952,0.90021
-0.14453,0.26275,0.98317
0.12371,-0.027953,0.1518
0.060121,0.036969,0.16556
0.27316,-0.18573,0.54756
0.21651,-0.11913,0.56168
0.1267,-0.02573,0.54224
0.041673,0.059818,0.53927
-0.04267,0.14232,0.54279
-0.14826,0.2549,0.67905
-0.12988,0.23569,0.79986
-0.13135,0.241,0.9108
-0.16569,0.26724,0.99059
0.10177,-0.015699,0.15747
0.29113,-0.21331,0.50357
0.2596,-0.18303,0.55553
0.19187,-0.11271,0.55837
0.097098,-0.01504,0.53928
0.022675,0.06881,0.53927
-0.063671,0.15976,0.54389
-0.1471,0.24302,0.71964
-0.14376,0.23543,0.83704
-0.14511,0.2437,0.93848
0.14131,-0.070304,0.14497
0.083301,-0.01013,0.16191
0.27484,-0.21453,0.52484
0.24018,-0.17482,0.56884
0.15454,-0.091125,0.55177
0.069076,0.0025653,0.53927
-0.013177,0.089897,0.53946
-0.10108,0.17963,0.54777
-0.15659,0.23944,0.73613
-0.15914,0.23371,0.85116
-0.17078,0.24378,0.94614
0.11898,-0.064402,0.15025
0.060697,-0.0097804,0.16688
0.26925,-0.2118,0.53589
0.21547,-0.16577,0.56732
0.12708,-0.077207,0.54693
0.040589,0.020055,0.53927
-0.042874,0.10371,0.54034
-0.13346,0.19317,0.5469
-0.16879,0.23356,0.76928
-0.172,0.23325,0.88149
-0.19439,0.25131,0.96564
0.088482,-0.049224,0.158
0.26937,-0.23139,0.49705
0.24307,-0.20666,0.55341
0.18508,-0.13762,0.56056
0.092839,-0.042761,0.53953
-0.00077908,0.03355,0.53927
-0.08892,0.13326,0.5425
-0.17587,0.2226,0.53952
-0.18532,0.23079,0.7897
-0.18874,0.23397,0.90335
0.082066,-0.054555,0.10645
0.051088,-0.025179,0.16788
0.25392,-0.23365,0.53034
0.20977,-0.181,0.56432
0.13163,-0.10682,0.55067
0.038866,-0.011093,0.53927
-0.04818,0.080955,0.53927
-0.13221,0.16213,0.54984
-0.21015,0.23267,0.73594
-0.19579,0.22962,0.8526
-0.21203,0.24504,0.94997
0.048945,-0.035821,0.1676
0.24847,-0.23883,0.52641
0.20549,-0.1883,0.56085
0.12218,-0.11129,0.54999
0.029762,-0.017896,0.53927
-0.052231,0.070364,0.53927
-0.1312,0.15471,0.54898
-0.21657,0.2297,0.75612
-0.21042,0.22799,0.86973
0.049101,-0.04593,0.12139
0.02866,-0.02873,0.18658
0.22779,-0.22501,0.54611
0.17073,-0.16825,0.56208
0.07022,-0.070226,0.54248
-0.0064187,0.0086408,0.53927
-0.097063,0.10615,0.54121
-0.18249,0.18094,0.55475
-0.22703,0.22614,0.81566
-0.23807,0.23987,0.91343
0.019338,-0.036888,0.17274
0.22984,-0.24293,0.53648
0.17631,-0.1832,0.56127
0.092706,-0.10522,0.54624
0.006104,-0.011662,0.53927
-0.087783,0.080219,0.53927
-0.17351,0.15115,0.5538
-0.23267,0.22551,0.82507
-0.26159,0.25192,0.91491
0.013664,-0.036114,0.18831
0.21599,-0.23602,0.54054
0.15656,-0.18242,0.56038
0.062553,-0.094121,0.54505
-0.029159,-0.0010643,0.53927
-0.11127,0.087555,0.54127
-0.19515,0.16724,0.55803
0.026398,-0.07472,0.1409
-0.0010979,-0.041915,0.19871
0.19768,-0.23288,0.54078
0.12996,-0.16235,0.55643
0.038146,-0.088023,0.54439
-0.04627,0.009264,0.53927
-0.13975,0.086208,0.54437
-0.23544,0.19374,0.54572
0.0074843,-0.0569,0.16813
0.19775,-0.2462,0.51776
0.1492,-0.2033,0.55075
0.070403,-0.12107,0.54794
-0.017373,-0.040846,0.53932
-0.11345,0.052644,0.54124
-0.19221,0.13477,0.55446
0.016213,-0.084264,0.16184
-0.050761,-0.020704,0.16859
0.16935,-0.23146,0.53964
0.10245,-0.16092,0.55289
0.0075598,-0.074364,0.54292
-0.076402,0.0075251,0.53927
-0.16193,0.090988,0.54718
0.024799,-0.11445,0.1272
-0.010822,-0.069992,0.16512
0.17399,-0.24868,0.50792
0.13227,-0.2078,0.54772
0.055909,-0.14249,0.55024
-0.034609,-0.054896,0.54083
-0.12539,0.034024,0.54243
-0.20189,0.1136,0.55355
0.016094,-0.10647,0.15674
-0.061285,-0.03887,0.165
0.16159,-0.24882,0.53153
0.10568,-0.19225,0.55289
0.017644,-0.11451,0.54724
-0.073718,-0.025869,0.53927
-0.16409,0.062372,0.54674
-0.27819,0.17117,0.53233
-0.0069661,-0.10418,0.15726
-0.078836,-0.031515,0.16168
0.13109,-0.23481,0.53578
0.071986,-0.17172,0.55338
-0.016319,-0.08862,0.54445
-0.11197,-0.0023946,0.54109
-0.20192,0.075312,0.55113
0.023887,-0.13786,0.13078
-0.078801,-0.054427,0.10617
0.1444,-0.25186,0.50097
0.097091,-0.22179,0.53938
0.03059,-0.15842,0.55195
-0.060423,-0.0696,0.54241
-0.15166,0.012612,0.54506
-0.24349,0.10987,0.55136
-0.007971,-0.13092,0.15111
-0.10201,-0.037206,0.15621
0.11035,-0.23742,0.53334
0.037433,-0.1711,0.55331
-0.049143,-0.088936,0.54449
-0.13488,-0.0037572,0.54338
-0.2317,0.080529,0.55451
-0.012977,-0.13567,0.15002
-0.11934,-0.039549,0.15225
0.090942,-0.2305,0.53555
0.022759,-0.16755,0.55293
-0.071348,-0.078806,0.5434
-0.16775,0.0061446,0.54667
-0.27656,0.097735,0.53507
-0.11201,-0.063827,0.11985
0.098212,-0.25715,0.50504
0.046599,-0.21159,0.54385
-0.02378,-0.13766,0.54972
-0.11333,-0.058465,0.54362
-0.20649,0.023627,0.55092
-0.0054034,-0.17043,0.14203
-0.13201,-0.054255,0.14843
0.074577,-0.24454,0.52938
0.0097897,-0.19282,0.5521
-0.080626,-0.10292,0.54599
-0.16714,-0.026854,0.54661
-0.29165,0.091601,0.52765
-0.13247,-0.069614,0.12714
0.072812,-0.25765,0.51974
0.020797,-0.20681,0.54595
-0.069375,-0.13011,0.54891
-0.15501,-0.043806,0.54585
-0.25487,0.039554,0.54909
-0.14423,-0.072966,0.14064
0.045095,-0.24712,0.52825
-0.013712,-0.1876,0.55439
-0.10885,-0.098915,0.54742
-0.2052,-0.018944,0.55041
-0.15406,-0.075659,0.11048
0.038579,-0.25764,0.51946
-0.0034706,-0.20432,0.54705
-0.1025,-0.12547,0.54949
-0.18962,-0.038415,0.54885
-0.019183,-0.21294,0.13225
0.026214,-0.2574,0.50967
-0.021768,-0.20884,0.54506
-0.10338,-0.13647,0.55078
-0.19118,-0.051788,0.55053
-0.17551,-0.08172,0.11536
0.016374,-0.25384,0.5253
-0.04065,-0.20339,0.54746
-0.12886,-0.12839,0.55305
-0.22257,-0.043035,0.55251
-0.19062,-0.086001,0.12352
-0.009747,-0.24391,0.52966
-0.068343,-0.19582,0.55078
-0.15896,-0.115,0.55531
-0.25932,-0.018897,0.55051
-0.22701,-0.06751,0.12671
-0.050525,-0.22246,0.53908
-0.12788,-0.15747,0.55605
-0.22557,-0.070716,0.55648
-0.21464,-0.092735,0.10884
-0.034483,-0.24994,0.52702
-0.094737,-0.19475,0.55131
-0.17647,-0.12619,0.55867
-0.23182,-0.094411,0.029367
-0.23964,-0.088251,0.12248
-0.058071,-0.23208,0.53486
-0.12662,-0.1802,0.55833
-0.21788,-0.10445,0.56019
-0.2312,-0.096337,0.054143
-0.050068,-0.2572,0.50142
-0.10317,-0.20954,0.54534
-0.1781,-0.1532,0.56177
-0.22396,-0.12647,0.028791
-0.25049,-0.10387,0.090841
-0.079959,-0.24275,0.53017
-0.15019,-0.18885,0.55736
-0.23428,-0.1099,0.56255
-0.2359,-0.1291,0.071004
-0.27257,-0.092883,0.11495
-0.11748,-0.22506,0.53942
-0.19532,-0.16283,0.56492
-0.24181,-0.13227,0.040448
-0.26978,-0.10827,0.10371
-0.10582,-0.24471,0.53006
-0.17997,-0.18511,0.56086
-0.28437,-0.098956,0.54281
-0.28372,-0.1109,0.092641
-0.12671,-0.24852,0.52969
-0.19474,-0.19108,0.55915
-0.26111,-0.13854,0.042221
-0.31019,-0.11097,0.085882
-0.16289,-0.2252,0.54219
-0.23489,-0.16441,0.56985
-0.28167,-0.14339,0.071398
-0.1604,-0.24566,0.53305
-0.2225,-0.19337,0.55988
-0.295,-0.14956,0.055431
-0.17478,-0.24087,0.53604
-0.23428,-0.19311,0.56073
-0.18875,-0.24652,0.4973
-0.22898,-0.21105,0.55252
-0.20166,-0.2453,0.51104
-0.26675,-0.19092,0.54688
-0.24259,-0.22681,0.5432
-0.25149,-0.22875,0.53525
