0.3046,-0.30423,0.0033042
0.30246,-0.28399,0.040822
0.4732,-0.06955,0.56005
0.29519,-0.2768,0.038604
0.47813,-0.041312,0.5514
0.42459,-0.1139,0.56331
0.29045,-0.27653,0.080864
0.46543,-0.050617,0.56885
0.38817,-0.14119,0.56707
0.27284,-0.27835,0.099893
0.43429,-0.061892,0.57264
0.36967,-0.15681,0.56745
0.28603,-0.25763,0.55935
0.45344,-0.030276,0.5729
0.38422,-0.11575,0.57162
0.30846,-0.21831,0.56741
0.22241,-0.32072,0.55975
0.44593,-0.027255,0.57326
0.37857,-0.11033,0.57343
0.30136,-0.20544,0.56978
0.23288,-0.30678,0.56241
0.24995,-0.25513,0.10728
0.40586,-0.05569,0.57313
0.34559,-0.14338,0.57343
0.27373,-0.23487,0.56929
0.19021,-0.33192,0.56804
0.25469,-0.24139,0.085584
0.41296,-0.041031,0.57305
0.34635,-0.12084,0.57319
0.27659,-0.20517,0.57335
0.19364,-0.30817,0.57112
0.099244,-0.43061,0.567
0.23226,-0.24466,0.10899
0.39535,-0.048191,0.57252
0.3235,-0.13354,0.57308
0.2468,-0.2273,0.57327
0.16908,-0.33057,0.5717
0.081746,-0.43457,0.56882
0.42314,0.0021854,0.56721
0.35858,-0.074382,0.5694
0.287,-0.17131,0.57309
0.20925,-0.26409,0.57326
0.13324,-0.35362,0.5734
0.23514,-0.22197,0.085762
0.39432,-0.013199,0.5706
0.32918,-0.10191,0.56885
0.26048,-0.18241,0.57233
0.17455,-0.28328,0.57309
0.098356,-0.38998,0.57342
0.22673,-0.21362,0.11044
0.37442,-0.0238,0.57012
0.30687,-0.11632,0.56772
0.23915,-0.19634,0.57015
0.15382,-0.2994,0.57304
0.072252,-0.40445,0.57329
0.40454,0.027966,0.55208
0.35827,-0.027562,0.56902
0.28887,-0.12026,0.57031
0.21994,-0.20864,0.56811
0.1318,-0.30797,0.57141
0.046921,-0.42096,0.5732
0.39799,0.028132,0.56562
0.34,-0.048069,0.56922
0.26363,-0.12995,0.5697
0.19252,-0.22103,0.56949
0.098318,-0.32874,0.56796
0.021914,-0.42645,0.57298
0.39437,0.038164,0.5558
0.33879,-0.03335,0.5678
0.25712,-0.11888,0.56815
0.19108,-0.20498,0.56993
0.10333,-0.31154,0.56925
0.015201,-0.41932,0.56986
0.38868,0.043274,0.55463
0.33367,-0.025744,0.56667
0.25696,-0.1097,0.56732
0.1889,-0.19317,0.56868
0.1066,-0.29558,0.57047
0.011544,-0.41429,0.56785
0.37885,0.052975,0.55504
0.32257,-0.024566,0.56214
0.24841,-0.11313,0.56686
0.17899,-0.19208,0.56771
0.088084,-0.29359,0.56865
0.0025052,-0.39607,0.57015
0.37068,0.050896,0.56279
0.3025,-0.03398,0.56023
0.23971,-0.1099,0.56311
0.15262,-0.19786,0.56345
0.073092,-0.29646,0.56757
-0.0084102,-0.40102,0.56962
0.35986,0.057309,0.56098
0.29349,-0.021779,0.56231
0.23006,-0.10582,0.56033
0.14518,-0.19258,0.56002
0.068319,-0.29284,0.56683
-0.021395,-0.39676,0.56809
0.34867,0.060138,0.5595
0.28446,-0.024516,0.56165
0.21012,-0.099929,0.56176
0.13528,-0.19913,0.56057
0.050064,-0.30018,0.56335
0.15795,-0.14479,0.096218
0.35194,0.072295,0.55833
0.28007,-0.0095604,0.55961
0.21,-0.092935,0.56102
0.1299,-0.18208,0.56197
0.042509,-0.28668,0.56145
0.1567,-0.14406,0.086546
0.34355,0.078021,0.55477
0.27303,-0.0074601,0.55865
0.20337,-0.079482,0.5589
0.13044,-0.17084,0.56084
0.040321,-0.2726,0.56207
0.14679,-0.13448,0.083606
0.34073,0.092335,0.54495
0.27843,0.016659,0.55323
0.21044,-0.065793,0.5582
0.1321,-0.15328,0.55917
0.03766,-0.25301,0.55972
-0.048534,-0.35776,0.56168
0.33446,0.098513,0.54058
0.2759,0.030549,0.55229
0.20898,-0.056158,0.55461
0.13405,-0.1416,0.55814
0.056111,-0.22974,0.55922
-0.046418,-0.33271,0.55926
0.32664,0.10344,0.54926
0.27196,0.03584,0.55389
0.1989,-0.052647,0.55122
0.11561,-0.14776,0.55388
0.028953,-0.23533,0.55426
-0.056264,-0.33613,0.55859
0.32842,0.10768,0.5287
0.27661,0.054507,0.55271
0.20758,-0.028792,0.55384
0.12155,-0.12443,0.55218
0.043173,-0.21064,0.55113
-0.056747,-0.32124,0.55435
0.31968,0.11308,0.53581
0.26495,0.05634,0.55137
0.19234,-0.028047,0.55254
0.11333,-0.11276,0.55311
0.032215,-0.19954,0.55367
-0.062171,-0.30698,0.55238
0.31028,0.12347,0.53226
0.25507,0.064913,0.54954
0.17972,-0.02111,0.5506
0.11185,-0.10346,0.55204
0.027257,-0.19539,0.55277
-0.068126,-0.29513,0.5532
0.30705,0.12676,0.53823
0.23966,0.060456,0.54587
0.17387,-0.02006,0.54992
0.097171,-0.10737,0.55097
0.0054515,-0.20711,0.55177
-0.083976,-0.30756,0.55286
0.29776,0.13154,0.54123
0.22603,0.060664,0.54285
0.1617,-0.018086,0.5461
0.081638,-0.10209,0.5477
-0.0027365,-0.20116,0.55036
-0.10459,-0.30616,0.55067
0.29243,0.14093,0.53046
0.23431,0.080409,0.54479
0.16008,-0.0089028,0.5427
0.083648,-0.089589,0.54346
-0.0085366,-0.18174,0.54344
-0.099867,-0.2795,0.54604
0.28653,0.15094,0.51741
0.2507,0.10341,0.5452
0.16968,0.022491,0.54519
0.090666,-0.059874,0.54536
0.0057826,-0.15668,0.54334
-0.088917,-0.25918,0.54284
0.076505,-0.06413,0.13294
0.24964,0.12476,0.54289
0.17844,0.050132,0.54325
0.10275,-0.029185,0.54362
0.025395,-0.11312,0.5443
-0.070274,-0.21416,0.54485
0.07062,-0.057939,0.12156
0.2435,0.12045,0.5427
0.17304,0.055625,0.54212
0.083668,-0.035288,0.54228
-0.0023328,-0.12854,0.54303
-0.087468,-0.22845,0.54455
0.060609,-0.047816,0.1168
0.24813,0.14808,0.53965
0.17744,0.07243,0.54085
0.098067,-0.011385,0.5413
0.017036,-0.094016,0.54147
-0.078711,-0.20589,0.54313
0.054657,-0.041943,0.1192
0.23356,0.14387,0.53541
0.16868,0.071951,0.53829
0.0886,-0.0023917,0.53594
0.0073096,-0.093638,0.54002
-0.087836,-0.19023,0.54058
0.045643,-0.032826,0.11437
0.24601,0.17006,0.5348
0.16588,0.087489,0.53438
0.094559,0.010958,0.53393
0.010355,-0.076094,0.53421
-0.077478,-0.15999,0.53382
0.043458,-0.031262,0.09592
0.23965,0.18044,0.53626
0.17223,0.10451,0.53624
0.096911,0.023719,0.53528
0.0098627,-0.055883,0.53658
-0.077223,-0.14639,0.53599
-0.17609,-0.24778,0.53555
0.24632,0.19182,0.51288
0.19093,0.1433,0.53513
0.11633,0.065793,0.53541
0.037067,-0.023298,0.53638
-0.0575,-0.11211,0.53581
-0.15483,-0.21457,0.53631
0.02702,-0.020549,0.15887
0.23575,0.19215,0.53368
0.16234,0.11818,0.53479
0.080689,0.036749,0.53477
-0.0030097,-0.048018,0.53487
-0.0867,-0.13726,0.53541
-0.18513,-0.23962,0.5358
0.028577,0.004327,0.19508
0.21235,0.18954,0.53269
0.14793,0.11973,0.53322
0.064765,0.039153,0.53297
-0.02621,-0.051781,0.53296
-0.10547,-0.14289,0.53413
0.087125,0.080322,0.13584
0.027246,0.010423,0.16011
0.22047,0.20983,0.5087
0.16259,0.14892,0.53081
0.085543,0.074656,0.52969
0.01392,-0.0042512,0.53224
-0.082567,-0.098146,0.53158
-0.17359,-0.19669,0.53272
0.055665,0.060434,0.14059
0.02356,0.017272,0.19072
0.20254,0.20862,0.52585
0.13584,0.1402,0.52554
0.06502,0.058674,0.52786
-0.027514,-0.030776,0.52662
-0.12201,-0.11616,0.52581
0.096841,0.1038,0.13297
0.016532,0.028466,0.16332
0.21283,0.22233,0.51607
0.15179,0.16531,0.52717
0.080223,0.091762,0.52682
-0.0080541,0.0054329,0.52716
-0.10155,-0.08152,0.52832
-0.19169,-0.17487,0.52775
-0.0031538,0.028764,0.15417
0.20672,0.22885,0.51504
0.1421,0.16371,0.5284
0.070331,0.098326,0.52779
-0.015158,0.016698,0.52742
-0.10988,-0.078752,0.52749
-0.20609,-0.1745,0.52744
-0.016761,0.029664,0.15939
0.18673,0.22126,0.52716
0.11693,0.1509,0.52722
0.031777,0.078667,0.52598
-0.046325,-0.0036008,0.52638
-0.14641,-0.10237,0.52626
-0.025156,0.037292,0.096298
0.1929,0.24267,0.51776
0.13161,0.17885,0.52595
0.047925,0.10162,0.52534
-0.033596,0.020439,0.5253
-0.12061,-0.06243,0.52491
-0.21545,-0.1576,0.52494
0.17716,0.24178,0.47787
0.15164,0.21234,0.52467
0.068792,0.13826,0.52354
-0.017811,0.051016,0.5238
-0.10251,-0.03133,0.52286
-0.20258,-0.1248,0.52023
-0.0401,0.0452,0.14319
0.14609,0.22669,0.5191
0.063232,0.14992,0.51759
-0.013461,0.069532,0.51815
-0.098124,-0.015814,0.51842
-0.18814,-0.10327,0.51768
-0.046497,0.059225,0.11707
0.16099,0.25048,0.51758
0.0881,0.17784,0.51763
0.011816,0.10609,0.51867
-0.077241,0.021368,0.51966
-0.16781,-0.065344,0.52054
-0.048116,0.060659,0.10386
0.16641,0.27233,0.50179
0.10881,0.20868,0.51994
0.036081,0.13915,0.52067
-0.053827,0.054926,0.52122
-0.14994,-0.036571,0.521
-0.24414,-0.12808,0.52087
-0.058732,0.061699,0.14049
0.12704,0.244,0.52083
0.049612,0.16568,0.52087
-0.040136,0.089191,0.52023
-0.12417,0.0034099,0.52032
-0.21902,-0.088783,0.52019
-0.063269,0.075505,0.13508
0.13099,0.25427,0.52052
0.044646,0.17878,0.52
-0.035838,0.10157,0.51985
-0.12422,0.016042,0.51971
-0.21631,-0.069163,0.51938
-0.069271,0.081813,0.1242
0.14011,0.27586,0.51993
0.063558,0.20881,0.51947
-0.012862,0.13483,0.51935
-0.11083,0.048543,0.51724
-0.20212,-0.03488,0.51457
-0.080475,0.0928,0.090345
0.14127,0.29556,0.50984
0.072561,0.23644,0.51571
0.00070228,0.16459,0.51571
-0.088192,0.078111,0.51489
-0.18621,-0.015664,0.51376
-0.26924,-0.080104,0.5272
0.12988,0.29002,0.46505
0.092062,0.26071,0.51409
0.025515,0.19924,0.51512
-0.050967,0.13584,0.5262
-0.1417,0.051565,0.52897
-0.23232,-0.042907,0.52732
-0.093794,0.10661,0.11488
0.11836,0.29358,0.51618
0.049616,0.23155,0.52249
-0.030921,0.16659,0.53079
-0.11845,0.074974,0.52904
-0.20125,0.0089102,0.53621
-0.312,-0.09142,0.54068
0.12217,0.31363,0.51324
0.07219,0.2665,0.52942
-0.0040237,0.19738,0.53246
-0.086289,0.1198,0.53447
-0.1806,0.035908,0.53893
-0.27083,-0.045366,0.54277
-0.10515,0.11791,0.11704
0.09897,0.30455,0.53425
0.026247,0.23749,0.53668
-0.054389,0.16814,0.54151
-0.13367,0.094786,0.54336
-0.23431,0.0065577,0.54482
-0.33483,-0.091229,0.545
-0.26299,-0.017837,0.78434
-0.11275,0.12526,0.12512
0.095976,0.31325,0.53926
0.02351,0.25088,0.54323
-0.058535,0.17002,0.54337
-0.13526,0.11012,0.56417
-0.23154,0.014172,0.56492
-0.15859,0.079683,0.74415
-0.19888,0.049458,0.80048
-0.30987,-0.053095,0.81344
0.10333,0.33506,0.51435
0.055212,0.29317,0.54448
-0.022517,0.21612,0.54456
-0.073508,0.17894,0.58002
0.019584,0.26184,0.77931
-0.066519,0.17519,0.77836
-0.13448,0.11698,0.80526
-0.23248,0.027866,0.81893
-0.33368,-0.058538,0.83571
0.10082,0.33572,0.51555
0.065457,0.31419,0.57169
0.08284,0.33108,0.68274
0.070437,0.30877,0.75084
0.037014,0.28954,0.80691
-0.041101,0.21921,0.81889
-0.1368,0.13314,0.83222
-0.22736,0.047047,0.83522
-0.32524,-0.040693,0.86268
0.092117,0.3463,0.51811
0.080548,0.34166,0.59419
0.082778,0.33506,0.68283
0.077421,0.33341,0.76967
0.033331,0.29281,0.8176
-0.039551,0.22927,0.83146
-0.12487,0.15522,0.83902
-0.21298,0.074533,0.86926
-0.3018,0.0042566,0.89667
-0.13872,0.15161,0.11313
0.083011,0.34788,0.56853
0.07933,0.34188,0.65776
0.073236,0.34267,0.74049
0.068507,0.33152,0.81974
-0.0013669,0.28038,0.85219
-0.077163,0.21248,0.87399
-0.15771,0.13706,0.88537
-0.24114,0.070853,0.92161
-0.33625,-0.017382,0.93563
0.078057,0.35787,0.54334
0.075431,0.35001,0.62536
0.055866,0.34211,0.70115
0.064235,0.3423,0.79884
0.050416,0.33939,0.87252
-0.029479,0.26426,0.8831
-0.11512,0.18549,0.89201
-0.17889,0.14235,0.94046
-0.28094,0.043913,0.94656
-0.15593,0.16914,0.1014
0.068729,0.36337,0.58152
0.053261,0.34965,0.65219
0.060376,0.35041,0.79149
0.049,0.34851,0.88272
-0.025052,0.27676,0.89304
-0.081712,0.23715,0.93561
-0.17792,0.14631,0.94606
-0.27491,0.066762,0.9682
-0.16241,0.17497,0.086852
0.066166,0.36546,0.5863
0.047208,0.35409,0.65912
0.045165,0.35453,0.8624
0.02456,0.33911,0.92682
-0.066948,0.2544,0.94069
-0.15978,0.17417,0.95397
-0.25139,0.096435,0.97413
-0.34344,0.022929,0.99405
0.050067,0.36254,0.54412
0.043721,0.3592,0.64089
0.036479,0.36055,0.91523
-0.016722,0.31094,0.94885
-0.10443,0.2383,0.96922
-0.19248,0.16227,0.98309
-0.30713,0.066222,0.99775
-0.18541,0.17874,0.11909
0.027511,0.36371,0.95071
-0.04231,0.30803,0.97655
-0.13608,0.22049,0.98611
-0.23805,0.1398,0.99865
-0.36666,0.035043,0.9976
0.025902,0.36754,0.94068
-0.017471,0.34109,0.9894
-0.11597,0.24723,0.99237
-0.23091,0.16353,0.99979
-0.37279,0.044961,0.98881
0.015728,0.36969,0.94743
-0.031762,0.33014,0.99168
-0.13236,0.24733,0.9988
-0.2596,0.14826,0.99575
-0.1943,0.2074,0.10571
0.0013507,0.37421,0.99748
-0.085608,0.30035,0.99934
-0.2065,0.20248,0.99541
0.0054754,0.38837,0.96095
-0.051618,0.34737,0.99842
-0.16117,0.24903,0.99504
-0.0068155,0.39644,0.99171
-0.10571,0.30626,0.99424
-0.017552,0.39956,0.98899
-0.015487,0.40508,0.97556
-0.24438,0.24724,0.10863
-0.25813,0.27131,0.08521
-0.27449,0.29264,0.025567
-0.28011,0.29852,0.0079285
-0.28727,0.30618,0.021784
-0.39231,0.029035,0.96332
-0.37413,0.038766,0.99337
-0.36751,0.020612,0.99952
-0.35565,0.055202,0.99485
-0.35055,-0.029723,0.6013
-0.34544,-0.013104,0.86063
-0.34132,0.046182,0.99947
-0.34642,-0.032395,0.6119
-0.34075,-0.038865,0.71125
-0.32738,0.094172,0.98523
-0.33886,-0.043918,0.56347
-0.33715,-0.035733,0.67159
-0.33744,-0.037501,0.77779
-0.31843,0.10378,0.98461
-0.32331,-0.039003,0.55097
-0.32785,-0.037089,0.6567
-0.32073,-0.039708,0.76596
-0.30591,0.11867,0.97541
-0.31646,-0.046945,0.53981
-0.31745,-0.034829,0.64988
-0.31392,-0.035701,0.75324
-0.29699,0.12817,0.97207
-0.30542,-0.058937,0.52978
-0.3038,-0.034126,0.64834
-0.30705,-0.034764,0.75271
-0.28734,0.1369,0.97747
-0.29856,-0.066751,0.52003
-0.29097,-0.026497,0.65779
-0.28092,0.14012,0.88449
-0.26934,0.14823,0.98898
-0.30547,-0.28807,0.04688
-0.28326,-0.0088723,0.62741
-0.28808,-0.03004,0.70655
-0.28647,-0.0071794,0.82
-0.27034,0.089655,0.99067
-0.26442,0.0096199,0.59203
-0.26705,-0.0046782,0.6838
-0.25813,0.15536,0.89408
-0.25938,0.15828,0.98889
-0.28741,-0.27249,0.059603
-0.25827,0.014062,0.63653
-0.26081,-0.0073762,0.71718
-0.25582,0.028348,0.8383
-0.27757,-0.29628,0.0057387
-0.24132,0.032883,0.59054
-0.24981,0.012918,0.67791
-0.2313,0.17134,0.88895
-0.22896,0.1869,0.99058
-0.23244,0.04009,0.58604
-0.23646,0.023022,0.66381
-0.22367,0.19492,0.88999
-0.21818,0.19826,0.99004
-0.24431,-0.255,0.10729
-0.22846,0.041631,0.64651
-0.21291,0.20884,0.88293
-0.21528,0.20952,0.97419
-0.22915,-0.21868,0.11163
-0.21845,0.054936,0.63183
-0.21067,0.038766,0.72218
-0.2157,0.068208,0.83465
-0.22378,-0.21053,0.091181
-0.20575,0.064111,0.64749
-0.20715,0.042481,0.72194
-0.19397,0.22473,0.95894
-0.20816,-0.19488,0.1004
-0.19972,0.073928,0.63071
-0.19296,0.060842,0.71672
-0.1939,0.09139,0.84116
-0.19647,-0.18317,0.098357
-0.18924,0.083579,0.60881
-0.1844,0.076098,0.69365
-0.18131,0.086814,0.80284
-0.17826,0.21838,0.99912
-0.17203,0.09851,0.58158
-0.17714,0.083648,0.67249
-0.1665,0.25073,0.89303
-0.1695,0.24985,0.9873
-0.18052,-0.16797,0.11958
-0.16613,0.10115,0.65447
-0.16695,0.08335,0.73092
-0.15493,0.27032,0.97156
-0.16909,-0.15608,0.10906
-0.15677,0.11649,0.63242
-0.14836,0.10102,0.72225
-0.15475,0.14344,0.85432
-0.14841,0.22426,0.99738
-0.14308,0.13155,0.61445
-0.1478,0.11275,0.6934
-0.14926,0.10147,0.78052
-0.14139,0.26188,0.99713
-0.15172,-0.13967,0.12473
-0.13249,0.13933,0.63881
-0.13091,0.12019,0.7201
-0.13381,0.16494,0.85556
-0.12828,0.13503,0.1276
-0.12157,0.14145,0.56473
-0.12007,0.14702,0.6547
-0.12691,0.12504,0.73379
-0.11489,0.30972,0.97528
-0.11255,0.12488,0.12881
-0.11488,0.15832,0.5999
-0.11314,0.14981,0.68073
-0.1094,0.14374,0.77619
-0.10572,0.30968,0.99101
-0.10427,0.094011,0.13279
-0.10216,0.17086,0.60161
-0.1034,0.15832,0.68724
-0.10495,0.30559,0.89643
-0.10204,0.31161,0.99266
-0.098795,0.098106,0.13426
-0.09617,0.1686,0.56867
-0.095747,0.16401,0.66334
-0.094094,0.3188,0.88237
-0.09431,0.3302,0.97588
-0.087558,0.10003,0.12702
-0.086278,-0.082922,0.13622
-0.085418,0.18908,0.62693
-0.087286,0.17023,0.70931
-0.08347,0.19648,0.82102
-0.079927,0.31422,0.99988
-0.082468,0.071284,0.13647
-0.078623,0.18704,0.57066
-0.079603,0.1812,0.66211
-0.080795,0.17414,0.7531
-0.067264,0.35399,0.98551
-0.074248,0.086271,0.086825
-0.072959,-0.060417,0.10123
-0.059802,0.21304,0.60888
-0.064187,0.19641,0.6931
-0.06117,0.32998,0.89163
-0.066172,0.34573,0.9943
-0.056956,0.069804,0.1113
-0.062738,-0.050626,0.13874
-0.051063,0.22104,0.63756
-0.051932,0.20337,0.71485
-0.050104,0.23408,0.83847
-0.052214,0.33218,0.9992
-0.051546,0.064283,0.11684
-0.050112,-0.037639,0.12603
-0.043496,0.23,0.63138
-0.044354,0.21257,0.7124
-0.045089,0.33544,0.90322
-0.04214,0.33669,0.99873
-0.040561,0.053196,0.12027
-0.039076,-0.026863,0.13521
-0.036435,0.23634,0.63454
-0.036426,0.21744,0.71664
-0.038335,0.33688,0.9046
-0.036957,0.34914,0.99935
-0.025983,0.037848,0.088359
-0.030476,-0.017065,0.13938
-0.030077,0.24536,0.61694
-0.030245,0.22862,0.70223
-0.030213,0.23672,0.801
-0.024463,0.37464,0.99838
-0.040462,-0.34357,0.56103
-0.020316,0.029236,0.15408
-0.017449,0.0074349,0.21903
-0.01745,0.25652,0.59269
-0.016037,0.24712,0.67966
-0.019004,0.23602,0.76538
-0.012163,0.40217,0.98388
-0.027076,-0.28678,0.55237
-0.0089666,0.027823,0.12326
-0.01105,0.015952,0.20981
-0.012188,0.015481,0.30319
-0.0078383,0.26721,0.62446
-0.0076193,0.25133,0.70177
-0.011834,0.25264,0.79722
-0.0091858,0.39546,0.99464
-0.0089954,-0.31066,0.56088
-0.00014605,0.029223,0.099146
0.0010356,0.028897,0.19737
0.0032308,0.019184,0.28842
0.00090914,0.27391,0.60937
0.0002157,0.262,0.6869
-0.0034504,0.25144,0.77306
0.004797,0.38877,0.97397
0.00090385,-0.2849,0.55921
0.0055037,0.028043,0.098479
0.013457,0.025765,0.18964
0.015019,0.013307,0.28108
0.00909,0.28513,0.62005
0.0082563,0.26835,0.69576
0.003443,0.25707,0.77533
0.0067419,0.3882,0.9684
0.014222,-0.28791,0.56093
0.011673,-0.4209,0.56929
0.016286,0.025294,0.17296
0.013361,0.014992,0.26125
0.019542,0.2899,0.64531
0.018338,0.27185,0.71709
0.016634,0.36004,0.88718
0.015275,0.37482,0.9798
0.025692,-0.31113,0.56017
0.032771,0.044991,0.096227
0.033273,-0.021121,0.1378
0.026614,0.30185,0.62364
0.030332,0.28902,0.70315
0.029535,0.35285,0.84308
0.028777,0.36394,0.94602
0.025888,-0.26949,0.56022
0.037663,-0.41015,0.57298
0.039061,0.04181,0.14394
0.038046,0.3649,0.56112
0.033841,0.3577,0.63589
0.037213,0.32093,0.69153
0.034352,0.34362,0.80436
0.032914,0.36299,0.90795
0.041283,-0.22186,0.55379
0.04621,-0.33997,0.56905
0.0501,0.062458,0.095988
0.047961,-0.035213,0.11748
0.042032,0.36633,0.58743
0.042985,0.35709,0.66526
0.040911,0.31949,0.71865
0.042148,0.35617,0.83841
0.052601,-0.13395,0.54884
0.057591,-0.25086,0.5616
0.050974,-0.3842,0.57005
0.060826,0.073609,0.1181
0.05607,0.35788,0.52197
0.04991,0.35705,0.61112
0.052013,0.34664,0.6895
0.055121,0.34015,0.77528
0.053477,0.34627,0.86613
0.067437,-0.1748,0.55283
0.064625,-0.30891,0.56793
0.072184,-0.46018,0.56666
0.075538,-0.063241,0.090781
0.061796,0.36317,0.5874
0.065171,0.35502,0.66226
0.062028,0.33903,0.73995
0.061384,0.34349,0.8302
0.072539,-0.12668,0.55044
0.076467,-0.25397,0.56124
0.077146,-0.38993,0.57319
0.081871,0.088822,0.13555
0.071743,0.36165,0.56859
0.074261,0.35127,0.64332
0.071872,0.34527,0.72839
0.070601,0.33699,0.80572
0.086667,-0.10442,0.54964
0.084055,-0.21729,0.56085
0.090398,-0.35374,0.5727
0.09177,0.094379,0.13489
0.078241,0.35148,0.55812
0.078145,0.34592,0.6327
0.091657,0.11824,0.52792
0.091332,0.0044936,0.53425
0.089052,-0.10071,0.5495
0.10197,-0.22254,0.56223
0.094721,-0.36341,0.57309
0.09732,0.10253,0.13331
0.090002,0.27974,0.52746
0.088322,0.16891,0.51911
0.09684,0.08012,0.53204
0.099033,-0.033489,0.54368
0.10696,-0.15075,0.55155
0.11505,-0.27213,0.56914
0.10856,0.12159,0.1129
0.099749,0.33473,0.53548
0.10362,0.21507,0.52109
0.10076,0.10602,0.5257
0.10862,0.0073989,0.54013
0.11234,-0.099606,0.5517
0.12091,-0.21923,0.5602
0.12422,-0.34636,0.57323
0.10888,0.32219,0.50643
0.10694,0.22979,0.52054
0.11542,0.13436,0.52813
0.1215,0.032653,0.53507
0.11614,-0.070805,0.549
0.12599,-0.19225,0.56263
0.12943,-0.31758,0.57297
0.11376,0.32093,0.51743
0.11698,0.2292,0.52105
0.12532,0.12268,0.52637
0.1253,0.024506,0.53995
0.1383,-0.082343,0.55257
0.13839,-0.20548,0.56087
0.14787,-0.33943,0.57341
0.12901,0.29342,0.51553
0.13391,0.20525,0.5228
0.13261,0.10915,0.53276
0.13714,0.0042298,0.54372
0.14969,-0.11388,0.55397
0.14946,-0.22387,0.56791
0.1434,0.14449,0.12636
0.13397,0.25558,0.5206
0.14086,0.15791,0.52779
0.14537,0.060516,0.53405
0.152,-0.052793,0.551
0.16195,-0.17115,0.56079
0.16846,-0.30192,0.57322
0.14703,0.28533,0.51688
0.14648,0.18503,0.52678
0.15652,0.091567,0.53672
0.16298,-0.019741,0.54729
0.16917,-0.13072,0.5607
0.17331,-0.2521,0.56781
0.15419,0.28283,0.51049
0.16021,0.20052,0.52661
0.1607,0.096412,0.53676
0.16669,-0.0088026,0.54437
0.18224,-0.11027,0.55992
0.18247,-0.23397,0.56896
0.16697,0.26949,0.50939
0.16595,0.17983,0.52723
0.17798,0.078319,0.53949
0.1809,-0.020369,0.55065
0.18619,-0.13944,0.56204
0.18969,-0.26073,0.57301
0.171,0.24454,0.52192
0.17952,0.15429,0.53293
0.188,0.053696,0.54386
0.19092,-0.064326,0.55127
0.20395,-0.18084,0.56893
0.1832,0.25706,0.4953
0.18421,0.1957,0.52681
0.19705,0.10188,0.53765
0.19791,0.0048431,0.54983
0.2083,-0.10556,0.56217
0.21703,-0.23673,0.57304
0.19058,0.22699,0.52698
0.20343,0.13593,0.53628
0.20651,0.03168,0.5441
0.21432,-0.075851,0.55967
0.22163,-0.20837,0.56853
0.20761,0.22654,0.52295
0.21295,0.13815,0.535
0.22046,0.037112,0.54754
0.22641,-0.069095,0.56023
0.23904,-0.1985,0.57075
0.21347,0.20926,0.527
0.2202,0.11859,0.54029
0.22685,0.020825,0.55112
0.23876,-0.10452,0.56063
0.24129,-0.21969,0.57312
0.22326,0.18976,0.53374
0.23164,0.098172,0.54378
0.24718,-0.02264,0.55654
0.25089,-0.12699,0.56831
0.27771,-0.28465,0.0024539
0.23702,0.18462,0.53559
0.24806,0.076545,0.54296
0.25399,-0.035195,0.55957
0.26111,-0.14222,0.57057
0.28344,-0.28457,0.0082107
0.24552,0.18348,0.53468
0.25673,0.080647,0.54461
0.26396,-0.017138,0.55872
0.27489,-0.1296,0.57067
0.29062,-0.27336,0.036588
0.2517,0.17015,0.53383
0.26716,0.080134,0.54903
0.27683,-0.020854,0.56046
0.28076,-0.15172,0.56926
0.31002,-0.29179,0.028444
0.27141,0.12714,0.54489
0.27291,0.017964,0.55125
0.2838,-0.090569,0.568
0.29763,-0.22085,0.56853
0.27949,0.098454,0.54661
0.29507,-0.0065878,0.56088
0.30601,-0.11838,0.56772
0.28176,0.14862,0.54056
0.29081,0.046848,0.55253
0.30921,-0.06279,0.56779
0.32033,-0.1811,0.57123
0.30202,0.087026,0.55201
0.31311,-0.028609,0.56037
0.3236,-0.13438,0.57309
0.31105,0.10641,0.55098
0.32414,0.0062357,0.56259
0.33308,-0.11243,0.57295
0.32308,0.10758,0.54818
0.33379,-0.0018128,0.56038
0.33879,-0.11466,0.57304
0.33468,0.078276,0.55139
0.34271,-0.030406,0.56789
0.35539,-0.14792,0.57072
0.34606,0.02847,0.56256
0.35931,-0.088885,0.57298
0.3473,0.071565,0.55815
0.36398,-0.030546,0.56979
0.36167,0.06874,0.53836
0.37193,-0.01098,0.56876
0.3873,-0.14674,0.56644
0.37976,-0.013602,0.56969
0.38069,0.054351,0.5364
0.39306,-0.030808,0.56767
0.39562,0.037945,0.55017
0.41139,-0.056073,0.57319
0.408,-0.012417,0.56823
0.41964,0.010786,0.56431
0.42745,0.0023553,0.55171
0.43694,-0.0056935,0.56395
0.45634,-0.030695,0.57138
0.46997,-0.03263,0.54627
-0.30701,-0.28871,0.032653
-0.29913,-0.2819,0.056032
-0.29112,-0.27601,0.070112
-0.2745,-0.26201,0.076186
-0.25874,-0.24523,0.091818
-0.2469,-0.23344,0.092557
-0.23321,-0.22027,0.10684
-0.35347,-0.071478,0.61476
-0.33585,-0.078544,0.51933
-0.35064,-0.055457,0.63543
-0.34268,-0.06438,0.72304
-0.21958,-0.20658,0.088614
-0.36397,-0.032701,0.58818
-0.34219,-0.051699,0.65918
-0.33976,-0.063184,0.73217
-0.35728,-0.034861,0.8573
-0.39698,0.0062169,0.99111
-0.33766,-0.04158,0.56944
-0.34434,-0.032416,0.68015
-0.33206,-0.05133,0.74863
-0.35443,-0.024927,0.87075
-0.38654,0.018058,0.99673
-0.33102,-0.032555,0.57411
-0.34032,-0.033317,0.66794
-0.32225,-0.042103,0.74742
-0.34924,-0.011293,0.87436
-0.38022,0.01806,0.99863
-0.33024,-0.029885,0.59587
-0.31944,-0.033117,0.67909
-0.32056,-0.03801,0.76918
-0.34601,0.00021511,0.90243
0.027172,-0.45995,0.56171
-0.30356,-0.037102,0.57244
-0.30486,-0.04575,0.66573
-0.31663,-0.031027,0.77519
-0.33873,0.0015491,0.88995
0.024541,-0.42848,0.57304
-0.29255,-0.044605,0.54692
-0.29985,-0.030748,0.6509
-0.29593,-0.041652,0.73783
-0.31384,-0.015022,0.85571
-0.36107,0.036088,0.99897
-0.17221,-0.16636,0.12131
-0.29501,-0.020721,0.62784
-0.28911,-0.032005,0.71147
-0.29625,-0.017045,0.81987
-0.35804,0.057833,0.99057
-0.16655,-0.15349,0.10715
-0.28975,-0.015014,0.61477
-0.28566,-0.025911,0.69759
-0.28121,-0.025075,0.79057
-0.35903,0.06629,0.97115
-0.16011,-0.147,0.10023
-0.28262,-0.0098904,0.60379
-0.27321,-0.012321,0.69158
-0.27012,-0.018325,0.77862
-0.35038,0.072644,0.96609
-0.15133,-0.13915,0.084135
-0.27517,-0.0012525,0.59323
-0.27022,-0.0098087,0.67144
-0.2641,-0.0090942,0.76251
-0.29524,0.01427,0.87946
0.074002,-0.41028,0.57338
-0.25872,-0.011631,0.54556
-0.26148,0.00094293,0.6602
-0.25762,-0.0027084,0.75013
-0.28177,0.022067,0.86686
-0.31783,0.064829,0.99906
-0.13459,-0.12616,0.12766
-0.26352,0.010986,0.62686
-0.25578,0.0021433,0.70718
-0.3245,0.077564,0.88388
-0.33181,0.089876,0.98511
-0.13186,-0.11897,0.1128
-0.25671,0.016116,0.60316
-0.25155,0.010043,0.68791
-0.24598,0.0051502,0.7798
-0.32931,0.094238,0.96695
0.12475,-0.40481,0.56704
-0.24648,0.019315,0.57095
-0.24448,0.014415,0.66722
-0.24247,0.012481,0.75534
-0.2642,0.044031,0.87661
-0.30092,0.076825,0.99864
-0.23625,0.025541,0.56197
-0.23983,0.025169,0.65716
-0.23165,0.023251,0.74827
-0.25458,0.049755,0.86798
0.099818,-0.35277,0.57303
-0.11239,-0.10558,0.13148
-0.23915,0.036251,0.62289
-0.22854,0.028983,0.70929
-0.30468,0.1078,0.89452
-0.30613,0.11485,0.98577
-0.10168,-0.088925,0.11687
-0.23202,0.041412,0.59769
-0.22483,0.036587,0.67425
-0.22235,0.032694,0.7677
-0.29945,0.11851,0.95772
0.14458,-0.36801,0.569
-0.20988,0.041009,0.54987
-0.21984,0.046795,0.65523
-0.2129,0.041936,0.74009
-0.23107,0.056724,0.84406
-0.28575,0.11752,0.99713
-0.090188,-0.077931,0.13336
-0.21436,0.058322,0.60415
-0.21002,0.050044,0.69593
-0.20653,0.04527,0.7786
-0.2859,0.1394,0.97126
0.17065,-0.35756,0.56722
-0.2068,0.055016,0.56203
-0.20668,0.056079,0.6598
-0.19898,0.055906,0.74689
-0.22105,0.080525,0.86184
-0.2667,0.12332,0.99968
-0.071533,-0.069713,0.13887
-0.206,0.068736,0.62587
-0.1932,0.062514,0.71434
-0.27126,0.14711,0.89048
-0.27386,0.14932,0.98371
-0.072379,-0.059565,0.11422
-0.19786,0.074354,0.58534
-0.19131,0.069177,0.67165
-0.18908,0.06594,0.7639
-0.21745,0.09405,0.88709
0.16771,-0.30167,0.57321
-0.069818,-0.049488,0.39307
-0.18869,0.08111,0.64779
-0.17885,0.069213,0.72508
-0.19455,0.089075,0.83057
-0.25362,0.15543,0.99539
-0.054563,-0.049465,0.14157
-0.18347,0.092619,0.61984
-0.17431,0.08535,0.69804
-0.25723,0.16368,0.88481
-0.25515,0.16875,0.9794
-0.0449,-0.0329,0.090467
-0.17094,0.0963,0.57419
-0.16855,0.094209,0.65981
-0.16446,0.090477,0.75345
-0.19578,0.11292,0.87765
0.18056,-0.27619,0.57308
-0.039782,-0.028414,0.1437
-0.17152,0.10116,0.60417
-0.1602,0.099884,0.69584
-0.15934,0.091208,0.78085
-0.24265,0.17659,0.95984
-0.037274,-0.025204,0.094237
-0.038803,-0.022672,0.39203
-0.15949,0.10941,0.65177
-0.15207,0.096886,0.7286
-0.1749,0.12681,0.86213
-0.22557,0.17541,0.99782
-0.030516,-0.017026,0.13223
-0.1545,0.11752,0.5849
-0.14825,0.11241,0.67215
-0.14909,0.10591,0.76212
-0.1751,0.13608,0.89014
0.21834,-0.25878,0.5733
-0.029094,0.0010754,0.16492
-0.015003,-0.013334,0.26086
-0.1469,0.11395,0.55986
-0.14749,0.11715,0.65759
-0.13927,0.11484,0.73754
-0.16683,0.13562,0.8638
-0.21272,0.18229,0.99962
-0.041489,0.034297,0.14369
-0.018667,0.005412,0.20412
-0.018283,0.0054222,0.30629
-0.012098,-0.0032662,0.39127
-0.13827,0.12994,0.65337
-0.1335,0.11837,0.73367
-0.15386,0.13774,0.84732
-0.20688,0.19966,0.99614
-0.069871,0.06418,0.1389
-0.023434,0.020211,0.16828
-0.014654,0.014182,0.25784
-0.011377,0.017105,0.35771
-0.13319,0.1392,0.60615
-0.13292,0.12849,0.68886
-0.12335,0.12881,0.77794
-0.21117,0.21032,0.96355
-0.086433,0.093416,0.13474
-0.0072033,0.028098,0.16242
-0.0082617,0.017107,0.24368
-0.0099549,0.017141,0.34912
-0.12705,0.14606,0.6007
-0.12185,0.14072,0.68275
-0.11928,0.1358,0.77252
-0.20279,0.21521,0.95778
0.26408,-0.25604,0.56831
0.0027118,0.028821,0.1764
0.010233,0.016285,0.31126
-0.12481,0.14934,0.59111
-0.119,0.14311,0.6852
-0.11669,0.13839,0.77192
-0.14082,0.16996,0.89397
0.27234,-0.24225,0.56903
0.013709,0.027522,0.16941
-0.1145,0.15821,0.60389
-0.1086,0.15154,0.69553
-0.10308,0.14854,0.77891
-0.18922,0.23079,0.96111
0.28897,-0.243,0.56671
0.016858,0.032919,0.39163
-0.10888,0.16234,0.64148
-0.095878,0.15467,0.72079
-0.11418,0.16981,0.83576
-0.17552,0.22914,0.99671
0.026013,0.038785,0.11595
-0.10361,0.16892,0.58606
-0.098208,0.16209,0.67114
-0.096807,0.15821,0.76333
-0.12344,0.1875,0.89244
0.27568,-0.20339,0.57332
0.027272,0.057671,0.38595
-0.096564,0.17818,0.62583
-0.090914,0.16705,0.70698
-0.17258,0.24503,0.89217
-0.17306,0.24963,0.98416
0.041543,0.054408,0.11378
-0.091465,0.18112,0.58618
-0.082329,0.17661,0.66663
-0.083361,0.17165,0.76352
-0.11214,0.19921,0.88847
0.28443,-0.18183,0.57318
-0.064225,0.17548,0.53765
-0.080118,0.18888,0.65135
-0.071509,0.18197,0.73645
-0.093285,0.19914,0.84803
-0.14842,0.25059,0.99841
0.059599,0.072063,0.12943
-0.074398,0.19941,0.59427
-0.074289,0.18827,0.68283
-0.066781,0.18828,0.76981
-0.09607,0.21801,0.90194
0.32346,-0.1812,0.57035
0.056268,0.083984,0.39031
-0.071181,0.20059,0.63905
-0.062705,0.1895,0.71872
-0.073909,0.20957,0.82856
-0.14174,0.27433,0.99038
0.067881,0.080282,0.13229
-0.06659,0.20766,0.61325
-0.055166,0.20334,0.70413
-0.14277,0.27819,0.88467
-0.14511,0.27916,0.97727
0.076397,0.088811,0.090977
-0.053997,0.21272,0.57302
-0.053183,0.2072,0.6626
-0.044784,0.21015,0.75266
-0.079086,0.22992,0.87834
0.33376,-0.1398,0.57326
0.082048,0.096975,0.39623
-0.045769,0.22371,0.6492
-0.037417,0.21681,0.73774
-0.059332,0.22587,0.84098
-0.11681,0.27788,0.99971
0.084711,0.11315,0.39185
-0.043401,0.22764,0.64225
-0.03234,0.21848,0.72044
-0.052317,0.23152,0.83362
-0.11714,0.29377,0.99483
0.096618,0.1093,0.1243
-0.038076,0.23476,0.60308
-0.028476,0.23233,0.69205
-0.024403,0.22692,0.77945
-0.11691,0.30704,0.96761
0.10591,0.11838,0.087999
-0.02889,0.24169,0.58167
-0.025832,0.23725,0.65943
-0.024279,0.23063,0.74995
-0.049725,0.25996,0.87986
0.35777,-0.10158,0.5731
0.10317,0.13456,0.39272
-0.021102,0.25229,0.63183
-0.016127,0.23946,0.71449
-0.095323,0.31499,0.89229
-0.09927,0.31607,0.99107
0.11897,0.1322,0.10493
-0.01629,0.257,0.59908
-0.015247,0.24777,0.68041
-0.0098944,0.24429,0.77433
-0.040355,0.27027,0.89546
0.40889,-0.11755,0.56746
-0.0054182,0.26079,0.57189
-0.0032108,0.2584,0.66115
-0.0036141,0.25132,0.75372
-0.031952,0.27746,0.87924
0.38323,-0.078333,0.57313
0.00068037,0.26681,0.57171
0.0036695,0.26674,0.65944
0.0057004,0.26058,0.74554
-0.018827,0.28735,0.87205
0.38342,-0.071604,0.57306
0.018944,0.26264,0.54141
0.003866,0.26886,0.65717
0.014986,0.26991,0.75221
-0.012501,0.29119,0.86653
0.39054,-0.060009,0.57301
0.007595,0.27808,0.58148
0.016609,0.27606,0.66394
0.021412,0.27634,0.75258
-0.010903,0.29776,0.87757
0.40173,-0.054288,0.57307
0.16611,0.15842,0.12233
0.016656,0.28581,0.65066
0.024367,0.2792,0.74029
-0.034342,0.33088,0.88246
-0.05542,0.34743,0.99726
0.16567,0.16921,0.12194
0.020086,0.29343,0.63203
0.031081,0.28193,0.72041
0.015831,0.29759,0.82381
-0.053563,0.36287,0.99005
0.16889,0.17938,0.12008
0.031941,0.30375,0.63884
0.043149,0.29347,0.72107
0.02477,0.30867,0.83455
-0.043043,0.36545,0.99556
0.17436,0.18769,0.10662
0.031647,0.30657,0.62503
0.042805,0.30065,0.70758
0.013181,0.33033,0.8421
-0.044744,0.37536,0.98659
0.18156,0.19496,0.10456
0.040672,0.31647,0.62114
0.04201,0.3131,0.71682
0.021985,0.33766,0.83983
-0.04115,0.38102,0.98465
0.18778,0.20105,0.10856
0.041967,0.32349,0.61598
0.042121,0.32186,0.71258
0.025653,0.34352,0.82541
-0.031077,0.39381,0.97365
0.06091,0.32084,0.51882
0.04415,0.33877,0.63629
0.048144,0.32873,0.71748
0.027965,0.35124,0.83876
-0.029855,0.39367,0.98161
0.052086,0.347,0.5164
0.032921,0.35823,0.63058
0.045224,0.34526,0.71559
0.047457,0.34571,0.80387
-0.021102,0.40149,0.96537
0.2165,0.2163,0.11397
0.056729,0.35706,0.59641
0.062562,0.35062,0.67124
0.06457,0.34587,0.76804
0.21867,0.2289,0.11171
0.059682,0.35688,0.62426
0.22873,0.24231,0.099938
0.24045,0.25385,0.086843
0.25684,0.27062,0.088688
0.27231,0.28079,0.099272
0.27742,0.29051,0.088506
0.27866,0.29382,0.071458
0.28575,0.30264,0.060864
0.046301,-0.47663,0.56587
0.032778,-0.45403,0.5734
0.072859,-0.44852,0.56814
-0.0090484,-0.41925,0.56702
-0.032972,-0.39927,0.55597
0.082298,-0.41702,0.57179
0.033531,-0.40593,0.57132
-0.040477,-0.38817,0.55995
0.07216,-0.40394,0.57329
-0.020266,-0.38089,0.56678
0.091411,-0.3929,0.57338
-0.019915,-0.36901,0.5629
0.10533,-0.38258,0.57342
-0.011521,-0.35687,0.56144
0.095858,-0.37621,0.57324
-0.051716,-0.3446,0.55996
0.065495,-0.3555,0.56812
-0.086801,-0.33511,0.55178
0.013834,-0.34816,0.5669
0.15153,-0.35743,0.56919
-0.04937,-0.3235,0.55798
0.053143,-0.33154,0.56892
-0.13223,-0.30054,0.53198
-0.046404,-0.31475,0.55593
0.063406,-0.3229,0.56906
-0.13073,-0.29674,0.52003
-0.05299,-0.30651,0.5511
0.046361,-0.31886,0.56719
0.1887,-0.32297,0.56899
-0.071002,-0.29511,0.55291
0.038619,-0.30353,0.56041
0.14906,-0.31462,0.57315
-0.13155,-0.2778,0.54509
-0.021553,-0.28386,0.55344
0.083996,-0.29448,0.56837
0.28575,-0.30708,0.0038714
-0.13416,-0.26278,0.54328
-0.04181,-0.27646,0.55396
0.080349,-0.28609,0.5673
0.20955,-0.29799,0.56958
0.27679,-0.28965,0.09116
-0.11468,-0.263,0.54531
-0.0028513,-0.2665,0.554
0.099785,-0.2781,0.56831
0.2402,-0.28973,0.56699
-0.18337,-0.245,0.51383
-0.1134,-0.25186,0.54429
-0.0012588,-0.26123,0.55248
0.10484,-0.26799,0.56786
0.24386,-0.27443,0.56855
-0.17096,-0.2329,0.53653
-0.062446,-0.2419,0.54597
0.045724,-0.2544,0.56072
0.1659,-0.25767,0.56765
-0.21205,-0.22342,0.52156
-0.13055,-0.22692,0.53815
-0.030571,-0.2364,0.5511
0.082416,-0.24959,0.56098
0.21005,-0.25691,0.57319
-0.20934,-0.20978,0.52578
-0.11175,-0.21781,0.54096
-0.018722,-0.22523,0.55117
0.095607,-0.24278,0.56002
0.21719,-0.24767,0.57316
-0.20251,-0.20715,0.52717
-0.11305,-0.2163,0.54067
-0.0060277,-0.21964,0.55187
0.10168,-0.22867,0.56125
0.24715,-0.238,0.57339
-0.21969,-0.19505,0.52811
-0.11296,-0.20112,0.53479
-0.010836,-0.20658,0.5501
0.10035,-0.21141,0.56194
0.22881,-0.22275,0.57302
-0.23983,-0.1863,0.52535
-0.1438,-0.19005,0.53499
-0.04499,-0.1991,0.54475
0.06573,-0.20641,0.5575
0.18982,-0.21634,0.57082
-0.26354,-0.172,0.50759
-0.17357,-0.17709,0.52672
-0.081736,-0.18781,0.54096
0.028555,-0.19094,0.55245
0.14354,-0.19864,0.56042
0.26381,-0.20807,0.57324
-0.227,-0.16249,0.5243
-0.13895,-0.17508,0.534
-0.031124,-0.1724,0.54458
0.08894,-0.18457,0.55792
0.19762,-0.1897,0.56915
-0.2876,-0.14831,0.51238
-0.20104,-0.16138,0.52667
-0.10668,-0.16661,0.53633
0.002593,-0.1705,0.5434
0.11621,-0.17654,0.55994
0.24966,-0.18644,0.57033
-0.29355,-0.13974,0.51559
-0.19491,-0.14725,0.52591
-0.10201,-0.15089,0.53525
0.0071373,-0.16683,0.54375
0.11994,-0.17151,0.55981
0.24594,-0.17785,0.56767
-0.30051,-0.13615,0.50739
-0.21751,-0.13913,0.51999
-0.12301,-0.14849,0.53296
-0.012319,-0.14924,0.54413
0.095694,-0.15627,0.55114
0.2111,-0.16462,0.56812
-0.13068,-0.13292,0.12828
-0.25785,-0.13099,0.52035
-0.15268,-0.13756,0.52745
-0.053402,-0.13674,0.5339
0.04955,-0.14263,0.54974
0.16527,-0.15146,0.56247
0.28632,-0.15441,0.57169
-0.31171,-0.119,0.49729
-0.23317,-0.12443,0.52122
-0.13671,-0.12119,0.52752
-0.030704,-0.12438,0.53704
0.073139,-0.13279,0.55111
0.19777,-0.14409,0.56038
0.33093,-0.14254,0.57326
-0.32537,-0.10582,0.51857
-0.22805,-0.10979,0.52077
-0.13576,-0.11507,0.52844
-0.023929,-0.11405,0.53559
0.073855,-0.126,0.55051
0.19605,-0.1298,0.562
0.32424,-0.13728,0.57313
-0.094701,-0.10662,0.13238
-0.28299,-0.096265,0.52617
-0.17807,-0.10666,0.52277
-0.074581,-0.10736,0.53367
0.027104,-0.11551,0.54472
0.14424,-0.11845,0.5536
0.2715,-0.11903,0.56943
-0.10483,-0.092214,0.096729
-0.3433,-0.088719,0.54038
-0.22192,-0.094198,0.52031
-0.13025,-0.098271,0.52741
-0.017562,-0.099418,0.53377
0.088519,-0.10062,0.54944
0.20034,-0.10629,0.5614
0.34458,-0.11138,0.57307
-0.097149,-0.086109,0.13397
-0.3469,-0.078815,0.55009
-0.22028,-0.085099,0.51995
-0.33548,-0.079854,0.72396
-0.32815,-0.075264,0.80151
0.0981,-0.092436,0.54958
0.21905,-0.093584,0.56204
0.34732,-0.096647,0.57265
-0.088513,-0.076322,0.13486
-0.35735,-0.067108,0.56143
-0.34854,-0.075049,0.63894
-0.3381,-0.072064,0.71798
-0.002908,-0.086944,0.53397
0.10094,-0.084888,0.54854
0.22431,-0.08849,0.56205
0.3548,-0.087565,0.57217
-0.081064,-0.068595,0.12683
-0.34998,-0.061919,0.5526
-0.35434,-0.060145,0.64082
-0.33933,-0.060493,0.7199
-0.34409,-0.060689,0.81495
0.10445,-0.074563,0.54579
0.22452,-0.071529,0.56029
0.35832,-0.080565,0.57115
-0.076129,-0.063986,0.13691
-0.34948,-0.055217,0.52999
-0.34852,-0.049876,0.6121
-0.3404,-0.056361,0.69251
-0.34487,-0.05641,0.78999
-0.35273,-0.047228,0.8803
0.18593,-0.0578,0.55257
0.31514,-0.067986,0.56878
-0.064634,-0.05183,0.11443
0.041822,-0.053993,0.13702
-0.35528,-0.042663,0.60217
-0.3422,-0.048093,0.67896
-0.33582,-0.044963,0.76416
-0.35607,-0.042271,0.87103
0.16157,-0.0522,0.55189
0.29719,-0.050324,0.56229
0.4274,-0.051115,0.57331
0.033601,-0.045703,0.093448
-0.3626,-0.036435,0.5829
-0.35115,-0.034482,0.66315
-0.31266,-0.033185,0.71446
-0.35185,-0.038127,0.83863
0.13348,-0.045291,0.54569
0.25175,-0.043706,0.56023
0.38986,-0.045724,0.57017
-0.041002,-0.028979,0.14208
-0.35809,-0.027965,0.56828
-0.2993,-0.026756,0.60796
-0.29146,-0.029961,0.68839
-0.33901,-0.023133,0.82164
-0.36628,-0.026535,0.92551
0.23998,-0.030817,0.55694
0.37565,-0.032122,0.57056
-0.035306,-0.023194,0.13876
0.00019544,-0.022025,0.20412
-0.29136,-0.018685,0.60415
-0.27781,-0.016611,0.68997
-0.32082,-0.018891,0.81019
-0.37127,-0.014985,0.93983
0.25131,-0.023969,0.5581
0.38837,-0.027412,0.56908
-0.028358,-0.0056655,0.14721
-0.016162,-0.010537,0.23467
-0.27362,-0.0096406,0.56688
-0.27432,-0.0070456,0.65449
-0.26127,-0.0077188,0.73657
-0.35757,-0.010295,0.89795
0.21503,-0.0097813,0.55298
0.3467,-0.0086103,0.56533
-0.02921,-0.00034525,0.12261
-0.019223,-0.0031414,0.21222
-0.019915,0.0014809,0.31437
-0.27217,0.0021066,0.6279
-0.25677,0.0018751,0.70336
-0.26822,0.0047907,0.81035
-0.3906,-0.0001087,0.99314
0.30309,-0.0043464,0.56149
-0.027292,0.011718,0.11462
-0.022297,0.0081164,0.20412
-0.017365,0.0076379,0.29454
-0.26457,0.0096204,0.61309
-0.25221,0.010083,0.68421
-0.2454,0.0079922,0.77575
-0.40045,0.0089945,0.98726
0.29113,0.011321,0.55858
-0.0307,0.017646,0.096214
-0.020021,0.020854,0.1808
-0.00015808,0.020463,0.29273
-0.25267,0.019254,0.63835
-0.23359,0.022499,0.71387
-0.2643,0.01716,0.82334
-0.35823,0.016304,0.99836
0.36021,0.02216,0.55998
-0.031022,0.026192,0.14565
-0.23045,0.03067,0.56048
-0.24239,0.026217,0.65292
-0.22289,0.026766,0.72981
-0.27805,0.025303,0.8658
0.26383,0.036273,0.55325
0.38674,0.028216,0.56659
0.024271,0.036801,0.12449
-0.23865,0.037286,0.61851
-0.22165,0.038468,0.69564
-0.21424,0.035878,0.78162
-0.37069,0.037379,0.99569
0.34782,0.043782,0.56113
-0.043066,0.043805,0.14372
-0.22613,0.042513,0.57734
-0.21862,0.043368,0.66071
-0.20992,0.045031,0.755
-0.38163,0.042907,0.97571
0.30985,0.054057,0.55133
-0.074587,0.062111,0.1292
0.06952,0.064279,0.13898
-0.21568,0.053997,0.64834
-0.19031,0.060971,0.71988
-0.24312,0.055763,0.85587
0.30015,0.064306,0.55394
-0.075004,0.0704,0.13809
-0.19618,0.066501,0.56398
-0.197,0.067031,0.6583
-0.19115,0.063689,0.7412
-0.3626,0.062689,0.97133
0.32596,0.07538,0.55138
0.06493,0.077463,0.097528
-0.20219,0.071007,0.59995
-0.18802,0.074735,0.68179
-0.32718,0.070567,0.88884
-0.34481,0.069723,0.99183
-0.097492,0.08443,0.10984
0.095924,0.09458,0.13469
-0.18389,0.084772,0.65285
-0.16261,0.087687,0.73092
-0.34959,0.07581,0.97068
-0.11504,0.10204,0.11328
0.098885,0.10636,0.1325
-0.18331,0.090627,0.62941
-0.16285,0.095317,0.7059
-0.17879,0.093903,0.80986
-0.29323,0.094201,0.99946
0.1003,0.1129,0.12715
-0.16959,0.10652,0.61977
-0.15464,0.10263,0.71063
-0.182,0.099707,0.82372
-0.29271,0.094486,0.99944
0.11527,0.1279,0.12556
-0.15952,0.11184,0.64083
-0.1384,0.11116,0.72203
-0.17348,0.11184,0.84122
-0.25962,0.11395,0.99786
0.13507,0.1362,0.12779
-0.14183,0.12461,0.65546
-0.13029,0.12454,0.74076
-0.31185,0.11231,0.9779
0.1337,0.14691,0.10062
-0.13908,0.13511,0.62827
-0.12467,0.13272,0.71001
-0.14124,0.13544,0.816
-0.2664,0.12945,0.99936
-0.12099,0.1391,0.55816
-0.11609,0.14959,0.65636
-0.29017,0.13152,0.88307
-0.2902,0.13451,0.97472
0.15583,0.16923,0.10057
-0.11982,0.15366,0.63146
-0.10108,0.15639,0.70957
-0.13166,0.1517,0.82688
-0.23663,0.14323,0.99882
-0.10455,0.16868,0.59964
-0.093368,0.16861,0.68586
-0.087311,0.16225,0.78262
-0.25171,0.15251,0.99684
-0.10255,0.17119,0.59488
-0.088555,0.17385,0.67702
-0.078117,0.17695,0.77041
-0.24792,0.16415,0.99415
0.21398,0.20427,0.11421
-0.084989,0.18614,0.64188
-0.059577,0.1893,0.72288
-0.24093,0.17952,0.96184
0.20009,0.21098,0.11473
-0.07542,0.19654,0.6382
-0.05595,0.19585,0.71922
-0.24035,0.17955,0.96092
0.21175,0.22532,0.10077
-0.067176,0.20558,0.63467
-0.047868,0.20886,0.71306
-0.083796,0.2004,0.83878
0.22268,0.23639,0.092913
-0.06032,0.2119,0.63705
-0.037248,0.21228,0.72207
-0.072536,0.21332,0.8424
0.24171,0.24836,0.10844
-0.043371,0.22699,0.64527
-0.025191,0.22614,0.73272
-0.21642,0.20866,0.97252
0.24231,0.25574,0.10214
-0.034125,0.23739,0.64017
-0.010539,0.24116,0.71936
-0.061168,0.23742,0.85522
0.28856,0.27553,0.0020374
-0.018762,0.24842,0.57407
-0.018188,0.24432,0.67732
-0.17124,0.23449,0.89041
-0.18161,0.23477,0.99009
0.26872,0.28164,0.073717
-0.013825,0.26117,0.62471
0.0011963,0.25545,0.71615
-0.025977,0.25847,0.83932
0.27883,0.30027,0.0043352
-0.0073755,0.26631,0.58864
0.0086247,0.27054,0.67565
-0.16019,0.25277,0.89383
-0.15889,0.2512,0.99508
0.28588,0.30308,0.055966
0.013178,0.2855,0.63657
0.03128,0.27934,0.7249
-0.027596,0.27606,0.86647
0.108,0.29539,0.46925
0.021755,0.29274,0.64253
0.040431,0.28851,0.7258
-0.1474,0.27388,0.96319
0.067344,0.30725,0.5239
0.034538,0.29965,0.65702
-0.13402,0.2873,0.87913
-0.13592,0.28933,0.97154
0.055084,0.31902,0.52936
0.043234,0.31445,0.64147
0.037077,0.31442,0.75262
-0.12075,0.30092,0.96384
0.053846,0.3202,0.53002
0.045048,0.32431,0.62932
0.041526,0.31875,0.73947
0.019515,0.32152,0.85643
0.062414,0.3378,0.5026
0.042262,0.3388,0.62635
0.041936,0.3352,0.73097
-0.056818,0.32539,0.89746
-0.05173,0.32008,0.99693
0.043687,0.34411,0.60949
0.041711,0.34188,0.71491
0.01817,0.3461,0.85456
-0.037186,0.33541,0.99735
0.036267,0.35805,0.6436
-0.080435,0.33456,0.99139
0.030378,0.36043,0.59918
-0.056691,0.3589,0.99084
-0.046487,0.36869,0.99122
-0.038152,0.38623,0.96833
-0.019444,0.39661,0.9904
0.28708,-0.30592,0.025376
0.051097,-0.48094,0.56452
0.28117,-0.30035,0.023042
0.042958,-0.48085,0.54057
0.10001,-0.43576,0.56539
0.27494,-0.29312,0.027812
0.032958,-0.46927,0.55644
0.093993,-0.42163,0.56891
0.2119,-0.33671,0.55319
0.033706,-0.46787,0.55735
0.10084,-0.41452,0.56895
0.19424,-0.33645,0.56689
0.040353,-0.44548,0.5284
0.081378,-0.41479,0.57264
0.17645,-0.34169,0.56857
0.27268,-0.2598,0.56665
0.019506,-0.45076,0.56455
0.096216,-0.39028,0.5734
0.17868,-0.32381,0.57094
0.28407,-0.24895,0.56657
0.24827,-0.26077,0.080278
0.043898,-0.41819,0.57313
0.13041,-0.35303,0.57337
0.23304,-0.27522,0.56938
0.32879,-0.20214,0.56685
0.24142,-0.25471,0.089477
0.03222,-0.41406,0.57296
0.1163,-0.35481,0.57323
0.21111,-0.28032,0.57345
0.29911,-0.20253,0.57117
0.41968,-0.11752,0.5643
0.0007349,-0.43108,0.56383
0.078836,-0.36973,0.57299
0.16101,-0.30181,0.57314
0.24934,-0.23138,0.57334
0.36287,-0.14125,0.5705
0.22758,-0.24045,0.085771
0.03001,-0.40217,0.56917
0.10913,-0.33373,0.57232
0.19927,-0.25561,0.57306
0.30095,-0.18057,0.57335
0.40406,-0.10025,0.57045
0.23035,-0.22983,0.11161
0.043458,-0.37614,0.56838
0.12588,-0.30521,0.56885
0.21562,-0.23586,0.57302
0.30897,-0.165,0.57326
0.42506,-0.071446,0.57255
-0.019085,-0.40998,0.56551
0.05606,-0.35113,0.57066
0.14694,-0.28218,0.56827
0.23394,-0.20762,0.57193
0.34239,-0.12487,0.57319
0.20194,-0.21498,0.089309
-0.010489,-0.39737,0.56911
0.069788,-0.32662,0.56996
0.1546,-0.26131,0.56906
0.25754,-0.17005,0.56801
0.35274,-0.094724,0.57297
0.19805,-0.21125,0.092357
-0.0093624,-0.38684,0.56828
0.074693,-0.31197,0.56909
0.16229,-0.24597,0.57047
0.25513,-0.15685,0.56978
0.35818,-0.076836,0.57001
0.19232,-0.20518,0.11105
-0.0079342,-0.37429,0.56729
0.078299,-0.29931,0.56829
0.15544,-0.22795,0.5688
0.25651,-0.15078,0.57065
0.36984,-0.059968,0.56847
0.18603,-0.19864,0.11659
0.0061693,-0.34892,0.56524
0.080687,-0.27751,0.56646
0.1769,-0.20267,0.56846
0.27127,-0.12085,0.56958
0.37425,-0.036186,0.57007
-0.047667,-0.38389,0.5505
0.02717,-0.3109,0.55998
0.11087,-0.2506,0.56686
0.19105,-0.18091,0.56779
0.29736,-0.092987,0.56942
0.40769,-0.0022941,0.57015
-0.02873,-0.34515,0.56244
0.056446,-0.28283,0.56011
0.13494,-0.21198,0.56205
0.22444,-0.13806,0.56695
0.33587,-0.046896,0.56875
0.16021,-0.17331,0.10595
-0.017488,-0.32497,0.56149
0.062147,-0.26115,0.56243
0.15056,-0.1902,0.56027
0.24296,-0.10359,0.56191
0.34444,-0.014327,0.56662
0.16495,-0.15498,0.12252
-0.022594,-0.31759,0.56018
0.054433,-0.25044,0.56122
0.14814,-0.17332,0.56274
0.2441,-0.087459,0.56105
0.34328,-0.0021283,0.56147
0.14841,-0.15503,0.12421
-0.036216,-0.31769,0.55876
0.047602,-0.25227,0.56069
0.13467,-0.17926,0.56217
0.22878,-0.08621,0.56228
0.34277,0.0012096,0.56035
0.1455,-0.14869,0.12547
-0.027535,-0.29819,0.55688
0.049382,-0.23292,0.55884
0.13462,-0.15941,0.56008
0.23484,-0.079786,0.56225
0.34155,0.012806,0.56152
-0.085884,-0.3403,0.5304
-0.024595,-0.28257,0.55166
0.055004,-0.21929,0.558
0.14495,-0.13441,0.55853
0.24187,-0.060758,0.56098
0.3406,0.037563,0.56103
-0.094512,-0.33156,0.53189
-0.03102,-0.27823,0.55197
0.051166,-0.21194,0.55377
0.14321,-0.13093,0.55798
0.23144,-0.048015,0.55854
0.3303,0.03873,0.55982
-0.099176,-0.33308,0.53764
-0.03243,-0.26732,0.55398
0.044021,-0.19775,0.55291
0.13336,-0.12282,0.55137
0.22267,-0.037176,0.55243
0.33405,0.054737,0.55853
-0.10747,-0.3241,0.54711
-0.034363,-0.25622,0.55269
0.037555,-0.19112,0.55336
0.14214,-0.10431,0.5521
0.22965,-0.021413,0.5513
0.34044,0.076868,0.55397
-0.11295,-0.31269,0.54988
-0.036951,-0.2486,0.55168
0.045489,-0.17826,0.55288
0.14235,-0.089018,0.55363
0.24773,0.0021696,0.55225
0.10123,-0.11378,0.092714
-0.11956,-0.30943,0.54684
-0.044693,-0.23908,0.54996
0.040144,-0.16108,0.55064
0.13164,-0.083505,0.55202
0.22333,0.0039272,0.55244
0.091248,-0.10409,0.10381
-0.11112,-0.28479,0.54363
-0.038766,-0.2259,0.54907
0.051885,-0.1442,0.55013
0.13962,-0.057205,0.55021
0.23165,0.018219,0.55185
0.083215,-0.095768,0.096725
-0.11244,-0.28315,0.54288
-0.042552,-0.21873,0.54465
0.04201,-0.14305,0.54823
0.12732,-0.058794,0.54866
0.22796,0.02529,0.55079
0.080595,-0.093072,0.094964
-0.13312,-0.28858,0.54453
-0.050026,-0.20792,0.54411
0.031747,-0.13311,0.54294
0.11894,-0.048717,0.54257
0.21266,0.028566,0.54785
0.069879,-0.082508,0.10187
-0.1287,-0.26752,0.54433
-0.054097,-0.20559,0.5452
0.029936,-0.123,0.54495
0.11087,-0.040828,0.54516
0.21631,0.056132,0.54373
0.06089,-0.073588,0.11841
-0.12998,-0.26031,0.54345
-0.055433,-0.18251,0.54312
0.023272,-0.1142,0.54419
0.11668,-0.029843,0.54512
0.21505,0.060213,0.54463
0.058726,-0.071531,0.11452
-0.1288,-0.2406,0.54155
-0.05807,-0.18335,0.54293
0.023125,-0.10818,0.54355
0.1191,-0.015555,0.5439
0.21388,0.077679,0.54406
0.051396,-0.06393,0.12411
-0.12758,-0.23193,0.54078
-0.052421,-0.1664,0.54177
0.029368,-0.078043,0.54109
0.12862,0.0056903,0.54269
0.21592,0.090302,0.54297
0.040178,-0.052567,0.12915
-0.14962,-0.2435,0.53713
-0.073588,-0.16999,0.53816
0.013421,-0.088769,0.54052
0.098704,0.0029248,0.5379
0.19346,0.083003,0.54141
0.037808,-0.049921,0.092884
-0.16667,-0.24058,0.53516
-0.08881,-0.16342,0.53503
-0.012865,-0.089627,0.53466
0.086584,0.00023259,0.5342
0.17474,0.085339,0.53529
0.03241,-0.044906,0.10574
-0.17736,-0.23565,0.53617
-0.097237,-0.16995,0.53537
-0.020691,-0.083575,0.53662
0.069472,-0.0072268,0.53467
0.15886,0.084573,0.53509
0.022492,-0.035116,0.11175
-0.17763,-0.231,0.53569
-0.10506,-0.15772,0.53562
-0.027203,-0.082332,0.53586
0.053539,-0.0007022,0.53578
0.14831,0.091603,0.53602
0.0086649,-0.027789,0.11165
-0.19507,-0.23765,0.51703
-0.14508,-0.18446,0.53432
-0.058466,-0.10576,0.53509
0.020826,-0.025626,0.53501
0.10269,0.055576,0.53508
0.20726,0.16112,0.53498
0.0058945,-0.028319,0.15111
-0.20395,-0.22482,0.51089
-0.13822,-0.16817,0.53339
-0.063513,-0.085557,0.53262
0.016129,-0.013478,0.53336
0.11041,0.077075,0.53373
0.21047,0.18481,0.53297
-0.011393,-0.027189,0.14995
-0.21123,-0.21843,0.50252
-0.16045,-0.17016,0.52921
-0.090149,-0.098618,0.52871
-0.006803,-0.021611,0.53127
0.088588,0.071209,0.53216
0.18463,0.17501,0.52918
-0.065906,-0.06634,0.13987
-0.018954,-0.022845,0.17263
-0.21229,-0.21305,0.52581
-0.13779,-0.13702,0.52566
-0.062293,-0.058639,0.52542
0.021309,0.018629,0.52638
0.11004,0.11434,0.52553
0.21119,0.2167,0.52545
-0.02921,-0.022146,0.15161
-0.22334,-0.20658,0.50053
-0.17081,-0.15219,0.52807
-0.091437,-0.080644,0.52668
-0.0088728,0.0006865,0.52647
0.068356,0.088759,0.52839
0.17631,0.18758,0.52677
-0.029059,0.0012966,0.16053
-0.22795,-0.2038,0.52508
-0.16713,-0.14452,0.5283
-0.087572,-0.053927,0.52725
-0.008101,0.025515,0.52725
0.094035,0.11977,0.528
0.18198,0.20672,0.5281
-0.023177,0.022885,0.16541
-0.20313,-0.1628,0.52661
-0.12247,-0.085156,0.5269
-0.042139,0.0010416,0.52634
0.04822,0.085102,0.52694
0.13302,0.18004,0.52597
-0.03444,0.022263,0.137
-0.21692,-0.16384,0.52539
-0.14494,-0.096221,0.52581
-0.066801,-0.009144,0.52496
0.020181,0.077051,0.52503
0.11303,0.17843,0.52422
-0.041615,0.028918,0.11886
-0.24154,-0.17878,0.52447
-0.17432,-0.11055,0.52437
-0.093756,-0.024095,0.52347
-0.0086706,0.067371,0.52092
0.078075,0.152,0.52177
0.17107,0.25064,0.51951
-0.25774,-0.17743,0.50743
-0.18644,-0.1059,0.51912
-0.11113,-0.024647,0.5176
-0.034295,0.04843,0.51825
0.057289,0.1438,0.5176
0.15335,0.23978,0.5176
-0.26033,-0.16834,0.49922
-0.1978,-0.10812,0.51762
-0.13143,-0.032674,0.51969
-0.045164,0.04819,0.51846
0.030307,0.13595,0.52126
0.13766,0.24475,0.5213
-0.26699,-0.16385,0.49365
-0.21979,-0.11919,0.52011
-0.1457,-0.03291,0.52103
-0.065476,0.052851,0.52076
0.022033,0.14263,0.52065
0.10587,0.2325,0.52036
-0.067663,0.06633,0.13958
-0.24206,-0.12362,0.52076
-0.16359,-0.04791,0.52089
-0.094349,0.033434,0.52031
-0.0066437,0.12486,0.52013
0.088221,0.22036,0.5201
-0.076271,0.063871,0.13205
-0.26271,-0.13379,0.52025
-0.18761,-0.058303,0.52024
-0.10942,0.036285,0.51945
-0.029842,0.11389,0.51954
0.060975,0.20424,0.51957
-0.084024,0.07137,0.12349
-0.27157,-0.12656,0.51948
-0.20375,-0.054592,0.51928
-0.12077,0.02838,0.51928
-0.041275,0.1146,0.51842
0.055041,0.22041,0.5152
-0.088271,0.075437,0.10399
-0.27788,-0.12172,0.51833
-0.20701,-0.049683,0.51793
-0.13082,0.040447,0.51407
-0.046893,0.13031,0.51805
0.035031,0.21944,0.52481
-0.10046,0.087506,0.10449
-0.29388,-0.12871,0.51527
-0.23175,-0.058873,0.51476
-0.14929,0.026131,0.51638
-0.07592,0.1096,0.52565
0.0097194,0.19886,0.52721
0.099558,0.29297,0.52903
-0.2954,-0.11463,0.46897
-0.26728,-0.083753,0.52399
-0.20381,-0.011856,0.52841
-0.12043,0.076024,0.53034
-0.038405,0.15928,0.53087
0.042197,0.25661,0.53803
-0.10933,0.096523,0.12002
-0.29957,-0.10594,0.52913
-0.22438,-0.027571,0.53049
-0.16332,0.045202,0.53551
-0.082423,0.13725,0.54029
-0.00093623,0.22353,0.54234
-0.11771,0.10538,0.086449
-0.31675,-0.10701,0.50589
-0.2674,-0.055999,0.53674
-0.20471,0.018305,0.54172
-0.12137,0.10095,0.54142
-0.043393,0.19622,0.54468
0.047407,0.29239,0.5477
-0.01961,0.21887,0.77012
-0.12816,0.11516,0.098797
-0.32784,-0.10737,0.52807
-0.26582,-0.037058,0.5434
-0.19885,0.036351,0.54416
-0.14233,0.10306,0.56419
-0.044505,0.20054,0.56341
0.036023,0.287,0.57672
-0.082059,0.16985,0.80596
0.02632,0.27909,0.80729
-0.13208,0.12798,0.1283
-0.31682,-0.085731,0.54367
-0.24868,-0.014104,0.54408
-0.17347,0.070197,0.54515
-0.26296,-0.024638,0.74961
-0.22349,0.025165,0.80097
-0.14461,0.10943,0.80924
-0.058773,0.20129,0.8185
0.026513,0.30105,0.8353
-0.3242,-0.084153,0.49344
-0.31804,-0.071459,0.56686
-0.24225,0.00492,0.56818
-0.32638,-0.082989,0.75533
-0.28596,-0.033394,0.80697
-0.21667,0.042868,0.81769
-0.1369,0.12467,0.82083
-0.057573,0.22381,0.84019
0.0099239,0.30055,0.87618
-0.13832,0.14336,0.12626
-0.34345,-0.083803,0.58268
-0.33354,-0.078513,0.65957
-0.33603,-0.076059,0.74578
-0.3201,-0.058903,0.82024
-0.25083,0.020142,0.83291
-0.18148,0.10046,0.85035
-0.092167,0.19333,0.86479
-0.015007,0.28309,0.88985
-0.15782,0.14453,0.10013
-0.34632,-0.075661,0.54538
-0.346,-0.078058,0.6339
-0.33952,-0.069404,0.71408
-0.3366,-0.071286,0.80354
-0.28258,-0.0088926,0.83473
-0.20986,0.072633,0.84266
-0.17011,0.1304,0.89192
-0.074219,0.2287,0.89399
-0.0063751,0.31015,0.93085
-0.34189,-0.065031,0.5006
-0.35389,-0.07123,0.61174
-0.3451,-0.066045,0.69248
-0.34165,-0.06072,0.77902
-0.32161,-0.040201,0.84026
-0.2803,0.015122,0.88682
-0.20683,0.098779,0.89629
-0.13522,0.175,0.918
-0.073726,0.25618,0.95068
-0.16779,0.15536,0.083202
-0.35184,-0.052046,0.54112
-0.34792,-0.048557,0.62315
-0.33873,-0.048345,0.70813
-0.34624,-0.057363,0.83796
-0.32092,-0.019286,0.89289
-0.23468,0.070718,0.89611
-0.19536,0.12541,0.93949
-0.11467,0.22297,0.95899
-0.016394,0.32763,0.97047
-0.35329,-0.05084,0.5335
-0.35174,-0.045625,0.61118
-0.34624,-0.04068,0.69913
-0.3534,-0.041071,0.90642
-0.30294,0.017321,0.93847
-0.22234,0.10497,0.94856
-0.1599,0.18856,0.97474
-0.048583,0.30427,0.97995
-0.18577,0.1727,0.11341
-0.36103,-0.035451,0.60825
-0.35782,-0.037235,0.92014
-0.31035,0.022545,0.95311
-0.21967,0.11941,0.9657
-0.14558,0.20961,0.98382
-0.066181,0.30874,0.9984
-0.19003,0.18368,0.11831
-0.36187,-0.032476,0.93331
-0.32527,0.019324,0.97101
-0.24161,0.1122,0.98154
-0.15492,0.21212,0.9944
-0.065212,0.33143,0.99913
-0.36846,-0.020328,0.9147
-0.34186,0.0095768,0.97762
-0.2756,0.090428,0.99387
-0.19571,0.18745,0.9991
-0.088115,0.30856,0.99912
-0.3323,0.038322,0.88547
-0.33985,0.026319,0.99395
-0.25826,0.12762,0.99933
-0.16008,0.23963,0.9982
-0.2127,0.1992,0.092446
-0.37976,-0.010768,0.98245
-0.31235,0.072517,0.99924
-0.21674,0.19134,0.99568
-0.21858,0.20553,0.11196
-0.35692,0.040899,0.99877
-0.25389,0.16199,0.99057
-0.39377,0.0011845,0.9839
-0.32162,0.092026,0.99266
-0.40382,0.012591,0.97511
-0.23895,0.22568,0.10639
-0.2531,0.23972,0.086652
-0.2655,0.25176,0.094985
-0.2794,0.26611,0.096126
-0.30368,0.27976,0.0027026
-0.28518,0.29316,0.086793
-0.29112,0.29654,0.079048
0.467,-0.083331,0.5478
0.4619,-0.064524,0.56746
0.45574,-0.067299,0.56792
0.43721,-0.097029,0.56641
0.42129,-0.1215,0.56002
0.40494,-0.14585,0.54632
0.41883,-0.060506,0.57332
0.40277,-0.13746,0.56198
0.41812,-0.032809,0.57301
0.39642,-0.11428,0.56898
0.40956,0.00040015,0.5703
0.38965,-0.11129,0.57136
0.39851,0.019897,0.56838
0.36937,-0.12357,0.57347
0.39014,0.00028611,0.56937
0.35875,-0.14439,0.57076
0.37195,-0.032837,0.5707
0.34349,-0.19504,0.56328
0.35582,-0.095766,0.57302
0.37656,0.040314,0.56027
0.33665,-0.17863,0.56896
0.35711,-0.059438,0.56894
0.32073,-0.22914,0.54926
0.33611,-0.14043,0.57329
0.34719,-0.015005,0.56692
0.31652,-0.22864,0.55821
0.32077,-0.14881,0.57322
0.33777,-0.020211,0.56638
0.30762,-0.23345,0.56134
0.31342,-0.14918,0.57314
0.33312,-0.0098046,0.56049
0.29217,-0.2486,0.56157
0.30524,-0.16008,0.57317
0.3176,-0.018972,0.56021
0.27628,-0.27323,0.55036
0.29058,-0.1861,0.57329
0.29711,-0.069473,0.56731
0.31249,0.075193,0.55368
0.28041,-0.22637,0.56978
0.28642,-0.12005,0.5708
0.29892,0.012921,0.55923
0.26663,-0.27882,0.55798
0.27061,-0.19077,0.57313
0.28713,-0.059107,0.56179
0.29699,0.070244,0.55317
0.25822,-0.27497,0.56655
0.25978,-0.16983,0.56841
0.27544,-0.054886,0.56126
0.29372,0.085499,0.55134
0.24524,-0.29146,0.56468
0.25079,-0.19275,0.57252
0.26305,-0.063503,0.56189
0.28259,0.074723,0.5513
0.22988,-0.30675,0.56473
0.24334,-0.2131,0.57307
0.25107,-0.09021,0.56032
0.26142,0.051463,0.55151
0.22714,-0.31976,0.53178
0.22543,-0.26884,0.57315
0.24203,-0.15626,0.57012
0.25213,-0.014849,0.55537
0.26012,0.11013,0.54545
0.21518,-0.31528,0.56692
0.2273,-0.20765,0.56999
0.23119,-0.080546,0.56194
0.24749,0.047648,0.5505
0.20739,-0.34193,0.55096
0.21256,-0.27326,0.57339
0.21748,-0.15136,0.56751
0.22781,-0.023152,0.55132
0.24238,0.10368,0.54432
0.19416,-0.34432,0.56332
0.20303,-0.25673,0.57311
0.21284,-0.12944,0.56043
0.22248,-0.0056214,0.55331
0.23459,0.14374,0.53589
0.1818,-0.33432,0.56884
0.19096,-0.24124,0.56918
0.20689,-0.11813,0.56214
0.21104,0.0083723,0.55078
0.2274,0.15751,0.53586
0.18171,-0.33779,0.56839
0.18611,-0.23836,0.56773
0.19535,-0.11316,0.5616
0.19962,0.019488,0.54624
0.20965,0.14697,0.5366
0.16525,-0.36132,0.56744
0.17206,-0.26504,0.57062
0.17772,-0.1391,0.56248
0.19369,-0.0093916,0.55083
0.20257,0.13622,0.53647
0.15451,-0.38769,0.56047
0.15871,-0.30314,0.57313
0.17124,-0.19546,0.56732
0.17782,-0.067059,0.55237
0.18512,0.066304,0.54227
0.19618,0.22566,0.52765
0.14658,-0.35356,0.57157
0.15229,-0.24917,0.5704
0.16023,-0.12954,0.55963
0.16767,0.013923,0.54482
0.18014,0.15001,0.53341
0.1421,-0.39602,0.56359
0.14473,-0.31242,0.57308
0.15022,-0.19982,0.56327
0.15035,-0.082382,0.55377
0.16074,0.07152,0.53522
0.17347,0.20505,0.52745
0.12744,-0.38242,0.56898
0.13288,-0.28811,0.56812
0.13987,-0.17693,0.56248
0.14659,-0.051726,0.55035
0.15482,0.10294,0.53554
0.16546,0.23563,0.52327
0.12117,-0.40988,0.56684
0.12175,-0.31997,0.57198
0.13271,-0.20833,0.5603
0.1388,-0.087414,0.55312
0.13574,0.061266,0.53506
0.15158,0.1975,0.52608
0.11014,-0.43812,0.55427
0.11321,-0.36494,0.57331
0.11836,-0.25938,0.5683
0.12307,-0.1328,0.55134
0.13486,0.0015617,0.54376
0.13717,0.13756,0.5257
0.1152,-0.128,0.11578
0.099859,-0.43253,0.56666
0.11094,-0.33955,0.57301
0.11131,-0.22269,0.56064
0.11619,-0.11288,0.5534
0.12211,0.025969,0.53805
0.12565,0.17074,0.52616
0.10883,-0.12159,0.11707
0.088988,-0.44353,0.56664
0.095424,-0.35234,0.57298
0.10604,-0.25016,0.56568
0.11176,-0.13451,0.55213
0.11251,-0.0083026,0.54247
0.11514,0.14272,0.52783
0.12212,0.29641,0.51537
0.083214,-0.46521,0.55375
0.087295,-0.39352,0.57334
0.091932,-0.29305,0.56894
0.093241,-0.18706,0.55863
0.096202,-0.052934,0.54539
0.10366,0.090958,0.53042
0.10265,0.23361,0.52016
0.086517,-0.099024,0.12581
0.081043,-0.45543,0.56485
0.080888,-0.37393,0.57305
0.08364,-0.26272,0.56184
0.086388,-0.14129,0.55327
0.09057,-0.00347,0.53719
0.097579,0.13383,0.527
0.1008,0.27711,0.51721
0.076526,-0.089153,0.1213
0.068344,-0.4553,0.56783
0.067791,-0.36886,0.57049
0.074493,-0.25997,0.56057
0.078019,-0.15224,0.55352
0.078725,-0.016176,0.53754
0.080221,0.12843,0.52586
0.0895,0.2762,0.52616
0.067141,-0.079984,0.10901
0.060718,-0.45628,0.56873
0.064679,-0.37241,0.57062
0.061721,-0.25584,0.56256
0.069386,-0.1475,0.5522
0.071541,-0.00928,0.53395
0.07323,0.1422,0.52374
0.076047,0.26873,0.52872
0.078833,0.33693,0.59268
0.079888,0.32148,0.71478
0.049178,-0.48668,0.54292
0.053675,-0.43454,0.57342
0.049168,-0.33571,0.56893
0.055699,-0.22913,0.55911
0.056823,-0.10106,0.54412
0.06049,0.038636,0.5326
0.059011,0.18062,0.5206
0.072083,0.29355,0.54106
0.064209,0.31953,0.6375
0.067133,0.30545,0.74907
0.043742,-0.056407,0.10852
0.042668,-0.44235,0.57338
0.045229,-0.34822,0.56969
0.050376,-0.23268,0.55892
0.047383,-0.11033,0.54414
0.053257,0.025086,0.53322
0.048381,0.16886,0.52066
0.057574,0.27601,0.53976
0.056332,0.31352,0.62919
0.054545,0.29286,0.7498
0.052293,0.32818,0.83621
0.036052,-0.46927,0.55931
0.03729,-0.38454,0.56797
0.035649,-0.28072,0.56243
0.038013,-0.15662,0.54999
0.039377,-0.031053,0.53576
0.040448,0.10063,0.52472
0.041527,0.23536,0.52921
0.044997,0.29988,0.58547
0.038914,0.27979,0.71278
0.047566,0.3048,0.81416
0.040347,0.34693,0.89713
0.025719,-0.44609,0.57324
0.022871,-0.34326,0.56727
0.02604,-0.22818,0.55117
0.034262,-0.10887,0.54477
0.029447,0.033063,0.52541
0.02448,0.15914,0.51998
0.036561,0.28029,0.54516
0.034217,0.29055,0.63297
0.030244,0.26867,0.76312
0.032109,0.31453,0.84576
0.030122,0.34781,0.93323
0.016078,-0.43667,0.57303
0.016278,-0.32106,0.56009
0.017154,-0.21845,0.55398
0.016546,-0.091695,0.54118
0.024231,0.041218,0.52778
0.025647,0.18939,0.51576
0.019269,0.26345,0.56149
0.022382,0.27763,0.66025
0.022464,0.26627,0.78199
0.023625,0.30622,0.85835
0.024434,0.35274,0.94938
0.012278,-0.44238,0.56681
0.0084508,-0.35135,0.56671
0.01141,-0.23813,0.55156
0.010479,-0.11783,0.54325
0.011167,0.0074973,0.52678
0.0058285,0.15903,0.51909
0.016173,0.25576,0.54467
0.011143,0.26455,0.64601
0.010418,0.24885,0.76447
0.0093102,0.29143,0.84863
0.010912,0.33193,0.94002
-0.0012037,-0.029074,0.13184
0.00015311,-0.40526,0.57076
-0.0049363,-0.28229,0.55832
3.5252e-005,-0.173,0.54338
0.00080664,-0.033194,0.53379
0.0035563,0.098066,0.51872
0.0017447,0.21278,0.53659
0.00028719,0.26922,0.6025
-0.0076053,0.23065,0.74104
0.0056737,0.26629,0.81935
-0.006361,0.30223,0.9062
-0.0095234,-0.027861,0.088105
-0.0059491,-0.42536,0.55944
-0.0079739,-0.32895,0.56282
-0.0084028,-0.21313,0.55099
-0.014406,-0.093182,0.53431
-0.014641,0.041879,0.52507
-0.009765,0.16892,0.51944
-0.0090518,0.24226,0.57747
-0.012729,0.23116,0.69297
-0.013091,0.23486,0.79694
-0.011836,0.28196,0.88322
-0.0079899,0.32763,0.95541
-0.018477,-0.031117,0.15031
-0.02128,-0.36587,0.56115
-0.015598,-0.26341,0.55186
-0.017458,-0.14417,0.54308
-0.020383,0.00072929,0.52844
-0.023187,0.12542,0.51931
-0.020308,0.22455,0.55316
-0.020234,0.23219,0.65037
-0.017125,0.22128,0.76094
-0.023598,0.25815,0.85218
-0.021946,0.29651,0.93479
-0.031304,-0.044076,0.11635
-0.02844,-0.40252,0.56094
-0.027585,-0.31286,0.55915
-0.027569,-0.17868,0.54526
-0.028237,-0.067143,0.53427
-0.030815,0.069007,0.51993
-0.029563,0.18668,0.53882
-0.027608,0.24192,0.60423
-0.030267,0.21126,0.73295
-0.029886,0.23206,0.82141
-0.032173,0.27673,0.90143
-0.032995,0.32195,0.98342
-0.040418,-0.029233,0.1436
-0.035358,-0.37029,0.56049
-0.035132,-0.25928,0.55292
-0.041207,-0.13645,0.53768
-0.035381,-0.017281,0.52798
-0.046546,0.12799,0.51554
-0.048369,0.19839,0.56728
-0.040913,0.21513,0.66429
-0.037621,0.20489,0.77974
-0.046369,0.23885,0.86418
-0.043987,0.27942,0.94488
-0.051216,-0.06402,0.11666
-0.05667,0.044341,0.13314
-0.047567,-0.31524,0.55566
-0.040835,-0.20316,0.54336
-0.053209,-0.073135,0.53241
-0.049984,0.06005,0.52116
-0.054167,0.16016,0.538
-0.054947,0.20352,0.62351
-0.054716,0.18489,0.7364
-0.047111,0.21719,0.82503
-0.053361,0.25523,0.90612
-0.058345,0.29766,0.98517
-0.05378,-0.053062,0.14201
-0.050503,-0.35934,0.56164
-0.052878,-0.24777,0.55001
-0.058274,-0.12896,0.53572
-0.063457,0.010205,0.52187
-0.061903,0.125,0.52625
-0.067647,0.18874,0.58885
-0.065301,0.17561,0.70862
-0.064638,0.18453,0.80175
-0.065119,0.22447,0.87386
-0.059914,0.27442,0.95428
-0.070889,-0.083485,0.12556
-0.073395,0.060906,0.12862
-0.065391,-0.30596,0.55312
-0.066373,-0.1935,0.54312
-0.067473,-0.046616,0.52847
-0.068671,0.068572,0.51985
-0.077915,0.16645,0.5463
-0.071971,0.18139,0.6462
-0.072425,0.16596,0.75791
-0.078266,0.20432,0.84412
-0.07631,0.2369,0.92409
-0.077504,0.29353,0.99652
-0.080511,0.067573,0.11306
-0.071127,-0.31375,0.55276
-0.081088,-0.19303,0.54156
-0.076166,-0.06504,0.52674
-0.08533,0.055841,0.51967
-0.087155,0.1575,0.54696
-0.085065,0.16948,0.64094
-0.081585,0.15679,0.75689
-0.084928,0.196,0.83959
-0.088404,0.22417,0.9228
-0.084672,0.28574,0.99619
-0.094711,0.081675,0.10855
-0.081691,-0.30393,0.55273
-0.087385,-0.17088,0.53392
-0.088215,-0.053498,0.52715
-0.090933,0.081349,0.5145
-0.09757,0.14728,0.56299
-0.096699,0.15839,0.65977
-0.10054,0.14063,0.77741
-0.095294,0.18753,0.85886
-0.093096,0.22358,0.93116
-0.10085,0.29933,0.99806
-0.10004,0.087341,0.12323
-0.091292,-0.2807,0.54947
-0.097231,-0.16059,0.53667
-0.10317,-0.016901,0.51761
-0.098773,0.08796,0.52617
-0.098983,0.1539,0.58099
-0.10703,0.1371,0.6917
-0.10626,0.1418,0.79849
-0.10972,0.18294,0.88069
-0.1018,0.23365,0.95519
-0.10012,-0.11273,0.1269
-0.098575,-0.33325,0.548
-0.10471,-0.216,0.54149
-0.10379,-0.083748,0.52832
-0.11207,0.039571,0.51916
-0.11064,0.13098,0.54491
-0.11173,0.14408,0.63531
-0.11268,0.12574,0.76233
-0.11308,0.16847,0.84058
-0.11307,0.19752,0.91877
-0.12208,0.24757,0.99579
-0.10238,-0.3244,0.52542
-0.11084,-0.25614,0.545
-0.1122,-0.13255,0.53245
-0.11939,0.0080221,0.52033
-0.12676,0.098146,0.54253
-0.12538,0.144,0.60485
-0.12513,0.11314,0.74241
-0.1262,0.13721,0.82365
-0.12501,0.18349,0.90019
-0.12544,0.2271,0.97944
-0.11452,-0.31239,0.52474
-0.11956,-0.2339,0.54181
-0.12657,-0.11222,0.52732
-0.13109,0.00070815,0.52012
-0.13511,0.11022,0.54873
-0.14032,0.11344,0.64444
-0.13263,0.10568,0.74909
-0.13528,0.14145,0.83677
-0.1395,0.17119,0.91897
-0.13785,0.22605,0.99274
-0.12235,-0.30873,0.54478
-0.13229,-0.19948,0.53633
-0.13805,-0.067737,0.52321
-0.13802,0.044249,0.52281
-0.14665,0.10449,0.57708
-0.14727,0.09669,0.69261
-0.1438,0.10354,0.7883
-0.14405,0.14013,0.86185
-0.14374,0.17989,0.94533
-0.1514,0.13885,0.085972
-0.13996,-0.24967,0.54133
-0.13992,-0.12246,0.52786
-0.15564,-0.0022338,0.51908
-0.15406,0.091293,0.54854
-0.15465,0.10031,0.63906
-0.15782,0.080562,0.75822
-0.15476,0.12004,0.83547
-0.15917,0.1527,0.92136
-0.1642,0.20405,0.99505
-0.14813,-0.27008,0.54259
-0.15607,-0.14327,0.52704
-0.15873,-0.022338,0.5199
-0.16196,0.071686,0.54397
-0.16815,0.088921,0.6297
-0.15789,0.08185,0.73616
-0.16827,0.098666,0.82908
-0.17115,0.13697,0.91306
-0.17315,0.1796,0.97978
-0.15344,-0.26847,0.54188
-0.16243,-0.14613,0.52766
-0.16864,-0.020358,0.51933
-0.17457,0.070388,0.55223
-0.17856,0.07534,0.64381
-0.17553,0.062848,0.75756
-0.17917,0.090431,0.83199
-0.1785,0.12991,0.90876
-0.18108,0.17397,0.9836
-0.16508,-0.26922,0.53237
-0.1727,-0.15918,0.52717
-0.18459,-0.034012,0.51922
-0.18626,0.056635,0.54506
-0.18777,0.06911,0.63055
-0.18698,0.051346,0.75119
-0.18371,0.084503,0.83103
-0.18671,0.12173,0.90836
-0.19134,0.16241,0.98144
-0.1738,-0.24174,0.5362
-0.17807,-0.11583,0.52452
-0.18724,-0.0053592,0.52244
-0.19336,0.054551,0.56986
-0.19389,0.053828,0.6766
-0.19493,0.04843,0.78122
-0.19384,0.087833,0.85629
-0.20091,0.12135,0.94254
-0.20447,0.19357,0.9987
-0.19099,-0.18476,0.52588
-0.19264,-0.070419,0.52057
-0.20382,0.021758,0.54282
-0.20263,0.056261,0.62162
-0.20141,0.039427,0.73419
-0.20404,0.057806,0.82125
-0.20159,0.099206,0.89216
-0.21247,0.13246,0.97133
-0.18819,-0.23506,0.53505
-0.20307,-0.11302,0.5177
-0.21066,-0.013101,0.53081
-0.21185,0.040103,0.5789
-0.21649,0.025152,0.70478
-0.21321,0.034806,0.79783
-0.21813,0.067762,0.86566
-0.21834,0.10508,0.94491
-0.23488,0.22118,0.096897
-0.21192,-0.15054,0.5246
-0.21311,-0.035916,0.51804
-0.22179,0.025575,0.56862
-0.22104,0.032885,0.66884
-0.22458,0.019076,0.78174
-0.22848,0.053069,0.85602
-0.22526,0.093604,0.93563
-0.22481,0.14629,0.99655
-0.21913,-0.17869,0.5266
-0.22772,-0.056367,0.51411
-0.2349,0.0091812,0.56035
-0.23428,0.018051,0.65119
-0.22781,0.01062,0.76422
-0.23158,0.048601,0.83909
-0.23834,0.075133,0.92462
-0.23676,0.1279,0.99315
-0.22236,-0.17464,0.52591
-0.23798,-0.057495,0.52113
-0.24061,0.004694,0.564
-0.23836,0.017314,0.66157
-0.2346,0.0038301,0.76395
-0.23815,0.041641,0.83883
-0.24374,0.071009,0.92724
-0.24687,0.12031,0.99448
-0.23594,-0.1827,0.52538
-0.24752,-0.070672,0.51771
-0.25271,-0.0061696,0.56677
-0.24657,0.0073951,0.65627
-0.24783,-0.0094157,0.76161
-0.25381,0.024095,0.83756
-0.25871,0.054545,0.92419
-0.26187,0.1003,0.99183
-0.24695,-0.18159,0.50192
-0.25539,-0.089934,0.51517
-0.26195,-0.017625,0.5581
-0.26365,-0.010957,0.64914
-0.25433,-0.015939,0.75842
-0.25806,0.01142,0.83191
-0.26509,0.043338,0.90854
-0.26701,0.087422,0.98257
-0.30134,0.28405,0.05809
-0.25483,-0.12515,0.52022
-0.26714,-0.042681,0.54234
-0.26487,-0.00064704,0.61229
-0.26496,-0.020883,0.72173
-0.26862,-0.0062785,0.82201
-0.27314,0.029296,0.89358
-0.27358,0.069642,0.96969
-0.30416,0.28555,0.035855
-0.27354,-0.092665,0.5215
-0.27433,-0.027813,0.56673
-0.27735,-0.025038,0.65113
-0.27918,-0.040708,0.76932
-0.27983,0.0015754,0.84025
-0.28686,0.025072,0.92149
-0.28855,0.069429,0.98843
-0.27771,-0.10458,0.51487
-0.28472,-0.03952,0.54989
-0.28793,-0.034601,0.64636
-0.28473,-0.046426,0.74746
-0.29026,-0.016547,0.83475
-0.292,0.016445,0.90825
-0.29539,0.057166,0.97947
-0.28766,-0.11236,0.51626
-0.29683,-0.052736,0.56021
-0.29754,-0.044619,0.65302
-0.2933,-0.054922,0.75773
-0.30004,-0.022922,0.83703
-0.30398,0.0042061,0.91213
-0.31032,0.047195,0.98766
-0.29981,-0.11973,0.52076
-0.30378,-0.057848,0.56542
-0.30254,-0.049637,0.65295
-0.29887,-0.060452,0.76274
-0.30525,-0.027792,0.83726
-0.316,-0.0035487,0.92255
-0.31653,0.04385,0.99088
-0.31255,-0.11118,0.53245
-0.31268,-0.055651,0.59029
-0.31047,-0.06572,0.68844
-0.31532,-0.067539,0.7945
-0.32054,-0.033733,0.86769
-0.31617,0.0058038,0.94195
-0.32791,0.056249,0.99918
-0.32427,-0.07964,0.55522
-0.32793,-0.074802,0.65366
-0.32188,-0.082959,0.75651
-0.32384,-0.052476,0.83317
-0.32826,-0.019426,0.90252
-0.33019,0.016328,0.97287
-0.32919,-0.10308,0.53781
-0.33099,-0.063898,0.6089
-0.32713,-0.083835,0.71389
-0.33076,-0.07209,0.80996
-0.33494,-0.040518,0.88459
-0.33559,-0.0055741,0.95077
-0.33821,-0.094893,0.53479
-0.34209,-0.079199,0.61995
-0.34596,-0.064212,0.70214
-0.34657,-0.057441,0.82746
-0.34421,-0.032411,0.92122
-0.35413,0.0032809,0.98749
-0.34998,-0.079574,0.57276
-0.34765,-0.066306,0.66479
-0.35529,-0.038191,0.92047
-0.35977,-0.00058316,0.99025
-0.37343,-0.011615,0.95192
-0.38391,-0.010277,0.97293
-0.3894,0.019732,0.99536
-0.28857,-0.30642,0.041544
-0.27955,-0.29773,0.046542
-0.27332,-0.28962,0.051491
-0.27939,-0.27197,0.099723
-0.26053,-0.26173,0.10562
-0.24518,-0.24725,0.10867
-0.23604,-0.24964,0.098906
0.033778,-0.46407,0.56614
-0.23524,-0.2304,0.11065
0.035473,-0.45051,0.5734
-0.21717,-0.2301,0.083424
0.071598,-0.46746,0.56288
-0.0022607,-0.41193,0.57021
-0.10859,-0.32178,0.54814
0.080788,-0.46293,0.55931
0.0099729,-0.40949,0.56841
-0.084473,-0.33052,0.55217
-0.21058,-0.22005,0.52727
0.083564,-0.45928,0.55997
0.023607,-0.3989,0.56784
-0.078017,-0.32651,0.55175
-0.17506,-0.24477,0.53589
-0.19679,-0.21036,0.099759
0.079319,-0.43609,0.56894
0.0031011,-0.37266,0.56812
-0.10423,-0.29279,0.54938
-0.21036,-0.19646,0.52724
-0.30195,-0.11944,0.52303
0.10421,-0.44694,0.54522
0.052916,-0.40843,0.57313
-0.031265,-0.34162,0.5618
-0.12942,-0.25551,0.54302
-0.24613,-0.16424,0.51859
-0.32278,-0.099689,0.54175
-0.33685,-0.080334,0.6372
0.10837,-0.44269,0.54122
0.056706,-0.39489,0.57302
-0.023415,-0.32873,0.56127
-0.13846,-0.23975,0.54016
-0.24942,-0.14747,0.52042
-0.32522,-0.080046,0.55023
-0.33158,-0.078697,0.64831
-0.32618,-0.082751,0.75979
-0.18276,-0.18378,0.1196
0.076254,-0.40149,0.57331
-0.0053497,-0.3355,0.56128
-0.099237,-0.24977,0.54536
-0.21957,-0.15959,0.52474
-0.30327,-0.089943,0.53757
-0.32721,-0.06716,0.61723
-0.31175,-0.073518,0.73895
-0.3298,-0.060915,0.83151
-0.36768,-0.023519,0.9581
0.1108,-0.42604,0.56457
0.046378,-0.36742,0.56945
-0.051845,-0.2883,0.55383
-0.15071,-0.19313,0.53462
-0.2736,-0.099316,0.51536
-0.31256,-0.061396,0.57714
-0.30844,-0.061746,0.67822
-0.30803,-0.060409,0.79227
-0.33734,-0.046344,0.87701
-0.35754,-0.019665,0.96212
-0.16342,-0.17683,0.10344
0.10503,-0.40784,0.56901
0.033003,-0.34796,0.56859
-0.060815,-0.2608,0.55052
-0.17547,-0.16515,0.5266
-0.26901,-0.085067,0.52438
-0.31131,-0.053311,0.59246
-0.30151,-0.058786,0.69908
-0.30504,-0.051707,0.80815
-0.32999,-0.029393,0.892
-0.35776,-0.0046511,0.98037
0.13238,-0.41795,0.53955
0.085384,-0.37842,0.57315
0.0059573,-0.30664,0.56203
-0.098078,-0.22044,0.54263
-0.21145,-0.12272,0.51749
-0.28523,-0.056974,0.54334
-0.30481,-0.047412,0.62827
-0.2913,-0.052945,0.75382
-0.31019,-0.035603,0.83534
-0.33302,-0.020857,0.92196
-0.38381,0.026297,0.99507
0.13821,-0.40412,0.56038
0.072114,-0.35135,0.56767
-0.015326,-0.27115,0.55133
-0.12183,-0.18883,0.53636
-0.23609,-0.08839,0.51935
-0.28478,-0.039621,0.56367
-0.29129,-0.03559,0.66609
-0.28682,-0.042646,0.78263
-0.31295,-0.025901,0.86824
-0.33499,-0.0019051,0.95327
-0.14041,-0.15083,0.12491
0.11895,-0.38519,0.57049
0.03426,-0.30708,0.56033
-0.058,-0.23119,0.54344
-0.15906,-0.13608,0.52826
-0.25202,-0.057155,0.52966
-0.28957,-0.023715,0.59985
-0.28044,-0.037156,0.71949
-0.28694,-0.026341,0.81933
-0.31331,-0.0044171,0.90167
-0.33952,0.015289,0.98319
0.15025,-0.40083,0.54544
0.096441,-0.35241,0.57299
0.01256,-0.27383,0.55927
-0.080889,-0.19394,0.54167
-0.19461,-0.09574,0.51972
-0.27159,-0.031568,0.54472
-0.27923,-0.024905,0.64193
-0.27224,-0.033845,0.75918
-0.28768,-0.0060081,0.853
-0.30924,0.010716,0.93784
-0.12845,-0.1412,0.089223
0.15169,-0.38854,0.56197
0.091897,-0.32832,0.56827
-0.0043105,-0.25183,0.55191
-0.1012,-0.15918,0.53614
-0.22073,-0.061577,0.51731
-0.26242,-0.014872,0.56904
-0.27,-0.014377,0.66652
-0.26712,-0.023663,0.78139
-0.28217,0.0015042,0.86074
-0.31255,0.024032,0.95687
-0.11886,-0.13202,0.10887
0.1571,-0.375,0.5667
0.081903,-0.31478,0.56998
-0.011718,-0.23259,0.55259
-0.12709,-0.12697,0.52572
-0.21973,-0.042238,0.51832
-0.26323,-0.0097048,0.58243
-0.25717,-0.014414,0.69891
-0.25745,-0.009473,0.79725
-0.28362,0.0089941,0.8806
-0.30295,0.035055,0.96389
-0.11935,-0.11929,0.13074
0.13331,-0.34077,0.57327
0.052155,-0.27203,0.56228
-0.042485,-0.19374,0.54524
-0.15488,-0.090257,0.52429
-0.23753,-0.017395,0.54049
-0.258,0.00087309,0.62171
-0.24634,-0.0077623,0.73823
-0.26086,0.0042207,0.82622
-0.28404,0.027441,0.92058
-0.31909,0.051142,0.99609
0.17952,-0.37102,0.54712
0.12602,-0.3294,0.57306
0.039749,-0.24909,0.55953
-0.060879,-0.15783,0.53838
-0.17655,-0.058914,0.52079
-0.2437,-0.00047259,0.5451
-0.24842,0.0047991,0.64682
-0.23629,0.0021338,0.76353
-0.25939,0.022924,0.84673
-0.28533,0.034547,0.93768
-0.099965,-0.11274,0.095812
0.16936,-0.35843,0.56728
0.10646,-0.29538,0.57044
0.012143,-0.21372,0.55309
-0.095854,-0.11848,0.53268
-0.1968,-0.017528,0.51999
-0.23847,0.017137,0.5871
-0.2346,0.008165,0.69887
-0.23634,0.012274,0.80089
-0.25752,0.035332,0.88112
-0.28493,0.056644,0.96811
-0.095369,-0.10782,0.13049
0.16626,-0.3403,0.56984
0.082307,-0.26705,0.56301
-0.015466,-0.17851,0.54324
-0.10854,-0.087742,0.52846
-0.20059,-0.0081318,0.52863
-0.23836,0.026095,0.59864
-0.22301,0.020215,0.71935
-0.23623,0.020574,0.8135
-0.25857,0.049862,0.90006
-0.28569,0.068527,0.98222
0.19658,-0.35164,0.53478
0.15183,-0.31447,0.57318
0.068713,-0.23551,0.56115
-0.033893,-0.14798,0.54178
-0.13682,-0.044539,0.51821
-0.20763,0.015331,0.5417
-0.22646,0.029777,0.63341
-0.21885,0.019473,0.74984
-0.23626,0.038603,0.83552
-0.25395,0.060846,0.92733
-0.076233,-0.088717,0.093146
0.19902,-0.34541,0.55877
0.13362,-0.28606,0.56836
0.048969,-0.20497,0.55115
-0.047098,-0.11463,0.53627
-0.16145,-0.0172,0.51952
-0.2127,0.035075,0.56955
-0.21396,0.03699,0.67255
-0.20797,0.034637,0.77991
-0.22945,0.055059,0.86261
-0.25936,0.072747,0.95248
-0.071855,-0.084835,0.10935
0.19065,-0.32923,0.56834
0.12103,-0.25868,0.56847
0.029229,-0.17516,0.55096
-0.08128,-0.078987,0.52552
-0.17751,0.0088706,0.52602
-0.21577,0.043686,0.59433
-0.20335,0.03721,0.71189
-0.20823,0.042345,0.80391
-0.23328,0.062657,0.88798
-0.25797,0.092287,0.97647
-0.061755,-0.074099,0.13388
0.18641,-0.31621,0.5709
0.10334,-0.22822,0.56105
0.011517,-0.1533,0.54294
-0.092593,-0.045275,0.52594
-0.1806,0.029181,0.53605
-0.20674,0.060218,0.6008
-0.19507,0.049695,0.72508
-0.20713,0.058706,0.82738
-0.22752,0.081153,0.90494
-0.25511,0.10253,0.98787
0.21756,-0.32987,0.53299
0.17596,-0.28795,0.57315
0.093434,-0.21636,0.56174
0.0030887,-0.13059,0.5438
-0.10872,-0.02757,0.51888
-0.18472,0.045397,0.54356
-0.19351,0.062629,0.63385
-0.18288,0.055464,0.75283
-0.20874,0.068668,0.83723
-0.2218,0.091582,0.92445
-0.26415,0.12495,0.99961
0.22665,-0.32342,0.54861
0.16361,-0.26059,0.5677
0.073062,-0.18299,0.55136
-0.015866,-0.091129,0.53492
-0.11581,0.0023057,0.52077
-0.17947,0.064587,0.56055
-0.19046,0.063111,0.65505
-0.17977,0.058721,0.7723
-0.20163,0.081124,0.85869
-0.22036,0.10556,0.94743
-0.040811,-0.053491,0.10819
0.21699,-0.30883,0.56754
0.15034,-0.24268,0.56966
0.068229,-0.15963,0.55328
-0.042461,-0.061189,0.53229
-0.13886,0.039179,0.51883
-0.17901,0.074451,0.58229
-0.1737,0.071143,0.68797
-0.17636,0.071595,0.79703
-0.20091,0.093644,0.8849
-0.22692,0.11727,0.97062
-0.034901,-0.047443,0.12485
0.22074,-0.29405,0.56902
0.15048,-0.22453,0.56806
0.062466,-0.13777,0.55054
-0.048273,-0.042087,0.52587
-0.13467,0.048413,0.52357
-0.17041,0.085475,0.58771
-0.16814,0.073417,0.70524
-0.16855,0.086,0.81003
-0.19569,0.10065,0.88835
-0.22123,0.12975,0.97717
-0.035884,-0.03094,0.14481
0.21374,-0.28034,0.57321
0.1259,-0.19329,0.56273
0.034616,-0.10224,0.54413
-0.061455,-0.016569,0.52618
-0.1468,0.070352,0.53921
-0.16424,0.093114,0.62845
-0.15663,0.081608,0.73895
-0.16804,0.099842,0.83052
-0.19594,0.11377,0.91697
-0.22207,0.15161,0.99792
0.24942,-0.2984,0.5339
0.21966,-0.26717,0.5734
0.13505,-0.19049,0.56205
0.035897,-0.095276,0.54354
-0.054646,0.0033459,0.52493
-0.13515,0.07644,0.53682
-0.15681,0.10209,0.62158
-0.14945,0.093342,0.73069
-0.16538,0.10888,0.83512
-0.18881,0.12251,0.92025
-0.22044,0.15333,0.99797
-0.012346,-0.027022,0.16114
0.22619,-0.26762,0.57328
0.14086,-0.18346,0.56226
0.056037,-0.092234,0.5453
-0.050374,0.013764,0.52434
-0.13299,0.086006,0.54
-0.15198,0.1048,0.63101
-0.14134,0.099253,0.73463
-0.15385,0.11431,0.83095
-0.18043,0.13171,0.92192
-0.21318,0.16515,0.99869
-0.0064543,-0.028217,0.17504
0.22863,-0.25351,0.57335
0.15339,-0.17439,0.56168
0.053452,-0.085807,0.54437
-0.042978,0.019511,0.5245
-0.12091,0.090253,0.53664
-0.14735,0.1099,0.62892
-0.13184,0.10641,0.73985
-0.15021,0.12312,0.83449
-0.17319,0.13741,0.91877
-0.20427,0.17237,0.99854
0.021927,-0.029012,0.15235
0.26136,-0.27457,0.56527
0.19755,-0.21258,0.57012
0.11089,-0.1308,0.55292
0.010196,-0.028796,0.53428
-0.081444,0.071335,0.51911
-0.13621,0.11667,0.58099
-0.13149,0.11461,0.68136
-0.13271,0.1146,0.78781
-0.15668,0.13409,0.87651
-0.17869,0.15917,0.96194
0.075536,-0.079161,0.13743
0.022371,-0.025494,0.16038
0.26045,-0.26237,0.56794
0.18956,-0.19475,0.56888
0.10501,-0.10491,0.5515
-0.0056819,0.00014667,0.52581
-0.093778,0.090063,0.52428
-0.12502,0.13154,0.58924
-0.12299,0.11858,0.70516
-0.12635,0.12683,0.80792
-0.15199,0.1467,0.89035
-0.17346,0.17361,0.9734
0.067247,-0.056333,0.13904
0.027865,-0.0085421,0.17714
0.25214,-0.24277,0.57298
0.17441,-0.15742,0.56101
0.08367,-0.076221,0.54378
-0.015942,0.025122,0.52654
-0.098698,0.11209,0.53648
-0.12342,0.14546,0.60679
-0.11637,0.1279,0.72224
-0.1258,0.13591,0.82103
-0.14508,0.16308,0.91248
-0.16832,0.19029,0.98947
0.028928,0.0021121,0.15161
0.26309,-0.24365,0.56979
0.18722,-0.15777,0.5613
0.10044,-0.071309,0.54299
0.005515,0.027511,0.52836
-0.087614,0.11654,0.53364
-0.11247,0.14887,0.59595
-0.10453,0.13699,0.71456
-0.114,0.14382,0.81505
-0.13555,0.1715,0.89753
-0.16186,0.19509,0.98671
0.029262,0.015495,0.15192
0.27129,-0.23825,0.56904
0.19724,-0.15495,0.56411
0.10709,-0.059415,0.54266
0.012174,0.031024,0.52811
-0.074154,0.11458,0.52703
-0.111,0.15725,0.60191
-0.098679,0.14508,0.72083
-0.10292,0.15387,0.81346
-0.12915,0.17934,0.90016
-0.1538,0.1999,0.98134
0.29775,-0.24871,0.5308
0.26765,-0.21278,0.57333
0.17715,-0.12912,0.56137
0.087301,-0.038894,0.54303
-0.013326,0.072233,0.51764
-0.079846,0.14385,0.54201
-0.098808,0.15593,0.64008
-0.092471,0.14588,0.75416
-0.11347,0.16694,0.83924
-0.13095,0.1841,0.92785
-0.16976,0.22867,0.99859
0.30477,-0.24631,0.54542
0.26156,-0.19504,0.57307
0.17853,-0.11062,0.55956
0.089572,-0.023905,0.54172
-0.0093411,0.087648,0.51929
-0.087701,0.15715,0.55318
-0.086057,0.16707,0.65367
-0.078212,0.1602,0.76201
-0.10532,0.17531,0.83939
-0.11816,0.19745,0.92898
0.045245,0.032821,0.10344
0.30843,-0.23076,0.56278
0.23641,-0.16182,0.57012
0.1549,-0.08109,0.55391
0.056536,0.023579,0.53369
-0.040514,0.12631,0.51471
-0.076756,0.1738,0.57579
-0.0809,0.16506,0.68207
-0.077476,0.16702,0.7832
-0.10168,0.18546,0.86843
-0.11955,0.21696,0.95677
0.057523,0.044994,0.1242
0.30754,-0.22582,0.56653
0.24263,-0.15907,0.57043
0.15519,-0.063017,0.55233
0.060051,0.039423,0.53248
-0.037234,0.13832,0.5165
-0.074892,0.17827,0.58162
-0.066318,0.1778,0.69175
-0.073648,0.17565,0.80195
-0.091182,0.20044,0.87839
-0.11729,0.2255,0.96928
0.0647,0.052222,0.12618
0.30963,-0.208,0.56864
0.24261,-0.14479,0.56916
0.14835,-0.047273,0.55009
0.051812,0.059569,0.52615
-0.033689,0.14904,0.52324
-0.065324,0.19197,0.59087
-0.060074,0.18146,0.70534
-0.066562,0.18398,0.80386
-0.090953,0.21294,0.89482
-0.11257,0.24188,0.98259
0.067708,0.055926,0.13895
0.3097,-0.19855,0.56939
0.24507,-0.12969,0.56804
0.15369,-0.036502,0.54955
0.057488,0.076685,0.52817
-0.035686,0.16557,0.5324
-0.062652,0.2034,0.60002
-0.052721,0.18768,0.71145
-0.060937,0.19471,0.81171
-0.079033,0.2231,0.89331
-0.1111,0.2444,0.98433
0.33791,-0.2131,0.5411
0.29511,-0.17296,0.5732
0.21957,-0.092663,0.56199
0.12344,0.010017,0.54171
0.027948,0.11525,0.51756
-0.041832,0.18953,0.5437
-0.0537,0.20098,0.64034
-0.043615,0.19472,0.75205
-0.062813,0.21548,0.83782
-0.083426,0.23005,0.92464
-0.11554,0.26821,0.99915
0.34156,-0.20466,0.5574
0.28121,-0.1473,0.56809
0.1929,-0.046691,0.55329
0.10893,0.046852,0.53654
0.017004,0.14669,0.52022
-0.044683,0.20271,0.56869
-0.045767,0.20991,0.66157
-0.03852,0.20579,0.78286
-0.057841,0.22704,0.86343
-0.080542,0.25394,0.95441
0.092461,0.079589,0.10723
0.33858,-0.18713,0.56756
0.26946,-0.1178,0.56915
0.1903,-0.025948,0.55213
0.09426,0.076653,0.53218
-0.00057912,0.17712,0.51851
-0.034535,0.21903,0.58253
-0.03424,0.20887,0.69709
-0.035738,0.21208,0.79506
-0.056415,0.23772,0.88398
-0.074057,0.264,0.9646
0.09928,0.086867,0.12919
0.34005,-0.17988,0.56833
0.2765,-0.11322,0.56936
0.18762,-0.011222,0.5504
0.088565,0.091934,0.52541
0.0016879,0.19564,0.52927
-0.029927,0.23094,0.59555
-0.020999,0.22097,0.70305
-0.028903,0.22203,0.80446
-0.050233,0.24929,0.89108
-0.075012,0.27709,0.97871
0.10091,0.092916,0.13338
0.33378,-0.16515,0.5719
0.26268,-0.075518,0.56
0.17958,0.015911,0.54314
0.07545,0.11852,0.52635
0.0032669,0.20727,0.53357
-0.026796,0.23965,0.60967
-0.019573,0.22167,0.73345
-0.026895,0.23811,0.82611
-0.047623,0.26085,0.90787
-0.077506,0.28848,0.99384
0.36883,-0.18002,0.55243
0.323,-0.13222,0.57306
0.23539,-0.036203,0.55727
0.14885,0.060995,0.53466
0.0453,0.17554,0.52019
-0.012288,0.23232,0.55543
-0.014798,0.23927,0.65659
-0.0068563,0.23228,0.77388
-0.025732,0.25766,0.86013
-0.048203,0.27339,0.94119
0.12127,0.10846,0.099005
0.36924,-0.16841,0.56395
0.30685,-0.10245,0.57028
0.22111,-0.0091677,0.55352
0.13252,0.089476,0.53468
0.028485,0.2029,0.51543
-0.0026476,0.24814,0.57631
-0.0012901,0.24482,0.68129
-0.0015826,0.24608,0.79285
-0.028322,0.26259,0.87681
-0.046951,0.28678,0.9538
0.12595,0.11323,0.1187
0.36408,-0.15344,0.56866
0.29517,-0.081259,0.56818
0.21726,0.01071,0.55117
0.11443,0.12989,0.52751
0.028782,0.21731,0.52694
-0.0038286,0.25199,0.58757
0.0093278,0.24998,0.71215
-0.00058072,0.25101,0.80547
-0.018454,0.28276,0.89252
-0.046661,0.30671,0.9808
0.38405,-0.16405,0.53452
0.34601,-0.11894,0.57317
0.27547,-0.045702,0.56278
0.18743,0.062396,0.54291
0.088486,0.17804,0.51759
0.018141,0.25442,0.54428
0.0054913,0.26175,0.63334
0.017118,0.25545,0.75107
-0.0041702,0.27215,0.83649
-0.021958,0.29091,0.9234
-0.052832,0.33236,0.99927
0.39016,-0.15412,0.55888
0.33246,-0.089866,0.56788
0.24996,0.0012449,0.55171
0.1688,0.096778,0.53549
0.067927,0.21704,0.51929
0.02105,0.26568,0.5625
0.011259,0.26737,0.66395
0.02069,0.26352,0.7803
0.0035992,0.28856,0.86361
-0.017321,0.31107,0.94945
0.14395,0.13129,0.12044
0.37738,-0.12789,0.57019
0.31677,-0.053041,0.5676
0.22883,0.042799,0.54863
0.13316,0.1551,0.52836
0.052841,0.24222,0.52731
0.023294,0.28294,0.59449
0.028964,0.2731,0.72189
0.021437,0.27918,0.81494
-0.0032108,0.30413,0.89783
-0.019711,0.33311,0.97991
0.40006,-0.14519,0.55814
0.34537,-0.077545,0.56777
0.27362,0.0069444,0.55525
0.18304,0.10545,0.53452
0.092988,0.21559,0.52056
0.033772,0.27902,0.54952
0.03391,0.28757,0.65533
0.035004,0.27347,0.76884
0.018049,0.30017,0.84866
0.0017867,0.32512,0.94472
0.16383,0.15081,0.10868
0.38695,-0.11321,0.57157
0.32299,-0.040286,0.56702
0.24634,0.054504,0.54971
0.14848,0.16857,0.52833
0.058359,0.26095,0.53297
0.034156,0.29789,0.59802
0.043987,0.28687,0.71839
0.040845,0.29624,0.81133
0.0095376,0.31821,0.90486
-0.0063461,0.34782,0.98212
0.41758,-0.13342,0.54569
0.36961,-0.08076,0.57301
0.29636,0.008144,0.55947
0.19914,0.11635,0.53385
0.10415,0.22448,0.52067
0.050981,0.29604,0.54787
0.048291,0.30084,0.65187
0.052721,0.29116,0.76578
0.032311,0.31477,0.8454
0.016249,0.33785,0.9412
0.17611,0.16391,0.082642
0.41891,-0.1201,0.56292
0.35598,-0.052261,0.57047
0.28261,0.0376,0.55235
0.18534,0.14723,0.53419
0.091189,0.26452,0.51495
0.055246,0.30467,0.57323
0.05307,0.30292,0.67392
0.059079,0.3064,0.78802
0.035253,0.32393,0.87186
0.015353,0.35385,0.96514
0.17473,0.17495,0.12118
0.40243,-0.08718,0.57343
0.32246,0.0047173,0.56257
0.24896,0.097242,0.54516
0.14181,0.22248,0.51908
0.074381,0.29316,0.53991
0.058312,0.31693,0.62285
0.064625,0.30289,0.74212
0.05529,0.32728,0.83359
0.032904,0.34438,0.92056
0.0057516,0.3801,0.99598
0.43151,-0.11255,0.55905
0.37844,-0.051147,0.56841
0.29365,0.054827,0.55342
0.20959,0.14889,0.53641
0.1208,0.26448,0.51955
0.072378,0.31653,0.55974
0.063836,0.31961,0.66568
0.071233,0.31243,0.77746
0.055667,0.34266,0.85857
0.011066,0.38206,0.97319
0.43809,-0.10083,0.56298
0.38245,-0.033718,0.56901
0.29946,0.054632,0.55238
0.21094,0.16618,0.53485
0.11902,0.27767,0.51749
0.075973,0.32651,0.57573
0.076594,0.32274,0.68111
0.078217,0.32414,0.78463
0.20396,0.19119,0.087026
0.4441,-0.098657,0.56004
0.38627,-0.028894,0.5692
0.3022,0.066095,0.55389
0.21285,0.17289,0.53438
0.12024,0.2931,0.51475
0.081633,0.33259,0.57668
0.08313,0.33048,0.68919
0.44725,-0.09445,0.56085
0.3976,-0.023059,0.56818
0.31256,0.071954,0.55311
0.23724,0.17021,0.53636
0.13242,0.29726,0.51503
0.21699,0.20416,0.11066
0.44427,-0.073087,0.56868
0.37342,0.017279,0.56566
0.28728,0.11509,0.54303
0.20472,0.22205,0.52784
0.46889,-0.082006,0.54084
0.42603,-0.041006,0.57319
0.35459,0.05707,0.56045
0.27256,0.15679,0.53953
0.46909,-0.080638,0.54967
0.43043,-0.024121,0.57305
0.35616,0.067572,0.5595
0.24183,0.22882,0.10469
0.45898,-0.041692,0.57143
0.37459,0.0581,0.55292
0.4836,-0.062374,0.55758
0.25465,0.24188,0.083664
0.46775,-0.03754,0.56512
0.25757,0.26375,0.10533
0.27365,0.28496,0.09661
0.30152,0.28152,0.007419
0.28588,0.29288,0.086447
-0.0018634,0.39701,0.96668
0.015149,0.3795,0.95252
0.070542,0.36134,0.58352
0.031213,0.36508,0.9154
0.0039249,0.36818,0.99293
0.078374,0.35087,0.58935
0.070391,0.35265,0.6705
0.043209,0.35527,0.89198
0.017294,0.36471,0.97373
0.088378,0.34354,0.55556
0.077492,0.34672,0.6385
0.072029,0.34444,0.73503
0.058853,0.3457,0.81767
0.033621,0.34162,0.89917
-0.0041076,0.34459,0.97497
0.10119,0.33202,0.53717
0.063058,0.32897,0.5999
0.081102,0.33443,0.72048
0.075071,0.32678,0.8022
0.045313,0.33921,0.88345
0.0094715,0.34302,0.95365
0.12245,0.31783,0.49827
0.075121,0.31986,0.55422
0.064497,0.3188,0.64202
0.083032,0.32497,0.75473
0.053483,0.32456,0.83298
0.020416,0.32909,0.90488
-0.018017,0.33196,0.9762
0.12235,0.30714,0.52321
0.065194,0.31487,0.57381
0.060759,0.3155,0.66781
0.073722,0.31219,0.76913
0.032274,0.31472,0.84549
0.0062459,0.31924,0.92366
-0.041696,0.32917,0.99643
0.11014,0.29377,0.52409
0.059061,0.3095,0.5755
0.059628,0.30671,0.67738
0.060522,0.30125,0.77666
0.030633,0.31237,0.85236
-0.0053594,0.3082,0.92482
-0.053563,0.30997,0.99255
0.10854,0.2894,0.52148
0.051781,0.2959,0.56005
0.042452,0.29549,0.6534
0.052176,0.29059,0.76151
0.022573,0.29893,0.83652
-0.011447,0.29713,0.91466
-0.046836,0.3105,0.98737
0.14604,0.27662,0.52017
0.057815,0.27994,0.54134
0.031697,0.29123,0.61877
0.041007,0.28577,0.72476
0.025416,0.28196,0.81309
-0.007878,0.28713,0.88591
-0.041122,0.29451,0.95543
-0.28399,0.3033,0.021142
0.15002,0.26901,0.52073
0.058688,0.27203,0.53758
0.0088024,0.27509,0.60022
0.031989,0.27358,0.71477
0.025396,0.27503,0.80247
-0.014464,0.28141,0.88784
-0.054016,0.28228,0.95644
-0.27523,0.2936,0.020026
0.17555,0.25439,0.51887
0.068528,0.25919,0.52786
0.012289,0.26405,0.57848
0.021027,0.26738,0.68004
0.019478,0.26468,0.78442
-0.011723,0.27098,0.85859
-0.046819,0.27187,0.93526
-0.1062,0.2823,0.99955
0.19416,0.2421,0.50775
0.096404,0.24665,0.51923
0.014784,0.25946,0.55478
0.00025243,0.25533,0.63856
0.022166,0.26055,0.75756
-0.011165,0.26137,0.83396
-0.039822,0.2686,0.90867
-0.086359,0.26873,0.98366
0.19584,0.23387,0.52513
0.075918,0.24823,0.51452
0.0048041,0.24895,0.55979
-0.0051011,0.24755,0.65218
0.0083734,0.24679,0.76192
-0.023896,0.24692,0.8328
-0.057986,0.25029,0.91088
-0.10262,0.25405,0.98627
0.19084,0.22636,0.52707
0.063891,0.2359,0.51439
-0.00706,0.23815,0.54986
-0.012628,0.24024,0.64837
-0.0011128,0.23729,0.76053
-0.031153,0.2454,0.83665
-0.062459,0.24644,0.91531
-0.10738,0.25454,0.9917
0.20339,0.21982,0.52769
0.08277,0.22081,0.51982
-0.011611,0.22883,0.54477
-0.020721,0.23458,0.63758
-0.01199,0.22654,0.73832
-0.030291,0.23714,0.82984
-0.067841,0.24067,0.90732
-0.11069,0.23759,0.97457
0.22175,0.20749,0.52955
0.11121,0.21288,0.52035
0.0061459,0.21809,0.53698
-0.038893,0.22386,0.59718
-0.020747,0.22079,0.71461
-0.024661,0.22813,0.80732
-0.065106,0.2276,0.8808
-0.11361,0.22427,0.96233
0.24085,0.19295,0.51769
0.14701,0.1986,0.52554
0.024844,0.20654,0.52227
-0.035497,0.21301,0.57119
-0.040544,0.21399,0.66807
-0.030162,0.21203,0.77919
-0.072061,0.20955,0.85358
-0.099352,0.21808,0.9327
-0.16113,0.21804,0.99876
0.18751,0.184,0.52672
0.072711,0.19994,0.52034
-0.024921,0.199,0.54211
-0.063596,0.20586,0.60296
-0.037953,0.20527,0.72991
-0.055361,0.20833,0.82408
-0.09999,0.20297,0.89402
-0.13926,0.20646,0.9721
0.24813,0.1716,0.5347
0.1345,0.1816,0.52596
0.011495,0.19037,0.51962
-0.054493,0.19558,0.57469
-0.051111,0.19784,0.67505
-0.051536,0.18692,0.76765
-0.087043,0.19506,0.84877
-0.11988,0.1967,0.93097
-0.1733,0.1978,0.99655
0.22561,0.17194,0.53572
0.11321,0.17145,0.5249
-0.0034839,0.17861,0.52264
-0.069423,0.18078,0.57498
-0.059771,0.18693,0.67819
-0.060236,0.18506,0.78457
-0.097906,0.1874,0.86437
-0.13496,0.18512,0.93811
-0.21444,0.19361,0.99569
0.23138,0.15879,0.53539
0.11588,0.16287,0.52598
-0.010688,0.17038,0.52167
-0.078489,0.17048,0.57222
-0.079639,0.17643,0.66412
-0.065064,0.18035,0.78474
-0.11146,0.17054,0.84982
-0.14241,0.1759,0.9345
-0.20367,0.18518,0.99958
0.23994,0.14995,0.53554
0.13009,0.15035,0.52836
-0.010875,0.16312,0.51524
-0.079852,0.16454,0.55744
-0.084773,0.16888,0.65528
-0.071096,0.16734,0.7654
-0.11809,0.16268,0.83948
-0.14804,0.16678,0.92737
-0.20172,0.16742,0.99552
0.28379,0.13887,0.54496
0.16273,0.13879,0.5328
0.037039,0.14874,0.52108
-0.068127,0.14933,0.53934
-0.10452,0.15892,0.61322
-0.088754,0.15602,0.72578
-0.10396,0.15323,0.81408
-0.13997,0.15844,0.89012
-0.17914,0.16448,0.97008
0.30545,0.13117,0.52477
0.21783,0.12436,0.53696
0.10866,0.13496,0.52795
-0.030578,0.1429,0.51502
-0.0949,0.15089,0.56509
-0.11164,0.14327,0.65921
-0.093388,0.14508,0.76884
-0.13557,0.14674,0.84677
-0.1697,0.14737,0.93195
-0.23321,0.15,0.9991
0.31669,0.11589,0.53432
0.20888,0.12461,0.53399
0.085895,0.12653,0.52658
-0.042505,0.12997,0.51459
-0.1112,0.13412,0.56403
-0.12259,0.13348,0.66279
-0.10876,0.12971,0.76895
-0.15229,0.13035,0.84367
-0.18417,0.13246,0.93106
-0.24526,0.13986,0.99927
0.3241,0.10681,0.54818
0.22434,0.10951,0.54186
0.10534,0.11549,0.52657
-0.034306,0.12494,0.51728
-0.11466,0.1244,0.54461
-0.12722,0.12777,0.63899
-0.11488,0.12353,0.7622
-0.15023,0.1277,0.83758
-0.1854,0.12639,0.92119
-0.23886,0.13388,0.99742
-0.10195,0.11484,0.10317
0.27122,0.10155,0.54277
0.15091,0.10071,0.53538
0.023343,0.11317,0.51766
-0.084546,0.11826,0.53306
-0.14318,0.11527,0.59347
-0.12732,0.11402,0.70635
-0.13607,0.11554,0.8055
-0.174,0.11883,0.88109
-0.21932,0.11832,0.95903
0.10708,0.094413,0.12017
0.34216,0.091296,0.53409
0.25434,0.095273,0.54392
0.14338,0.095564,0.53515
0.0037613,0.097162,0.51847
-0.11125,0.10095,0.53709
-0.16218,0.10245,0.59879
-0.13991,0.10235,0.71664
-0.1492,0.11034,0.8177
-0.19315,0.1035,0.88861
-0.24131,0.10779,0.97536
0.099174,0.086728,0.12799
0.35421,0.078714,0.54901
0.25729,0.082037,0.54427
0.13663,0.086642,0.53536
0.004651,0.089996,0.51765
-0.11623,0.094263,0.53635
-0.16552,0.091849,0.59104
-0.144,0.098156,0.71635
-0.16455,0.091852,0.81287
-0.20114,0.093972,0.88613
-0.24326,0.095555,0.96545
0.093122,0.080406,0.11818
0.36495,0.065636,0.55589
0.25607,0.074382,0.54687
0.14056,0.080202,0.53637
0.013932,0.078794,0.52427
-0.11285,0.083511,0.5303
-0.16697,0.088102,0.5859
-0.16208,0.080868,0.69793
-0.1633,0.085555,0.80126
-0.20506,0.086418,0.87807
-0.24422,0.093688,0.96256
0.078719,0.066096,0.12124
0.37509,0.056518,0.54721
0.28025,0.065003,0.55203
0.15428,0.068442,0.53415
0.034799,0.065446,0.52753
-0.10565,0.069684,0.5163
-0.1749,0.070602,0.56444
-0.17926,0.072412,0.67165
-0.16629,0.077313,0.78165
-0.21261,0.073126,0.86531
-0.25022,0.073083,0.94467
0.076373,0.064015,0.094855
-0.048143,0.060944,0.11446
0.31877,0.051668,0.55542
0.20743,0.055991,0.54521
0.092006,0.058006,0.53379
-0.053104,0.058249,0.5211
-0.15238,0.068412,0.54077
-0.18975,0.068732,0.62347
-0.17213,0.066909,0.73741
-0.19558,0.068298,0.82438
-0.24118,0.067018,0.91197
-0.28963,0.067314,0.98672
0.052473,0.047579,0.14195
0.37631,0.043674,0.56087
0.27199,0.042392,0.55346
0.13691,0.051547,0.5341
0.015081,0.049545,0.52717
-0.12229,0.055627,0.51872
-0.18913,0.056409,0.56453
-0.19642,0.053299,0.67409
-0.18988,0.051049,0.77699
-0.2265,0.057927,0.86242
-0.26345,0.056258,0.93734
0.053798,0.041273,0.10477
-0.029997,0.042516,0.12427
0.33593,0.037548,0.56054
0.20742,0.040605,0.5426
0.086639,0.036537,0.53537
-0.051739,0.035541,0.51756
-0.16372,0.040777,0.53379
-0.21984,0.046375,0.60016
-0.19596,0.046391,0.71689
-0.21228,0.044142,0.8129
-0.25703,0.041637,0.89034
-0.30191,0.045281,0.97351
0.031975,0.027568,0.14552
0.36913,0.026735,0.56044
0.26167,0.024438,0.5537
0.1463,0.028128,0.5422
0.012476,0.03101,0.52806
-0.1278,0.029852,0.51782
-0.2156,0.028904,0.55642
-0.22028,0.035921,0.66343
-0.20778,0.030829,0.77298
-0.24848,0.033195,0.85293
-0.28624,0.034039,0.9385
0.034051,0.021143,0.11712
0.4103,0.017631,0.56637
0.29981,0.018451,0.55874
0.1875,0.015394,0.54303
0.071547,0.021047,0.53541
-0.070793,0.018664,0.51757
-0.19213,0.018815,0.53655
-0.24087,0.02398,0.59898
-0.22303,0.021282,0.72239
-0.23732,0.021931,0.81725
-0.28471,0.024208,0.90129
-0.32655,0.025668,0.9789
0.42783,0.0059701,0.54623
0.35106,0.013748,0.56009
0.23297,0.0067094,0.55313
0.12374,0.013345,0.5414
-0.016882,0.010584,0.52784
-0.16499,0.010666,0.5166
-0.23049,0.014673,0.56369
-0.24543,0.0084565,0.65602
-0.23239,0.011123,0.78149
-0.2704,0.011491,0.85679
-0.31528,0.0098896,0.94682
0.029253,-4.9821e-005,0.14131
0.38727,-0.0040436,0.5695
0.27501,-0.0020574,0.55829
0.15146,0.00073242,0.54533
0.017172,-0.0004357,0.53218
-0.11892,0.0024965,0.52061
-0.22578,-0.0013039,0.54234
-0.25996,-0.0013142,0.6227
-0.24546,-0.003199,0.73164
-0.26749,-0.0019948,0.82686
-0.31091,-0.0024633,0.90835
0.028318,-0.013574,0.10603
0.40729,-0.0089505,0.569
0.31794,-0.011275,0.56144
0.20558,-0.011463,0.55221
0.061546,-0.015592,0.53459
-0.078958,-0.011473,0.52402
-0.2053,-0.01064,0.52957
-0.26196,-0.0073873,0.58479
-0.25151,-0.0097927,0.70438
-0.26121,-0.0061383,0.81083
-0.30416,-0.012015,0.87956
-0.3493,-0.011283,0.96414
0.44901,-0.01845,0.56597
0.35498,-0.019641,0.56802
0.24241,-0.020735,0.55379
0.11794,-0.017408,0.54397
-0.019061,-0.022438,0.52666
-0.15379,-0.018534,0.51995
-0.25836,-0.026205,0.5438
-0.27979,-0.024458,0.63745
-0.2648,-0.026444,0.75402
-0.29773,-0.015997,0.84098
-0.33455,-0.017006,0.93293
0.45822,-0.02607,0.53319
0.41461,-0.023651,0.57096
0.30782,-0.023507,0.56109
0.19273,-0.029878,0.55276
0.07345,-0.031098,0.5408
-0.062138,-0.028826,0.52728
-0.20821,-0.033113,0.51607
-0.28569,-0.034386,0.57746
-0.2825,-0.036669,0.68277
-0.27467,-0.026892,0.79452
-0.31938,-0.029548,0.87441
0.046927,-0.034725,0.095209
0.45039,-0.035459,0.57339
0.35278,-0.034484,0.56915
0.23958,-0.03547,0.55808
0.11361,-0.037113,0.54533
-0.023864,-0.045029,0.53253
-0.16819,-0.044248,0.52049
-0.27937,-0.049246,0.54356
-0.30203,-0.045987,0.63428
-0.28184,-0.043469,0.75636
-0.31908,-0.042007,0.837
0.47951,-0.040274,0.53319
0.42816,-0.040067,0.5732
0.32257,-0.047305,0.5676
0.20878,-0.044398,0.55107
0.088583,-0.045688,0.54386
-0.059762,-0.052056,0.52614
-0.18794,-0.057598,0.52019
-0.29559,-0.054351,0.54487
-0.3091,-0.055408,0.64473
-0.29834,-0.0599,0.76598
0.069048,-0.05676,0.092174
0.46543,-0.052506,0.5686
0.3855,-0.051615,0.57063
0.26704,-0.049293,0.56243
0.15317,-0.057619,0.55159
0.019389,-0.060152,0.53418
-0.1103,-0.060171,0.52568
-0.25998,-0.069421,0.52781
-0.31776,-0.061187,0.58927
-0.30266,-0.062179,0.71088
-0.31572,-0.066118,0.80242
0.48422,-0.059388,0.55888
0.40502,-0.060518,0.57317
0.30694,-0.063171,0.56762
0.18751,-0.068643,0.55137
0.059799,-0.070777,0.54348
-0.085155,-0.074057,0.52674
-0.22629,-0.070935,0.5186
-0.32861,-0.083657,0.55229
-0.32317,-0.076894,0.68045
0.088809,-0.075828,0.10836
0.47268,-0.064683,0.56417
0.39094,-0.069775,0.57312
0.28726,-0.075779,0.567
0.17405,-0.074238,0.55178
0.037427,-0.082891,0.54242
-0.098023,-0.084066,0.52725
-0.25936,-0.085573,0.51515
0.094387,-0.081701,0.097872
0.47117,-0.075584,0.55699
0.39773,-0.077688,0.57328
0.28549,-0.086236,0.56777
0.15981,-0.081937,0.55291
0.035862,-0.088988,0.54289
-0.10843,-0.095507,0.52706
-0.24121,-0.095539,0.51945
0.10905,-0.096319,0.12264
0.4329,-0.08312,0.56886
0.3371,-0.094388,0.56897
0.22827,-0.091929,0.56283
0.10604,-0.091002,0.55023
-0.026578,-0.095315,0.53606
-0.18903,-0.10088,0.51752
-0.30715,-0.10729,0.5318
0.4492,-0.096057,0.55813
0.37273,-0.097512,0.57322
0.27619,-0.10291,0.56842
0.14518,-0.10398,0.55163
0.013554,-0.11048,0.54281
-0.13814,-0.11857,0.52824
-0.28335,-0.11896,0.51554
0.43852,-0.10807,0.55711
0.35151,-0.10502,0.57307
0.25672,-0.11334,0.56762
0.12773,-0.11582,0.5526
-0.0063057,-0.12247,0.542
-0.15243,-0.12602,0.52794
0.13578,-0.12643,0.12747
0.39427,-0.1106,0.5703
0.29419,-0.11535,0.57023
0.1853,-0.11756,0.56101
0.056374,-0.1252,0.54682
-0.077477,-0.13418,0.53602
-0.23438,-0.1461,0.51751
0.41477,-0.11728,0.5667
0.32244,-0.12396,0.57296
0.21199,-0.1283,0.56022
0.083232,-0.13269,0.5521
-0.052266,-0.14193,0.5354
-0.1979,-0.15074,0.52596
0.42178,-0.12581,0.55636
0.34242,-0.13225,0.57327
0.23654,-0.13528,0.56777
0.10729,-0.13929,0.55208
-0.020324,-0.14957,0.54334
-0.17304,-0.15343,0.52825
0.40206,-0.13942,0.56103
0.32083,-0.13861,0.57311
0.21409,-0.14669,0.5668
0.084263,-0.15911,0.55263
-0.047994,-0.16557,0.54214
-0.1881,-0.17151,0.52771
0.38753,-0.14505,0.56663
0.29658,-0.15488,0.57302
0.18189,-0.16176,0.56078
0.052272,-0.16394,0.55213
-0.1006,-0.17066,0.53583
-0.24715,-0.17997,0.52405
0.33853,-0.16501,0.57066
0.24185,-0.1671,0.57034
0.12145,-0.17167,0.55998
-0.019172,-0.18444,0.54287
-0.16144,-0.19635,0.53388
0.36822,-0.16667,0.56606
0.26807,-0.1684,0.57044
0.15913,-0.18106,0.56021
0.028495,-0.19083,0.55244
-0.11774,-0.19372,0.5348
0.37308,-0.17482,0.5554
0.2898,-0.17885,0.57321
0.19038,-0.18569,0.56815
0.051742,-0.19432,0.55217
-0.09285,-0.20369,0.54145
0.35942,-0.18997,0.55075
0.28482,-0.1932,0.57331
0.17494,-0.20062,0.56811
0.03427,-0.20684,0.55302
-0.093849,-0.2131,0.54231
0.35537,-0.18909,0.55875
0.28196,-0.19965,0.57335
0.15896,-0.21302,0.56779
0.02905,-0.22107,0.55146
-0.10578,-0.22534,0.54235
0.32765,-0.20635,0.56644
0.23449,-0.21241,0.57297
0.10467,-0.2259,0.56121
-0.020841,-0.23254,0.55168
-0.17158,-0.24278,0.53563
0.28931,-0.2178,0.56969
0.19104,-0.22393,0.56923
0.06811,-0.23843,0.56139
-0.085368,-0.24433,0.54393
0.31837,-0.22766,0.55753
0.23179,-0.2306,0.57314
0.1129,-0.2395,0.5642
-0.01118,-0.24923,0.55355
0.32069,-0.22971,0.53973
0.25654,-0.23761,0.57319
0.15429,-0.24171,0.56992
0.026396,-0.25926,0.5592
-0.11963,-0.26756,0.54527
0.26587,-0.24918,0.56899
0.16905,-0.2559,0.56777
0.028505,-0.26267,0.55978
-0.10462,-0.2834,0.54569
0.27612,-0.25703,0.56656
0.16632,-0.26283,0.56828
0.050753,-0.27437,0.56212
-0.085636,-0.29202,0.55115
0.2429,-0.26752,0.56898
0.14049,-0.28076,0.56807
0.0086281,-0.28551,0.56009
0.27668,-0.27491,0.54386
0.2081,-0.28471,0.57347
0.09853,-0.29389,0.5696
-0.046064,-0.30143,0.55129
0.25313,-0.28342,0.56479
0.16036,-0.28974,0.573
0.031323,-0.30341,0.56052
0.24994,-0.29888,0.53615
0.18565,-0.29725,0.57336
0.07077,-0.31571,0.56908
-0.062697,-0.3251,0.55349
0.19915,-0.30662,0.57005
0.097276,-0.31674,0.56941
-0.045048,-0.33331,0.55947
0.20333,-0.31506,0.56854
0.092174,-0.32485,0.56885
-0.03433,-0.34981,0.56234
0.1845,-0.3341,0.56851
0.068197,-0.34435,0.56968
-0.063412,-0.35753,0.56009
0.15372,-0.34363,0.57232
0.041045,-0.35277,0.56973
0.20267,-0.34531,0.55515
0.11237,-0.35267,0.57317
-0.033314,-0.37134,0.55998
0.15559,-0.35569,0.56899
0.035507,-0.37396,0.57025
0.17285,-0.37293,0.55774
0.068799,-0.37748,0.57296
0.17822,-0.37187,0.54855
0.091188,-0.38766,0.57332
0.16002,-0.38774,0.53374
0.091436,-0.39693,0.57342
0.15174,-0.39879,0.54716
0.0676,-0.41124,0.57332
0.11638,-0.41252,0.56713
0.12407,-0.42474,0.53613
0.057923,-0.43123,0.57343
0.085483,-0.43301,0.56853
0.087604,-0.44785,0.56563
0.086485,-0.45881,0.55811
0.054743,-0.47531,0.56697
