-0.19104,0.27218,0.010727
-0.18302,0.25643,0.048659
-0.18002,0.25418,0.077554
-0.17262,0.24215,0.057413
-0.26284,0.1313,0.4105
-0.15677,0.24694,0.10565
-0.23492,0.15627,0.4114
-0.16354,0.22184,0.1006
-0.27459,0.088762,0.44813
-0.18028,0.21016,0.41191
-0.15916,0.21324,0.10492
-0.26625,0.082566,0.45441
-0.17962,0.18393,0.43796
-0.087744,0.28996,0.43151
-0.31075,0.018439,0.47446
-0.21822,0.131,0.44563
-0.13494,0.23072,0.44082
-0.14696,0.18929,0.098358
-0.27769,0.038315,0.48003
-0.18745,0.14372,0.45265
-0.10986,0.23682,0.45213
-0.14519,0.18729,0.12426
-0.24829,0.060065,0.47142
-0.16758,0.15923,0.45421
-0.087312,0.24684,0.46223
-0.13753,0.18031,0.12735
-0.23791,0.05945,0.47207
-0.15771,0.1578,0.45825
-0.081163,0.2396,0.46831
-0.1325,0.16091,0.12504
-0.23659,0.042976,0.4779
-0.16179,0.12698,0.46356
-0.085241,0.22535,0.46843
-0.12725,0.15062,0.12229
-0.25235,0.017438,0.48859
-0.16959,0.11552,0.46466
-0.08028,0.20697,0.47094
-0.12651,0.15076,0.098987
-0.27996,-0.037522,0.50971
-0.17856,0.083407,0.47065
-0.10391,0.16258,0.46943
-0.030318,0.24715,0.49062
-0.10839,0.15082,0.13994
-0.20824,0.038131,0.47991
-0.30269,-0.077694,0.69872
-0.055735,0.21166,0.47936
-0.11669,0.12988,0.12635
-0.24732,-0.015764,0.50035
-0.31811,-0.10788,0.68897
-0.076088,0.172,0.4749
-0.0084628,0.24263,0.49972
-0.26817,-0.062925,0.50156
-0.17674,0.043939,0.47742
-0.2818,-0.075714,0.70463
-0.025222,0.21106,0.48845
-0.10692,0.11072,0.12785
-0.2455,-0.050399,0.51153
-0.30689,-0.11841,0.68391
-0.060767,0.15079,0.47735
0.0074605,0.22423,0.50136
-0.10016,0.097445,0.1455
-0.21359,-0.02972,0.4987
-0.30072,-0.12725,0.69713
-0.04913,0.1549,0.47904
0.023378,0.22596,0.507
-0.19677,-0.017192,0.1425
-0.25165,-0.084984,0.50072
-0.16423,0.012592,0.48212
-0.2714,-0.10713,0.71516
-0.0050546,0.18373,0.4906
0.043971,0.24792,0.69626
-0.090644,0.078768,0.13088
-0.22687,-0.065611,0.51194
-0.12886,0.033682,0.47846
-0.045412,0.12127,0.47916
0.023125,0.19409,0.50054
0.06349,0.24757,0.71073
-0.084192,0.066105,0.13681
-0.21565,-0.069569,0.51051
-0.11664,0.032851,0.47815
-0.042336,0.11828,0.4794
0.027492,0.19422,0.5018
0.079645,0.24212,0.71545
-0.082783,0.063341,0.1576
-0.19546,-0.06045,0.50354
-0.10384,0.033239,0.47828
-0.015908,0.12395,0.48242
0.039731,0.19532,0.50546
-0.16988,-0.042621,0.14713
-0.075855,0.049743,0.14048
-0.18632,-0.066856,0.50341
-0.26725,-0.15843,0.69724
-0.01363,0.11278,0.4823
0.054265,0.1836,0.50706
0.10687,0.23926,0.72132
-0.13272,-0.025293,0.16225
-0.055153,0.059428,0.17358
-0.15237,-0.040197,0.49076
-0.26217,-0.16107,0.72083
0.0099252,0.12779,0.48708
0.075807,0.19422,0.51587
-0.13144,-0.036533,0.16198
-0.064863,0.02817,0.17907
-0.15905,-0.064524,0.49599
-0.25983,-0.16671,0.71625
0.010918,0.11609,0.4854
0.076752,0.18628,0.51406
-0.11996,-0.034715,0.13553
-0.074394,0.0025564,0.18407
-0.19022,-0.10624,0.51406
-0.078388,-0.00024561,0.47863
-0.21085,-0.13307,0.72609
0.066254,0.16327,0.50523
0.12749,0.21504,0.7262
-0.084965,-0.011778,0.17795
-0.19327,-0.13138,0.51842
-0.092645,-0.019545,0.4807
-0.21704,-0.15803,0.72817
0.05724,0.13315,0.49527
0.11596,0.19892,0.72615
-0.082756,-0.028823,0.1776
-0.053303,0.0019903,0.23669
-0.17047,-0.12163,0.51224
-0.07337,-0.019361,0.47898
-0.19862,-0.1479,0.7279
0.076403,0.13703,0.50062
0.12998,0.18953,0.72789
-0.056904,-0.01789,0.20333
-0.05102,-0.012425,0.30733
-0.12847,-0.086997,0.49301
-0.23168,-0.19616,0.71133
0.037651,0.083315,0.48336
0.10701,0.15298,0.51206
-0.049371,-0.024222,0.16276
-0.048096,-0.023703,0.25977
-0.20229,-0.18147,0.56043
-0.20499,-0.17812,0.63945
-0.19942,-0.1763,0.72998
0.089553,0.11551,0.49783
0.15443,0.18193,0.54488
0.14968,0.18398,0.7297
-0.047812,-0.029512,0.20624
-0.19053,-0.18235,0.50495
-0.19599,-0.18744,0.60088
-0.21962,-0.20815,0.71525
0.065318,0.077633,0.48596
0.12538,0.13881,0.51242
0.15915,0.1769,0.58183
0.13664,0.15458,0.70752
-0.053286,-0.049346,0.16884
-0.025782,-0.024288,0.23346
-0.15686,-0.15714,0.51696
-0.045524,-0.049898,0.47783
-0.18358,-0.17833,0.73003
0.10829,0.10202,0.49834
0.16644,0.16956,0.58883
0.17042,0.16718,0.73023
-0.03509,-0.042455,0.19409
-0.13964,-0.14682,0.50941
-0.028514,-0.047811,0.47643
-0.17119,-0.17976,0.72967
0.11747,0.10572,0.50136
0.16188,0.15348,0.72972
-0.048091,-0.07644,0.17201
0.010281,-0.015947,0.18627
-0.084811,-0.1054,0.48758
-0.19683,-0.22715,0.72563
0.089595,0.053523,0.48553
0.15919,0.12473,0.51706
-0.060284,-0.095247,0.14277
-0.00020601,-0.03767,0.15849
-0.11889,-0.15886,0.50713
-0.015783,-0.063099,0.47735
0.067988,0.027209,0.4802
0.13125,0.09184,0.50147
0.19379,0.14892,0.73019
-0.037221,-0.095477,0.16656
0.029694,-0.024487,0.17543
-0.062619,-0.12007,0.48777
-0.17909,-0.22934,0.72916
0.10537,0.046426,0.48796
0.17982,0.11217,0.70391
-0.057891,-0.12862,0.1551
0.025104,-0.050673,0.17185
-0.065153,-0.13494,0.49087
-0.18239,-0.24416,0.72001
0.11018,0.035276,0.48769
0.18291,0.10545,0.51962
-0.057168,-0.14084,0.15129
0.040726,-0.041201,0.16988
-0.067631,-0.15175,0.49475
-0.17375,-0.25314,0.71819
0.10852,0.018554,0.48559
0.17933,0.082899,0.51345
-0.055895,-0.14807,0.14908
0.059731,-0.033572,0.16559
-0.053159,-0.14404,0.49132
-0.1652,-0.26049,0.72277
0.11831,0.012744,0.48875
0.19295,0.082138,0.51943
0.054558,-0.065226,0.13202
-0.10806,-0.21428,0.51966
0.0061897,-0.10334,0.48453
-0.13031,-0.23252,0.72916
0.15747,0.037272,0.50286
0.20994,0.089942,0.726
0.064532,-0.063322,0.15992
-0.037539,-0.15895,0.49763
-0.14915,-0.26897,0.72602
0.13779,0.00043145,0.49794
0.20512,0.070352,0.52389
0.072243,-0.074127,0.12039
-0.07859,-0.21647,0.52152
0.023002,-0.11292,0.49134
0.11379,-0.032799,0.49566
0.18258,0.03819,0.51421
0.25012,0.092935,0.72516
-0.086286,-0.23205,0.52546
0.021168,-0.12841,0.49616
0.11593,-0.048997,0.49973
0.18851,0.028642,0.51674
0.085477,-0.080788,0.11372
-0.079282,-0.24045,0.52365
0.024133,-0.14758,0.50487
0.11332,-0.061306,0.50452
0.18712,0.0051187,0.52056
0.11459,-0.070597,0.14466
-0.014732,-0.18484,0.51191
-0.10286,-0.27109,0.714
0.16234,-0.026651,0.51833
0.23012,0.041032,0.53857
-0.061404,-0.24014,0.53462
0.031633,-0.15794,0.515
0.11422,-0.084149,0.51804
0.19843,-0.010244,0.53351
0.13545,-0.079129,0.1375
-0.0064197,-0.20754,0.52905
0.08391,-0.12222,0.52231
0.16497,-0.047988,0.52932
0.12648,-0.10146,0.11121
-0.046528,-0.26059,0.5394
0.045136,-0.17356,0.53158
0.13104,-0.10041,0.53787
0.21021,-0.028686,0.54958
0.13051,-0.10438,0.13071
-0.014101,-0.23509,0.54304
0.074205,-0.16504,0.54426
0.16537,-0.072996,0.54471
0.18864,-0.062705,0.6196
0.22013,-0.034113,0.69298
0.1478,-0.11319,0.12828
-0.014781,-0.24957,0.55183
0.070759,-0.17306,0.54811
0.15984,-0.10369,0.56258
0.18076,-0.074136,0.62817
0.20972,-0.053577,0.70965
0.25183,-0.021666,0.77956
-0.030767,-0.27406,0.5399
0.036145,-0.22399,0.56144
-0.022907,-0.27683,0.72799
0.1282,-0.13994,0.65593
0.17491,-0.099505,0.70883
0.22059,-0.057597,0.76306
0.15999,-0.1194,0.10952
-0.011361,-0.27549,0.56493
-0.017911,-0.27943,0.66984
-0.016758,-0.28481,0.76036
0.12469,-0.15411,0.7043
0.18376,-0.10319,0.75344
0.22543,-0.06942,0.80397
0.17158,-0.12136,0.12113
0.038101,-0.24452,0.56814
-0.013552,-0.29476,0.71741
0.00047,-0.2801,0.79455
0.12119,-0.17608,0.76838
0.18935,-0.11244,0.79536
0.25526,-0.051433,0.84432
0.19634,-0.11967,0.11435
0.073343,-0.23093,0.56115
-0.0081191,-0.30119,0.74272
0.045305,-0.24419,0.78593
0.13406,-0.17391,0.79649
0.20302,-0.10944,0.82625
0.26833,-0.051653,0.86862
0.042271,-0.26917,0.55639
-0.0055971,-0.30525,0.74446
-0.00082305,-0.30242,0.82487
0.087099,-0.23015,0.83709
0.17748,-0.15436,0.85406
0.24911,-0.089385,0.89088
0.19834,-0.13894,0.097135
-0.0010082,-0.31202,0.75329
0.0052163,-0.31053,0.83423
0.074325,-0.24944,0.85567
0.17726,-0.15669,0.85798
0.24418,-0.10581,0.90578
0.21415,-0.13943,0.033277
0.1502,-0.20495,0.59373
0.0091621,-0.31865,0.82577
0.046495,-0.28513,0.88369
0.1386,-0.21481,0.8969
0.2224,-0.14377,0.92572
0.21814,-0.15011,0.031409
0.15326,-0.20576,0.59633
0.01787,-0.31867,0.88534
0.093251,-0.26165,0.9105
0.17885,-0.19216,0.92701
0.26298,-0.11503,0.9467
0.23656,-0.15842,0.076851
0.027761,-0.3294,0.89363
0.090933,-0.27269,0.92458
0.18174,-0.19849,0.94213
0.26803,-0.12613,0.96686
0.028937,-0.34171,0.874
0.059885,-0.3137,0.94246
0.14387,-0.24384,0.95594
0.23943,-0.15809,0.97054
0.039896,-0.34567,0.89833
0.069455,-0.31729,0.95457
0.15405,-0.24297,0.96918
0.247,-0.17111,0.98988
0.065304,-0.33152,0.94484
0.12736,-0.27745,0.98046
0.22327,-0.20328,0.99855
0.078743,-0.33556,0.9531
0.14736,-0.28166,0.98934
0.24944,-0.19365,0.99389
0.1128,-0.32224,0.97084
0.18067,-0.26607,0.99754
0.094762,-0.34607,0.95662
0.16489,-0.28644,0.99213
0.13175,-0.32364,0.9782
0.3022,-0.15175,0.97436
0.28936,-0.079323,0.84514
0.28122,-0.035274,0.74735
0.27257,-0.16563,0.94019
0.27353,-0.062625,0.77552
0.25839,-0.20216,0.97546
0.26627,-0.038625,0.69268
0.2608,-0.12166,0.85115
0.25516,-0.18324,0.99122
0.2534,-0.062065,0.70115
0.24717,-0.14804,0.86648
0.24276,-0.19972,0.99585
0.24888,-0.047232,0.63366
0.24068,-0.11947,0.79544
0.22961,-0.22902,0.96979
0.23647,-0.052058,0.56518
0.23257,-0.0897,0.69215
0.22952,-0.15084,0.83456
0.21992,-0.25067,0.99986
0.22778,-0.047104,0.57052
0.22522,-0.1088,0.71687
0.21225,-0.19066,0.86969
0.21281,-0.22676,0.99894
0.21951,-0.062005,0.56856
0.20988,-0.13059,0.72525
0.20496,-0.20089,0.87551
0.19787,-0.24366,0.99899
0.20113,-0.10465,0.60344
0.18939,-0.22021,0.78705
0.19643,-0.20496,0.86669
0.18927,-0.26278,0.99931
0.19303,-0.11702,0.55923
0.19383,-0.13774,0.68602
0.1862,-0.19457,0.82385
0.18256,-0.28198,0.98206
0.18241,-0.10642,0.12022
0.17716,-0.18542,0.62679
0.18404,-0.15133,0.69108
0.17843,-0.20597,0.83306
0.17615,-0.2875,0.98127
0.16895,-0.12397,0.11477
0.1932,0.19595,0.051838
0.17272,-0.1905,0.62952
0.16662,-0.19558,0.72891
0.16434,-0.22941,0.85156
0.16235,-0.29478,0.99066
0.16421,-0.12155,0.11659
0.18094,0.18629,0.068973
0.15728,-0.20517,0.62404
0.15982,-0.20111,0.71412
0.16195,-0.21526,0.81461
0.1461,-0.31154,0.98559
0.17782,0.16384,0.73036
0.17239,0.1894,0.013078
0.1489,-0.20122,0.57051
0.14985,-0.20578,0.66763
0.15289,-0.20763,0.75336
0.14903,-0.26141,0.89015
0.16768,0.12341,0.7079
0.14862,-0.11262,0.10245
0.1634,0.16891,0.077522
0.14336,-0.15604,0.54264
0.14637,-0.18148,0.65654
0.13797,-0.22826,0.78994
0.13282,-0.30838,0.9466
0.15641,0.13444,0.70912
0.1363,-0.10733,0.12508
0.15411,0.18453,0.11109
0.13082,-0.18923,0.62442
0.12822,-0.22095,0.74163
0.13149,-0.26996,0.87637
0.12282,-0.29388,0.98308
0.12711,-0.10174,0.098066
0.13893,0.14278,0.10871
0.12522,-0.16705,0.56431
0.12203,-0.21539,0.70108
0.12119,-0.25369,0.82272
0.11582,-0.33368,0.96879
0.14056,0.19897,0.72822
0.11992,0.12502,0.093654
0.11111,-0.19415,0.56065
0.10796,-0.21898,0.66839
0.11102,-0.24979,0.78892
0.10621,-0.32297,0.93341
0.12635,0.18225,0.72748
0.10448,-0.076034,0.14674
0.10528,-0.15611,0.50523
0.10698,-0.21328,0.63856
0.10233,-0.24832,0.76455
0.099773,-0.30995,0.90294
0.11939,0.17097,0.70978
0.093678,-0.085613,0.14215
0.10992,0.12549,0.13435
0.092598,-0.21562,0.60184
0.087942,-0.2484,0.72175
0.08674,-0.29538,0.8533
0.089615,-0.31472,0.96353
0.088335,-0.082376,0.13557
0.093524,0.097379,0.14129
0.07963,-0.19936,0.56859
0.077051,-0.25591,0.71766
0.076913,-0.29691,0.84177
0.084522,-0.33131,0.95668
0.077618,-0.07684,0.12594
0.081085,0.08494,0.1491
0.070176,-0.23659,0.61358
0.071886,-0.26333,0.73329
0.075054,-0.30622,0.85748
0.06799,-0.31931,0.95339
0.068727,-0.0729,0.15068
0.0732,0.10392,0.14748
0.064711,-0.24329,0.62311
0.066928,-0.26719,0.73512
0.062181,-0.32956,0.88498
0.078003,0.2135,0.69774
0.052587,-0.064318,0.15166
0.060529,0.098918,0.15146
0.056561,-0.25256,0.63944
0.052338,-0.28124,0.75141
0.050072,-0.34006,0.88935
0.061622,0.22842,0.69922
0.044058,-0.054688,0.16698
0.054858,0.092027,0.15429
0.045869,-0.25998,0.64041
0.04477,-0.28714,0.75426
0.047659,-0.34739,0.89853
0.05659,0.23949,0.70845
0.045002,0.049349,0.13326
0.038073,-0.25269,0.56458
0.03709,-0.27415,0.6798
0.039797,-0.30733,0.80453
0.036436,-0.33158,0.91347
0.030721,-0.053228,0.1327
0.029892,0.033992,0.16197
0.029888,-0.21645,0.55231
0.025034,-0.2887,0.7082
0.0233,-0.32715,0.83009
0.029876,0.20259,0.50423
0.018981,-0.047469,0.17238
0.020678,0.056918,0.1699
0.019441,-0.27452,0.62727
0.015644,-0.30255,0.74325
0.016336,-0.32539,0.85151
0.023489,0.24077,0.51038
0.011126,-0.013909,0.1866
0.008448,-0.27099,0.5664
0.0073451,-0.29502,0.69119
0.0066936,-0.31937,0.79359
0.012848,-0.31322,0.88114
-0.0013199,-0.037102,0.1486
0.0065673,0.037857,0.17738
0.00082364,-0.13783,0.4949
-0.00275,-0.31109,0.73467
-0.005259,-0.29726,0.80959
0.0044407,0.21949,0.49948
-0.012444,-0.039067,0.19481
-0.0085062,0.001155,0.26056
-0.0082523,-0.14786,0.49677
-0.010825,-0.29897,0.72083
-0.0077195,-0.29434,0.80152
-0.016305,0.22411,0.4937
-0.024286,-0.038076,0.20637
-0.013718,-0.0097789,0.28221
-0.015917,-0.13553,0.4909
-0.018932,-0.28611,0.71382
-0.021624,0.1127,0.48144
-0.019463,0.22947,0.49372
-0.024393,-0.064389,0.16368
-0.027861,-0.029597,0.22233
-0.022122,-0.27719,0.54647
-0.026669,-0.093433,0.48096
-0.023174,-0.27748,0.7281
-0.027969,0.13994,0.48164
-0.035238,0.26954,0.4902
-0.034293,-0.094344,0.16706
-0.038478,-0.036826,0.20436
-0.039744,-0.025025,0.29214
-0.038184,-0.12421,0.48597
-0.037698,-0.0053095,0.47702
-0.047366,0.11733,0.47882
-0.042358,0.23918,0.48475
-0.048056,-0.12305,0.15734
-0.049348,-0.042504,0.1887
-0.047866,-0.023739,0.25975
-0.049548,-0.19567,0.51315
-0.055919,-0.045509,0.4786
-0.046817,0.069721,0.47874
-0.06031,0.20239,0.47814
-0.056831,-0.1345,0.1533
-0.059353,-0.027001,0.19622
-0.057308,-0.25257,0.53616
-0.05786,-0.087217,0.48093
-0.058838,0.032554,0.47785
-0.060013,0.16702,0.47733
-0.064771,-0.14182,0.1506
-0.070801,0.039825,0.16243
-0.063993,-0.25155,0.52764
-0.070304,-0.076787,0.48139
-0.069845,0.038776,0.47827
-0.08039,0.16559,0.47432
-0.078495,-0.028148,0.17478
-0.087129,0.11829,0.15225
-0.077642,-0.14969,0.49613
-0.077349,-0.0065622,0.47868
-0.08199,0.11534,0.47537
-0.090245,-0.029932,0.13652
-0.091276,0.080009,0.15291
-0.082708,-0.20288,0.51581
-0.088717,-0.066971,0.48327
-0.092886,0.061357,0.47687
-0.097389,0.20871,0.46527
-0.099878,-0.0055159,0.17357
-0.091444,-0.23138,0.51948
-0.094499,-0.087498,0.48697
-0.090903,-0.25268,0.72189
-0.10731,0.17766,0.4666
-0.1086,-0.012405,0.17048
-0.10545,-0.22229,0.51269
-0.10861,-0.084439,0.48909
-0.095417,-0.25831,0.72109
-0.11875,0.18085,0.46315
-0.11982,-0.0087667,0.16713
-0.10847,-0.19815,0.51651
-0.11736,-0.043394,0.48514
-0.10782,-0.23131,0.7267
-0.13123,-0.036499,0.1288
-0.13199,0.1856,0.12665
-0.1262,-0.12851,0.50155
-0.11406,-0.27495,0.72424
-0.13733,0.16534,0.46132
-0.1406,-0.011543,0.16046
-0.12752,-0.20345,0.50816
-0.13413,-0.072069,0.49193
-0.13086,-0.23883,0.72911
-0.14562,-0.038779,0.14214
-0.16688,0.22839,0.088063
-0.14598,-0.11656,0.50422
-0.13284,-0.27057,0.72648
-0.15797,0.208,0.43777
-0.17251,0.23581,0.032155
-0.15392,-0.1768,0.50899
-0.15703,-0.040153,0.49141
-0.15258,-0.21287,0.72995
-0.19276,0.27555,0.023186
-0.16351,-0.13793,0.51421
-0.15575,-0.27084,0.71835
-0.16408,-0.175,0.72836
-0.17132,-0.15675,0.48755
-0.17227,-0.050792,0.49598
-0.16837,-0.2221,0.72999
-0.1943,-0.030481,0.14261
-0.17973,-0.12083,0.51469
-0.17523,-0.25196,0.71706
-0.1978,-0.046504,0.10359
-0.19013,-0.18954,0.53619
-0.18926,-0.18867,0.63486
-0.18852,-0.19648,0.73023
-0.20974,-0.025023,0.13802
-0.19513,-0.18832,0.59827
-0.19469,-0.22495,0.72696
-0.21768,-0.050193,0.11766
-0.21598,-0.08612,0.51559
-0.20582,-0.22095,0.71951
-0.22951,-0.052067,0.10881
-0.22928,-0.069195,0.5136
-0.21407,-0.21167,0.72367
-0.23595,-0.053085,0.10383
-0.23356,-0.08902,0.52002
-0.22205,-0.20492,0.71853
-0.244,-0.054068,0.093581
-0.24304,-0.083748,0.51371
-0.22915,-0.19683,0.72246
-0.25696,-0.056312,0.091905
-0.25397,-0.052272,0.51398
-0.25001,-0.17244,0.72318
-0.25956,-0.049923,0.1211
-0.27025,0.016118,0.49044
-0.27638,-0.059247,0.085441
-0.27331,-0.040725,0.51448
-0.27241,-0.1034,0.71418
-0.28391,-0.044693,0.4966
-0.28095,-0.11246,0.71423
-0.29666,-0.025952,0.48838
-0.30237,-0.062516,0.070646
-0.29222,-0.13239,0.71222
-0.31756,-0.062134,0.10224
-0.32268,-0.066823,0.093448
-0.33468,-0.068724,0.07608
-0.34772,-0.051204,0.045634
0.20279,0.21607,0.042239
0.19561,0.20013,0.061087
0.25847,0.13027,0.72345
0.19291,0.19377,0.034969
0.26631,0.099767,0.71586
0.19671,0.17822,0.72925
0.17453,0.19095,0.044902
0.26124,0.097667,0.72044
0.18178,0.18179,0.72982
0.17496,0.17953,0.079508
0.2475,0.098357,0.72595
0.15894,0.20497,0.72865
0.16463,0.16849,0.097518
0.16083,0.17531,0.57126
0.2136,0.11845,0.72937
0.11863,0.23666,0.72282
0.1583,0.16049,0.49867
0.2028,0.116,0.72925
0.10066,0.22773,0.72185
0.24887,0.039936,0.51963
0.23043,0.070318,0.72158
0.15035,0.15888,0.72916
0.1477,0.15299,0.088782
0.21944,0.072347,0.51869
0.13485,0.16441,0.50998
0.17743,0.11763,0.72563
0.08822,0.21916,0.72075
0.26732,-0.0042104,0.54482
0.17393,0.11019,0.51807
0.094706,0.19629,0.5214
0.093983,0.20314,0.72069
0.27347,-0.017556,0.546
0.17603,0.085954,0.51313
0.28093,-0.032064,0.73872
0.31054,-0.064114,0.86789
0.11625,0.13952,0.12976
0.19497,0.056023,0.51915
0.27293,-0.037414,0.7187
0.29593,-0.065712,0.84029
0.11834,0.12341,0.10097
0.25278,-0.021666,0.56867
0.26386,-0.035225,0.67053
0.28165,-0.055874,0.78761
0.31657,-0.10676,0.93042
0.094259,0.13441,0.13586
0.25334,-0.039814,0.6323
0.26542,-0.05557,0.73087
0.29158,-0.08428,0.85674
0.10361,0.10854,0.1012
0.24168,-0.038073,0.5681
0.25497,-0.055425,0.68799
0.27033,-0.07804,0.7972
0.30478,-0.11745,0.92613
0.087913,0.11024,0.14274
0.24243,-0.052645,0.62256
0.25177,-0.074668,0.72878
0.27549,-0.099667,0.84898
0.29673,-0.11859,0.96238
0.23742,-0.06317,0.56216
0.23931,-0.067758,0.65311
0.25327,-0.084488,0.76063
0.27796,-0.11593,0.8787
0.085542,0.090211,0.12965
0.21781,-0.063244,0.56867
0.23892,-0.078683,0.68677
0.25464,-0.10288,0.80244
0.28946,-0.13299,0.92277
0.074505,0.078637,0.1421
0.22268,-0.076984,0.60804
0.23453,-0.095386,0.71568
0.25533,-0.11152,0.8217
0.29292,-0.15854,0.96606
0.050369,0.094913,0.15465
0.22173,-0.084504,0.62458
0.23476,-0.10245,0.73592
0.26108,-0.12766,0.86132
0.28765,-0.16492,0.98392
0.20622,-0.092352,0.54255
0.21958,-0.095713,0.64903
0.23295,-0.11225,0.75635
0.25478,-0.14486,0.87677
0.2713,-0.15494,0.98392
-0.16185,0.29094,0.027405
0.20575,-0.10058,0.60864
0.21844,-0.11605,0.71337
0.23788,-0.13728,0.82826
0.27452,-0.17449,0.95822
0.032235,0.071062,0.16411
0.20304,-0.10783,0.55896
0.20321,-0.11765,0.65475
0.22129,-0.12786,0.76032
0.24656,-0.15724,0.8815
0.26434,-0.17397,0.98837
-0.15727,0.24336,0.020436
0.18581,-0.10717,0.56416
0.20502,-0.121,0.67528
0.21947,-0.13942,0.78151
0.24739,-0.16882,0.90331
0.029676,0.033872,0.13331
-0.11775,0.20016,0.10996
0.18739,-0.12026,0.59843
0.1998,-0.13723,0.70754
0.22075,-0.15164,0.81328
0.25596,-0.18856,0.94824
0.027251,0.031419,0.14845
-0.097499,0.16041,0.13474
0.16528,-0.11696,0.5673
0.19221,-0.14279,0.69587
0.21596,-0.15789,0.81431
0.24304,-0.19557,0.93682
0.11659,-0.074149,0.14357
0.0067847,0.029414,0.17923
-0.12453,0.17085,0.13192
0.17925,-0.13944,0.62587
0.19571,-0.15218,0.73826
0.21222,-0.17507,0.84081
0.25066,-0.20968,0.97405
0.08938,-0.063624,0.15282
0.012919,0.016837,0.17296
-0.1038,0.12759,0.1472
0.17181,-0.14001,0.59907
0.1858,-0.15531,0.71014
0.20368,-0.17495,0.81948
0.23494,-0.2112,0.94816
0.095082,-0.077683,0.14917
0.047958,-0.032208,0.16913
-0.015574,0.030449,0.19283
0.1612,-0.14268,0.56097
0.17232,-0.15758,0.66501
0.18735,-0.17498,0.77598
0.21814,-0.20224,0.90401
0.22635,-0.21188,0.9989
0.044936,-0.04813,0.16768
0.0034755,0.0022825,0.20594
0.17517,-0.17895,0.57828
0.17833,-0.17862,0.66725
0.20242,-0.20544,0.78663
0.20175,-0.19993,0.86726
0.23482,-0.23868,0.99666
0.032134,-0.048988,0.17119
-0.0057702,-0.011187,0.21792
-0.0078986,-0.00024897,0.31171
0.17227,-0.19112,0.63375
0.17306,-0.18823,0.72202
0.18156,-0.19989,0.82559
0.22004,-0.23324,0.9604
0.020981,-0.048373,0.15758
-0.010598,-0.020483,0.21777
-0.017301,-0.017935,0.30856
0.17022,-0.19348,0.6356
0.16473,-0.19695,0.71993
0.17537,-0.20553,0.82417
0.21026,-0.23984,0.95495
-8.9851e-005,-0.036562,0.18599
-0.020752,-0.021833,0.25727
0.15636,-0.19729,0.5744
0.15845,-0.20324,0.67817
0.18059,-0.21866,0.79504
0.18409,-0.22724,0.88636
0.20636,-0.24175,0.99919
-0.021968,-0.030932,0.22071
-0.034351,-0.025602,0.31147
0.15117,-0.20638,0.63724
0.17571,-0.22364,0.75907
0.16558,-0.21804,0.83122
0.20276,-0.25289,0.96446
-0.016878,-0.047742,0.18202
-0.040369,-0.024441,0.25433
0.12339,-0.18867,0.59684
0.13452,-0.20485,0.70173
0.15585,-0.2206,0.81265
0.19004,-0.2493,0.93651
-0.024617,-0.065804,0.1537
-0.085066,-0.0057287,0.17822
0.11766,-0.2025,0.62853
0.13585,-0.21573,0.74543
0.16238,-0.23604,0.86081
0.19751,-0.27395,0.99298
-0.034042,-0.059024,0.17819
0.10396,-0.19519,0.5425
0.11557,-0.21033,0.65678
0.13182,-0.22785,0.77446
0.16195,-0.24994,0.8893
0.18247,-0.27278,0.99709
-0.050191,-0.060554,0.1769
0.10171,-0.20055,0.5615
0.11219,-0.21329,0.65786
0.12602,-0.23484,0.78102
0.15375,-0.26109,0.8981
0.16346,-0.26675,0.99419
-0.093196,-0.030476,0.139
0.088065,-0.21022,0.56261
0.10156,-0.22413,0.66827
0.12403,-0.23707,0.78276
0.15319,-0.267,0.90843
-0.031849,-0.11146,0.1268
-0.10657,-0.032595,0.15751
0.089046,-0.21751,0.59824
0.10541,-0.23141,0.7109
0.12649,-0.25061,0.82629
0.15827,-0.28528,0.94813
-0.03285,-0.11778,0.15444
-0.14656,-0.01295,0.15851
0.089137,-0.22894,0.64453
0.10544,-0.24278,0.75414
0.12902,-0.27103,0.87416
0.15187,-0.29191,0.989
-0.055934,-0.1071,0.16197
0.069031,-0.22918,0.56307
0.080926,-0.24165,0.67203
0.10122,-0.25659,0.78532
0.12807,-0.28576,0.90304
-0.037134,-0.14483,0.13145
-0.14625,-0.038879,0.13637
0.055749,-0.22309,0.56917
0.076064,-0.24941,0.68928
0.09732,-0.26532,0.80045
0.13297,-0.30333,0.93882
-0.03844,-0.15308,0.12432
-0.15584,-0.040398,0.15079
-0.00071561,-0.1834,0.51696
0.070694,-0.25632,0.7018
0.090512,-0.27575,0.81536
0.13327,-0.3113,0.95237
-0.039651,-0.16073,0.13745
-0.18895,-0.037663,0.14394
0.053429,-0.24832,0.6128
0.071313,-0.26212,0.72684
0.088844,-0.28812,0.84123
0.13363,-0.32197,0.97309
-0.055537,-0.17175,0.14164
0.042367,-0.24908,0.56515
0.05304,-0.26221,0.67446
0.073326,-0.27721,0.78391
0.10773,-0.30562,0.90658
-0.043911,-0.18762,0.1257
-0.2086,-0.034839,0.13789
0.039089,-0.26111,0.62584
0.055094,-0.2752,0.73471
0.080906,-0.2987,0.85091
0.10855,-0.31823,0.97025
-0.072463,-0.17489,0.13981
0.029584,-0.26833,0.55978
0.033358,-0.27281,0.66137
0.054699,-0.28515,0.76994
0.088075,-0.32065,0.90462
-0.049824,-0.20224,0.13233
-0.24786,-0.035262,0.12552
0.020889,-0.27673,0.63992
0.043434,-0.28827,0.75514
0.071856,-0.31931,0.87983
-0.051381,-0.22505,0.12507
-0.2547,-0.040984,0.12308
-0.072431,-0.19557,0.51283
0.02987,-0.28929,0.72318
0.054673,-0.30939,0.83507
0.078365,-0.33862,0.95181
-0.2843,-0.032491,0.11419
0.0025131,-0.28545,0.63137
0.021405,-0.30019,0.74722
0.056563,-0.32766,0.87425
-0.065266,-0.23694,0.12064
-0.013293,-0.28176,0.54626
0.0044085,-0.28981,0.65649
0.016705,-0.30629,0.76077
0.051973,-0.33643,0.88514
-0.074934,-0.24394,0.11795
-0.023173,-0.27924,0.54015
-0.0036116,-0.29351,0.65225
0.012822,-0.31032,0.76642
0.046437,-0.34282,0.88996
-0.23982,-0.090347,0.71432
-0.29881,-0.062057,0.072581
-0.12317,-0.21459,0.49954
0.016884,-0.32752,0.82278
-0.16716,-0.17545,0.72912
-0.30618,-0.062954,0.034488
-0.18134,-0.16869,0.49567
-0.13241,-0.20944,0.72854
-0.24586,-0.1154,0.72146
-0.31965,-0.066343,0.086929
-0.10376,-0.24736,0.72591
-0.20051,-0.16856,0.72983
-0.33467,-0.068421,0.053213
-0.096166,-0.26548,0.71243
-0.17537,-0.19747,0.73035
-0.34356,-0.071969,0.012464
-0.15988,-0.23242,0.72978
-0.26333,-0.14061,0.7219
-0.15672,-0.24174,0.72934
-0.2652,-0.15239,0.72126
-0.16914,-0.24306,0.72863
0.084636,0.30196,0.69974
0.077245,0.28415,0.70435
0.11255,0.26833,0.71498
-0.16127,0.28547,0.065011
0.092717,0.26056,0.71437
-0.15356,0.27044,0.083022
0.11838,0.25052,0.72086
-0.15244,0.26083,0.048103
0.048952,0.24094,0.51677
0.13007,0.23786,0.72347
-0.14836,0.25797,0.066187
0.0091304,0.23976,0.50512
0.12694,0.22622,0.72485
-0.13716,0.23825,0.10031
-0.0055895,0.22994,0.49827
0.13531,0.2209,0.7263
0.093141,0.21039,0.50595
-0.068147,0.22653,0.47438
0.10376,0.21038,0.72361
0.094369,0.20093,0.5164
-0.084799,0.21646,0.46896
0.12841,0.20426,0.72705
0.10898,0.19839,0.50105
-0.039251,0.20698,0.4845
0.14959,0.18908,0.72942
-0.15257,0.20637,0.11778
0.16948,0.17456,0.6022
0.20351,0.17504,0.72845
-0.11421,0.19116,0.097003
0.12459,0.1708,0.51517
0.17027,0.17087,0.65136
0.13785,0.17224,0.72889
0.16219,0.16278,0.50386
0.04449,0.16481,0.50039
0.21172,0.15508,0.72947
-0.1026,0.16913,0.1148
0.13064,0.14868,0.51658
0.24228,0.14839,0.71718
0.14407,0.15596,0.72736
-0.094095,0.15373,0.13769
0.087889,0.14529,0.50538
0.23642,0.14139,0.72775
0.12488,0.1322,0.12946
0.1745,0.12635,0.50647
0.053381,0.14219,0.49678
0.21131,0.12882,0.72973
0.11141,0.1233,0.1345
-0.10113,0.13126,0.14654
0.11279,0.12422,0.50529
0.26101,0.12189,0.72463
-0.207,0.1367,0.44754
-0.081045,0.12684,0.12201
0.14675,0.11642,0.51135
0.27026,0.10818,0.70257
0.18343,0.11384,0.72623
0.083242,0.11166,0.14347
0.19721,0.10335,0.50662
0.059693,0.10109,0.48941
0.23228,0.10218,0.72786
0.088341,0.093084,0.12085
-0.067446,0.10143,0.15554
0.14662,0.095182,0.50648
0.0014821,0.10145,0.48277
-0.13052,0.10153,0.47195
0.079126,0.085884,0.15021
-0.088044,0.091287,0.15978
0.11628,0.086457,0.49614
0.24848,0.087696,0.69904
-0.14503,0.096045,0.47163
0.073264,0.078617,0.15316
0.22978,0.07038,0.50721
0.099163,0.079039,0.49062
-0.031034,0.079046,0.47924
-0.16267,0.084545,0.47172
0.053863,0.071903,0.15905
0.23873,0.059473,0.50976
0.12816,0.068734,0.49589
-0.0098609,0.064379,0.4789
-0.14223,0.068817,0.47446
0.054316,0.058631,0.15215
-0.046283,0.059584,0.16478
0.15642,0.057234,0.50218
0.0098339,0.053986,0.47899
-0.11504,0.064402,0.4763
-0.26435,0.066415,0.46475
0.0093261,0.044939,0.17516
0.23222,0.049759,0.53051
0.07331,0.047783,0.48168
-0.046134,0.045554,0.47795
-0.16978,0.051505,0.47635
0.030788,0.034994,0.13501
-0.036455,0.040429,0.16251
0.18554,0.03626,0.51544
0.038102,0.036191,0.47862
-0.08151,0.041886,0.47819
-0.21405,0.043427,0.47869
0.028424,0.032279,0.17291
0.24702,0.031757,0.5134
0.118,0.030415,0.48865
-0.020112,0.02968,0.47737
-0.13743,0.027255,0.47942
-0.26287,0.02832,0.48452
-0.0010821,0.016882,0.1924
0.25379,0.017298,0.54483
0.074864,0.020099,0.48084
-0.048087,0.015094,0.47746
-0.17283,0.026177,0.48008
-0.30017,0.022092,0.48658
-0.01602,0.010611,0.23055
0.23744,0.012967,0.5489
0.040564,0.009769,0.4766
-0.080403,0.010115,0.4787
-0.20105,0.012372,0.48536
-0.0021392,0.0017405,0.15922
-0.010097,-0.0022499,0.26851
0.15479,-0.00183,0.5049
0.0071021,0.001189,0.47604
-0.10703,0.0057083,0.48068
-0.23342,-0.0022627,0.49333
0.0076304,-0.012508,0.19382
-0.015872,-0.013532,0.27581
0.11738,-0.010645,0.49218
0.27156,-0.014227,0.71631
-0.13002,-0.014837,0.48371
-0.24791,-0.018565,0.50136
0.028328,-0.023534,0.17595
-0.018214,-0.019925,0.23099
0.24185,-0.018462,0.56523
0.2723,-0.02346,0.67937
0.27599,-0.020812,0.77533
-0.19917,-0.016994,0.49209
0.050239,-0.028735,0.15563
-0.0094361,-0.028104,0.20909
0.27039,-0.02657,0.55025
0.26319,-0.026784,0.64323
0.28449,-0.02387,0.7471
0.27739,-0.026771,0.83204
-0.26264,-0.027807,0.50771
0.03233,-0.037816,0.17275
-0.16655,-0.042095,0.1224
0.1768,-0.043278,0.53491
0.27136,-0.037338,0.71199
0.29436,-0.03641,0.82594
-0.22334,-0.049837,0.50642
0.07876,-0.044055,0.15867
-0.022248,-0.050849,0.17644
0.23681,-0.04306,0.56813
0.25795,-0.048661,0.68029
0.29351,-0.042894,0.80012
0.29702,-0.047006,0.88578
0.10718,-0.057747,0.14392
-0.022865,-0.054745,0.14934
0.25458,-0.055441,0.55647
0.2425,-0.058018,0.63688
0.27291,-0.054251,0.75826
0.31188,-0.053834,0.87853
-0.26159,-0.070733,0.70668
0.074163,-0.068728,0.1564
0.24625,-0.066832,0.55744
0.24006,-0.062834,0.64058
0.2694,-0.060396,0.75907
0.31616,-0.061369,0.89159
-0.24938,-0.079629,0.70998
0.085389,-0.0742,0.15242
0.2327,-0.075247,0.55981
0.23382,-0.07629,0.65441
0.26696,-0.072757,0.77723
0.31698,-0.06665,0.90454
-0.30127,-0.087422,0.70223
-0.028132,-0.087998,0.16108
0.22547,-0.081969,0.63282
0.25094,-0.082936,0.74751
0.30771,-0.079311,0.88167
-0.23683,-0.094434,0.71598
-0.029619,-0.097388,0.14381
0.20838,-0.093697,0.59776
0.2342,-0.09637,0.71706
0.27408,-0.095659,0.83945
0.29722,-0.087842,0.94657
-0.032175,-0.11353,0.12774
0.17129,-0.10865,0.56798
0.23112,-0.099553,0.71326
0.269,-0.098874,0.8332
0.30208,-0.10033,0.95337
-0.033613,-0.1226,0.12436
0.19407,-0.11065,0.59469
0.22599,-0.10685,0.71383
0.26738,-0.10766,0.84355
0.3032,-0.10743,0.95595
-0.27508,-0.13361,0.71924
0.17644,-0.12681,0.56123
0.21112,-0.11719,0.68909
0.24534,-0.1178,0.80533
0.31694,-0.11338,0.95442
-0.2218,-0.13784,0.72646
0.13342,-0.13348,0.50118
0.19177,-0.13018,0.64864
0.22898,-0.1258,0.77725
0.28548,-0.12996,0.91184
-0.17307,-0.15508,0.70505
-0.03836,-0.15257,0.14331
0.17627,-0.13579,0.60327
0.20244,-0.13592,0.7135
0.25365,-0.1328,0.85336
0.29287,-0.13707,0.97105
-0.21542,-0.15957,0.72838
0.13683,-0.15435,0.52731
0.17528,-0.15193,0.65383
0.21686,-0.14445,0.78559
0.28778,-0.14168,0.93196
-0.16072,-0.16604,0.71603
-0.041078,-0.16973,0.13693
0.15362,-0.1611,0.606
0.18538,-0.16101,0.72627
0.24606,-0.15045,0.86837
0.27845,-0.15385,0.98203
-0.21511,-0.18491,0.72953
0.13583,-0.1761,0.55862
0.15808,-0.1724,0.6674
0.19861,-0.16986,0.79312
0.27328,-0.1661,0.94205
-0.1557,-0.18864,0.72921
-0.048349,-0.19472,0.13477
0.17878,-0.18378,0.64037
0.17273,-0.17518,0.73139
0.2227,-0.17311,0.85958
0.27006,-0.16764,0.9865
-0.046337,-0.19918,0.097103
0.17312,-0.1893,0.60397
0.17611,-0.18445,0.7046
0.18978,-0.18587,0.81056
0.26226,-0.18402,0.95199
-0.17709,-0.21202,0.73016
0.15377,-0.20053,0.57725
0.16325,-0.19893,0.67932
0.19242,-0.19631,0.79124
0.23421,-0.19166,0.91465
-0.15798,-0.22138,0.73003
0.15691,-0.20499,0.60382
0.11661,-0.20998,0.65901
0.16511,-0.20788,0.80035
0.25446,-0.19823,0.96155
-0.051848,-0.23658,0.091007
0.052501,-0.22539,0.56952
0.18945,-0.21801,0.78123
0.18049,-0.21906,0.86305
0.23594,-0.21324,0.99922
0.062614,-0.23322,0.56391
0.091774,-0.23564,0.68447
0.15866,-0.22662,0.8348
0.25385,-0.21963,0.99733
-0.054461,-0.25423,0.11483
0.060575,-0.24446,0.61658
0.093156,-0.24731,0.73348
0.18289,-0.23239,0.89419
0.19427,-0.23713,0.99869
0.048885,-0.25452,0.56124
0.056282,-0.25583,0.65424
0.11872,-0.25019,0.80752
0.22411,-0.24117,0.9818
-0.057908,-0.276,0.10111
0.0022756,-0.26753,0.57033
0.069697,-0.26628,0.73912
0.17663,-0.25119,0.91679
-0.065315,-0.2847,0.036248
0.031295,-0.27792,0.55515
0.043536,-0.27777,0.7141
0.1399,-0.26629,0.8839
0.16125,-0.26584,0.99387
-0.061929,-0.30138,0.084894
0.051015,-0.28505,0.76245
0.1805,-0.27032,0.95771
-0.061478,-0.30523,0.017182
0.011984,-0.29691,0.71143
0.11022,-0.28904,0.87905
0.12406,-0.28961,0.98392
-0.00019753,-0.31333,0.74963
0.15706,-0.29662,0.9655
-0.08122,-0.32454,0.041751
0.15396,-0.30667,0.98766
0.13062,-0.31404,0.95322
0.10937,-0.32531,0.96855
-0.18049,0.27655,0.070591
-0.15814,0.26559,0.097825
-0.17234,0.23946,0.10552
-0.13932,0.2425,0.090492
-0.12389,0.26259,0.42122
-0.13878,0.24005,0.081583
-0.090382,0.27934,0.44134
-0.21441,0.17763,0.40965
-0.13159,0.22731,0.10529
-0.085806,0.26261,0.45816
-0.18824,0.17399,0.43819
-0.12996,0.22276,0.089625
-0.055095,0.27662,0.47578
-0.16727,0.17886,0.44592
-0.26991,0.099252,0.44079
-0.023034,0.29464,0.4734
-0.131,0.20791,0.45167
-0.22418,0.12916,0.4443
-0.29343,0.057659,0.46291
-0.016817,0.28954,0.48791
-0.11818,0.20115,0.46071
-0.21563,0.11969,0.45244
-0.29818,0.043463,0.47145
-0.0068573,0.28515,0.48912
-0.12,0.19259,0.46132
-0.19868,0.11814,0.45894
-0.2857,0.041509,0.47597
-0.00093256,0.28245,0.49087
-0.090504,0.1967,0.46864
-0.20276,0.10798,0.46104
-0.27293,0.039802,0.48006
-0.11311,0.16736,0.13456
0.0013089,0.26377,0.50623
-0.1145,0.15874,0.46742
-0.21262,0.075963,0.46828
-0.28259,0.016299,0.49132
-0.33376,-0.035464,0.012629
-0.011101,0.24892,0.49904
-0.12078,0.14018,0.46935
-0.2026,0.070436,0.47104
-0.28672,0.0028442,0.49811
-0.30867,-0.03149,0.024248
-0.00070539,0.23426,0.50067
-0.10662,0.14287,0.47134
-0.19593,0.063658,0.47369
-0.26963,-0.00054459,0.49763
-0.30787,-0.051861,0.034326
-0.0059967,0.22111,0.49644
0.084105,0.30461,0.69177
-0.20452,0.04781,0.47735
-0.2698,-0.017117,0.5052
-0.30688,-0.059756,0.034951
-0.0050565,0.20496,0.49386
0.093173,0.29547,0.70264
-0.19833,0.040347,0.47861
-0.2682,-0.022494,0.50711
-0.25588,-0.0249,0.10753
-0.019611,0.18489,0.48732
0.089689,0.28691,0.70702
-0.19867,0.015263,0.4845
-0.30117,-0.070074,0.68476
-0.23737,-0.021967,0.12438
-0.020441,0.16682,0.48571
0.090413,0.27354,0.71112
-0.18806,0.011161,0.48462
-0.25721,-0.050081,0.51398
-0.070635,0.10712,0.14767
-0.22896,-0.034872,0.13149
-0.023025,0.15965,0.48449
0.095446,0.27009,0.71281
-0.18984,-0.0022936,0.48787
-0.26328,-0.06519,0.68572
-0.077154,0.092946,0.16089
0.071729,0.22838,0.50755
-0.034952,0.12887,0.48053
0.083941,0.24531,0.7157
-0.2034,-0.02816,0.49613
-0.25198,-0.07457,0.6958
-0.063695,0.094068,0.16251
-0.20898,-0.040563,0.13749
0.0020113,0.14771,0.48788
0.1147,0.26035,0.71828
-0.17859,-0.016246,0.48936
-0.24738,-0.081094,0.6894
-0.059259,0.084993,0.15905
-0.19302,-0.042823,0.1424
0.0016656,0.14433,0.48742
0.12857,0.26084,0.71558
-0.17037,-0.01835,0.48879
-0.23165,-0.085236,0.51903
-0.051665,0.069873,0.14534
-0.14192,-0.015192,0.15986
0.039754,0.15596,0.49721
0.13886,0.25259,0.70915
-0.14857,-0.018051,0.48618
-0.21807,-0.088206,0.51671
-0.047493,0.061772,0.13579
-0.12697,-0.0044819,0.16045
0.039558,0.15083,0.49593
0.14385,0.2477,0.70673
-0.1379,-0.015226,0.48439
-0.20255,-0.078228,0.51007
-0.041992,0.051108,0.14419
-0.10974,-0.0068759,0.1704
0.055156,0.152,0.49976
0.15013,0.24096,0.70613
-0.1215,-0.019876,0.48327
-0.19999,-0.090028,0.51282
-0.038864,0.045043,0.14466
-0.094228,-0.010962,0.17508
0.057682,0.13325,0.4954
0.15458,0.23688,0.7085
-0.1192,-0.034933,0.48431
-0.19872,-0.111,0.51769
-0.036622,0.040721,0.15903
-0.1012,-0.027375,0.17207
0.045095,0.10993,0.48897
0.1603,0.22139,0.72542
-0.12923,-0.055578,0.48885
-0.20273,-0.1288,0.69728
-0.027107,0.036113,0.18755
-0.040259,0.014114,0.2696
0.035939,0.096929,0.48548
0.16292,0.21806,0.726
-0.12741,-0.071576,0.4907
-0.19346,-0.12822,0.52047
0.07887,0.11528,0.14364
0.02059,0.062754,0.16861
-0.027698,0.020718,0.2122
0.13407,0.17108,0.50288
0.040099,0.083167,0.48366
0.16909,0.20581,0.72854
-0.1241,-0.085424,0.49198
-0.18508,-0.14287,0.7201
0.070935,0.095923,0.14979
0.016244,0.038743,0.175
-0.01882,0.013411,0.22487
0.1592,0.1853,0.5482
0.15705,0.18665,0.64346
0.15438,0.18671,0.7299
-0.12839,-0.10256,0.49642
-0.20136,-0.1742,0.5652
-0.19584,-0.17255,0.72991
0.055955,0.068909,0.15925
0.0075003,0.015845,0.1847
-0.0089511,0.0035423,0.27116
0.16796,0.17624,0.58387
0.18828,0.20159,0.70498
-0.085568,-0.067295,0.48275
-0.15216,-0.14076,0.51159
-0.19372,-0.18174,0.57692
-0.16794,-0.16045,0.70413
0.04897,0.054372,0.1641
-0.019727,-0.022975,0.23082
0.16925,0.17487,0.5932
0.19433,0.19672,0.70986
-0.08176,-0.077536,0.48341
-0.15445,-0.14937,0.51436
-0.1608,-0.16814,0.72503
0.0025321,-0.013492,0.2017
0.11455,0.098109,0.49867
0.19894,0.19222,0.71037
-0.070268,-0.085864,0.48244
-0.13617,-0.15514,0.51043
0.016081,-0.011331,0.14401
-0.030474,-0.056448,0.17918
0.11234,0.083532,0.49443
0.21007,0.17906,0.70198
-0.06851,-0.091074,0.48281
-0.13036,-0.15694,0.5092
0.024941,-0.015845,0.14796
-0.029518,-0.074967,0.1734
0.11889,0.083798,0.49632
0.21432,0.17611,0.7072
-0.048159,-0.097906,0.48197
-0.12849,-0.1684,0.51225
0.033806,-0.020362,0.14538
-0.029575,-0.094082,0.16738
0.12757,0.07906,0.49778
0.22143,0.16766,0.70152
-0.049735,-0.11167,0.4847
-0.11307,-0.16828,0.50865
0.040536,-0.023791,0.13623
-0.031526,-0.10943,0.15571
0.1505,0.078104,0.50401
0.048793,-0.024164,0.47819
-0.029539,-0.10238,0.48208
-0.10406,-0.17744,0.50936
-0.15932,-0.24356,0.72905
-0.052972,-0.1359,0.15305
0.13859,0.053552,0.49584
0.23097,0.15971,0.71796
-0.039234,-0.12192,0.48565
-0.10353,-0.19751,0.5152
0.061364,-0.034404,0.14952
-0.056354,-0.16071,0.14508
0.15173,0.051624,0.49995
0.24362,0.14746,0.70947
-0.024986,-0.13412,0.48913
-0.096255,-0.20158,0.5161
0.076447,-0.042089,0.13459
-0.061867,-0.17725,0.13959
0.13651,0.021603,0.49504
0.2463,0.14172,0.72443
-0.020032,-0.14329,0.49339
-0.097789,-0.21839,0.52368
0.084026,-0.045951,0.14274
-0.0579,-0.18713,0.13668
0.14712,0.026523,0.49873
0.25268,0.13334,0.72474
-0.016694,-0.14784,0.49562
-0.086246,-0.21746,0.52235
0.094615,-0.051346,0.14103
-0.046426,-0.19277,0.13548
0.16696,0.028022,0.50754
0.25863,0.13047,0.7219
-0.011457,-0.15427,0.49885
-0.071631,-0.22543,0.5253
0.095697,-0.051897,0.14173
0.219,0.080244,0.50858
0.14325,-0.0066906,0.50104
0.25011,0.1045,0.72623
-0.0092354,-0.17892,0.51021
-0.092032,-0.25593,0.71925
-0.091185,-0.28112,0.014952
0.21519,0.057752,0.52764
0.11075,-0.053397,0.499
0.042824,-0.13553,0.50698
-0.039347,-0.21227,0.52185
0.10245,-0.078677,0.14693
0.23241,0.062089,0.51486
0.15251,-0.021767,0.50947
0.083155,-0.10678,0.51254
-0.0073441,-0.19524,0.52149
0.13142,-0.0701,0.11896
-0.05737,-0.27228,0.082742
0.21016,0.024611,0.53028
0.11998,-0.078627,0.51829
0.041567,-0.15952,0.52101
-0.031582,-0.23679,0.53926
-0.062262,-0.28575,0.01482
0.24206,0.049152,0.51782
0.18088,-0.02922,0.53122
0.094806,-0.1194,0.52682
0.016215,-0.20293,0.53599
0.14305,-0.076023,0.10799
-0.062216,-0.30989,0.036827
0.23641,0.019834,0.54672
0.14825,-0.077881,0.53501
0.066364,-0.16124,0.53563
0.00010649,-0.24208,0.55499
0.1534,-0.081298,0.11811
0.25493,0.025105,0.52925
0.18661,-0.040368,0.53927
0.10932,-0.13594,0.5481
0.033344,-0.21658,0.5544
0.029629,-0.22425,0.65727
-0.00078201,-0.26135,0.73126
0.25821,0.023168,0.52707
0.20839,-0.032626,0.55037
0.2448,-0.00072887,0.69387
0.046039,-0.21174,0.5595
0.04358,-0.21411,0.65565
0.022002,-0.24799,0.74259
0.17261,-0.091596,0.091514
0.25995,0.0020978,0.55515
0.19519,-0.06684,0.56254
0.1881,-0.069949,0.65719
0.13805,-0.13703,0.68792
0.071151,-0.20444,0.71488
0.032639,-0.25205,0.78262
0.18171,-0.095722,0.1131
0.25343,-0.019728,0.56875
0.25303,-0.008253,0.66831
0.25788,-0.0091071,0.76413
0.13401,-0.14697,0.71188
0.091469,-0.20223,0.76905
0.048216,-0.25487,0.82269
0.1916,-0.10076,0.11258
0.24636,-0.029983,0.56953
0.26517,-0.011866,0.68989
0.26157,-0.01281,0.78323
0.16956,-0.12405,0.76414
0.10556,-0.19973,0.79458
0.056629,-0.25487,0.83887
0.20031,-0.11015,0.1146
0.24258,-0.057065,0.56134
0.27821,-0.017358,0.70311
0.2754,-0.021272,0.78464
0.22034,-0.087195,0.82602
0.12144,-0.19173,0.80998
0.073215,-0.25129,0.85796
0.20486,-0.10752,0.095899
0.28069,-0.02003,0.72202
0.28306,-0.028453,0.81415
0.21805,-0.097493,0.83898
0.12826,-0.19608,0.83897
0.079502,-0.25812,0.8832
0.21397,-0.11286,0.077639
0.16459,-0.18308,0.59999
0.28489,-0.033676,0.85157
0.2336,-0.10203,0.87966
0.14125,-0.20497,0.88231
0.080212,-0.27507,0.91344
0.21401,-0.13592,0.10698
0.29835,-0.038262,0.82087
0.28908,-0.049987,0.89897
0.20098,-0.15287,0.90147
0.11005,-0.24941,0.91434
0.23093,-0.1208,0.080731
0.30613,-0.045278,0.8402
0.27644,-0.073075,0.91137
0.20061,-0.163,0.91674
0.12315,-0.25108,0.93544
0.24589,-0.12842,0.091466
0.30221,-0.056064,0.90143
0.24078,-0.12431,0.92561
0.15822,-0.22397,0.94536
0.090689,-0.30437,0.96695
0.31323,-0.062417,0.89953
0.27062,-0.10294,0.94219
0.19494,-0.19695,0.96128
0.10326,-0.30911,0.97071
0.31397,-0.07805,0.92844
0.27048,-0.13327,0.9759
0.19224,-0.22583,0.99776
0.32059,-0.078203,0.92471
0.28078,-0.1334,0.97301
0.21529,-0.21562,0.99868
0.3219,-0.090423,0.93434
0.27687,-0.14593,0.97925
0.20328,-0.24076,0.99907
0.3024,-0.13045,0.96559
0.24486,-0.19817,0.9953
0.28974,-0.15647,0.97987
0.21852,-0.24866,0.99976
-0.34397,-0.03708,0.012879
-0.33938,-0.036353,0.027984
-0.3251,-0.034091,0.0075713
-0.32411,-0.036216,0.10147
-0.31283,-0.035099,0.056358
-0.29774,0.081965,0.43006
-0.30881,0.027158,0.48113
-0.30661,-0.037281,0.10693
-0.29357,0.065281,0.45503
-0.2976,0.0014656,0.50074
-0.29818,-0.044423,0.10922
-0.28099,0.088148,0.44216
-0.28437,0.024706,0.48772
-0.29861,-0.090731,0.7041
-0.28702,-0.059647,0.11198
-0.26857,0.08218,0.45389
-0.27574,0.013681,0.49189
-0.2901,-0.081442,0.70385
-0.27576,-0.045009,0.11625
-0.25729,0.098323,0.44815
-0.26699,0.028296,0.48483
-0.27523,-0.05392,0.68829
-0.25796,-0.026262,0.087284
-0.24468,0.14176,0.41771
-0.25189,0.080693,0.46017
-0.25594,0.00551,0.49399
-0.26291,-0.081854,0.71127
-0.25525,-0.030315,0.12344
-0.23398,0.13262,0.43872
-0.24243,0.0636,0.47042
-0.25276,-0.020115,0.50279
-0.25683,-0.11931,0.72066
-0.23802,-0.046377,0.12806
-0.23545,0.12396,0.44262
-0.23925,0.052172,0.47457
-0.24264,-0.025412,0.50255
-0.24935,-0.11086,0.72037
-0.23482,-0.0403,0.12937
-0.21958,0.1399,0.44064
-0.22327,0.063053,0.47141
-0.23067,-0.021071,0.49886
-0.23773,-0.090728,0.71209
-0.22044,-0.019286,0.12878
-0.20776,0.16913,0.42648
-0.21095,0.093092,0.46394
-0.21807,0.014235,0.48627
-0.22793,-0.084822,0.51802
-0.21356,-0.019005,0.10076
-0.19642,0.19193,0.41354
-0.19967,0.12476,0.45628
-0.20899,0.045547,0.47816
-0.21194,-0.046882,0.5032
-0.2178,-0.11449,0.72094
-0.1997,-0.026724,0.1411
-0.18717,0.17528,0.43813
-0.19356,0.097844,0.4649
-0.19939,0.0060405,0.4867
-0.20488,-0.080966,0.51144
-0.21501,-0.18716,0.72941
-0.17447,0.20365,0.42555
-0.18078,0.12954,0.45965
-0.18336,0.043917,0.47737
-0.19403,-0.047802,0.49971
-0.19927,-0.17264,0.51732
-0.20366,-0.17267,0.63704
-0.20275,-0.20412,0.72937
-0.16682,0.22088,0.4155
-0.17271,0.16428,0.44963
-0.1743,0.065481,0.47424
-0.18194,-0.025781,0.49158
-0.18692,-0.119,0.5163
-0.18969,-0.18589,0.56334
-0.19035,-0.14686,0.72675
-0.16893,-0.011127,0.14989
-0.15944,0.19665,0.44195
-0.16405,0.11584,0.46557
-0.16899,0.034382,0.4789
-0.17956,-0.0747,0.50369
-0.18084,-0.14539,0.71255
-0.15931,-0.010074,0.13887
-0.14864,0.20629,0.4432
-0.1516,0.13853,0.46298
-0.15856,0.038872,0.47832
-0.16314,-0.061242,0.49633
-0.16232,-0.16525,0.70748
-0.14664,-0.008035,0.13667
-0.13412,0.21313,0.44806
-0.14165,0.13376,0.46597
-0.15077,0.038468,0.47845
-0.15192,-0.067444,0.49478
-0.15661,-0.17159,0.705
-0.14238,-0.0073419,0.13762
-0.12718,0.22013,0.44893
-0.13064,0.13754,0.46768
-0.14088,0.038275,0.47835
-0.14255,-0.073444,0.49367
-0.14956,-0.16625,0.51705
-0.13104,-0.0055165,0.13388
-0.1183,0.22908,0.45004
-0.1229,0.14284,0.46842
-0.12997,0.047,0.47706
-0.13251,-0.06978,0.49134
-0.13694,-0.16869,0.5143
-0.1165,0.14953,0.13913
-0.10975,0.24953,0.4481
-0.11563,0.17142,0.46519
-0.11806,0.06769,0.476
-0.11987,-0.035895,0.48456
-0.12302,-0.13749,0.50268
-0.12918,-0.21198,0.7283
-0.10802,0.11352,0.15058
-0.10043,0.26335,0.44828
-0.10679,0.17259,0.46738
-0.10759,0.071705,0.47602
-0.11639,-0.030267,0.48335
-0.11417,-0.14005,0.50087
-0.11922,-0.21771,0.72665
-0.097685,0.11432,0.15185
-0.089245,0.2713,0.45279
-0.091545,0.18821,0.46944
-0.098869,0.088968,0.47527
-0.097536,-0.023123,0.48132
-0.10197,-0.1261,0.49452
-0.10605,-0.22029,0.71218
-0.082394,0.12805,0.15016
-0.076584,0.28919,0.44585
-0.08144,0.22461,0.4698
-0.082915,0.12076,0.47496
-0.086909,0.0082641,0.47895
-0.092757,-0.10812,0.48935
-0.096136,-0.20213,0.51634
-0.079696,0.12485,0.15146
-0.082926,0.0023482,0.14981
-0.076022,0.2422,0.47057
-0.075852,0.14288,0.47518
-0.078919,0.035554,0.4786
-0.08218,-0.077077,0.48342
-0.081462,-0.18391,0.50776
-0.067518,0.10073,0.1445
-0.064061,0.028755,0.181
-0.063008,0.24655,0.47595
-0.065605,0.15097,0.47663
-0.069873,0.025908,0.47828
-0.068952,-0.083085,0.48185
-0.07623,-0.18244,0.50709
-0.060489,0.083074,0.1661
-0.054427,0.29844,0.45488
-0.052156,0.22754,0.47995
-0.057837,0.1172,0.47769
-0.054171,-0.0024105,0.47771
-0.068885,-0.11107,0.48662
-0.061937,-0.21237,0.51983
-0.048865,0.045312,0.1785
-0.04977,0.25778,0.48276
-0.048325,0.16098,0.47911
-0.049438,0.048551,0.47806
-0.05169,-0.078494,0.47976
-0.056054,-0.17403,0.50319
-0.042706,0.052643,0.16701
-0.038731,0.28224,0.48641
-0.03559,0.18813,0.48387
-0.039089,0.07208,0.47897
-0.038492,-0.052377,0.47728
-0.045127,-0.1546,0.49518
-0.042955,-0.24021,0.53887
-0.032156,0.020515,0.20968
-0.028152,0.21508,0.4882
-0.028165,0.10952,0.48064
-0.029086,-0.01695,0.47659
-0.030775,-0.13344,0.48826
-0.033178,-0.21484,0.52494
-0.019355,0.032336,0.19181
-0.020186,0.25942,0.49598
-0.022639,0.14173,0.48245
-0.025929,0.021524,0.47705
-0.021042,-0.089897,0.48043
-0.020117,-0.19293,0.51471
-0.019476,-0.26312,0.55796
-0.0041423,0.035116,0.18041
-0.010649,0.27021,0.50169
-0.0065576,0.15317,0.48688
-0.012289,0.030498,0.4774
-0.0075938,-0.082192,0.47926
-0.01263,-0.18172,0.51067
-0.01181,-0.25704,0.55756
-0.011582,-0.266,0.7189
0.00035131,0.047987,0.15277
0.0029923,-0.00024211,0.2081
-0.0019007,0.20318,0.49457
0.00068751,0.07362,0.48026
0.0027202,-0.054754,0.47735
0.00049461,-0.14604,0.49744
-0.0039077,-0.22674,0.54186
-0.001488,-0.24961,0.67547
-0.0055358,-0.27484,0.76803
0.0087393,0.056375,0.15685
0.0082766,-0.029054,0.18085
0.0085147,0.22812,0.50245
0.0052142,0.096156,0.48249
0.0081713,-0.034189,0.47609
0.016108,-0.12606,0.49436
0.014844,-0.2093,0.53905
0.011938,-0.23651,0.65628
0.0132,-0.25812,0.75732
0.013632,-0.2896,0.84183
0.016512,0.046606,0.17316
0.023949,0.27019,0.49846
0.021999,0.16696,0.49453
0.020835,0.030894,0.47733
0.022595,-0.086919,0.48317
0.021274,-0.17569,0.52113
0.025661,-0.23865,0.56612
0.023783,-0.23886,0.71154
0.018021,-0.26826,0.79875
0.020892,-0.30729,0.88408
0.03023,0.040546,0.17144
0.028349,0.26487,0.50191
0.02284,0.15119,0.49229
0.034519,0.022763,0.4772
0.030534,-0.096143,0.48794
0.033436,-0.16728,0.52163
0.034666,-0.25978,0.56228
0.026201,-0.23484,0.70051
0.030956,-0.25806,0.79606
0.035138,-0.29267,0.88017
0.040034,0.072169,0.1621
0.033992,-0.047443,0.17089
0.038637,0.174,0.50068
0.041663,0.032952,0.47848
0.041341,-0.076616,0.48498
0.03968,-0.16506,0.52342
0.046609,-0.24532,0.5651
0.041921,-0.22461,0.70525
0.043653,-0.24904,0.79619
0.045038,-0.28761,0.88604
0.046996,0.094632,0.14456
0.051267,-0.029259,0.16321
0.051255,0.21514,0.51336
0.04472,0.06576,0.4817
0.05236,-0.055143,0.48196
0.05042,-0.13816,0.51275
0.051735,-0.21109,0.5631
0.057833,-0.20899,0.68734
0.056205,-0.23374,0.77852
0.057804,-0.26727,0.86804
0.060872,-0.31315,0.94306
0.064334,-0.036197,0.1254
0.058162,0.23284,0.51802
0.058663,0.086832,0.48673
0.054288,0.23994,0.70745
0.065138,-0.12305,0.5121
0.065418,-0.19753,0.56289
0.066031,-0.20066,0.67873
0.065427,-0.2209,0.75937
0.061116,-0.2559,0.84842
0.063429,-0.30272,0.93341
0.070627,0.088645,0.1515
0.068293,0.23018,0.50929
0.065247,0.095924,0.48921
0.067091,0.25171,0.71084
0.074423,-0.11082,0.51
0.073401,-0.18233,0.55734
0.07404,-0.19371,0.6763
0.072485,-0.21739,0.7679
0.074895,-0.25078,0.85955
0.076317,-0.29439,0.93826
0.073798,0.10717,0.14661
0.073479,0.22917,0.50442
0.076427,0.11554,0.49494
0.075151,0.26865,0.70861
0.089031,-0.095892,0.50962
0.08639,-0.17265,0.55913
0.08299,-0.18128,0.65005
0.081617,-0.20428,0.7462
0.086147,-0.22964,0.834
0.086749,-0.26731,0.91035
0.084967,0.12822,0.13935
0.095981,-0.070334,0.14998
0.08904,0.148,0.50636
0.079369,0.26867,0.7099
0.090981,-0.091744,0.50843
0.093949,-0.15925,0.5544
0.099078,-0.16887,0.65505
0.097406,-0.18982,0.74012
0.094578,-0.2209,0.82896
0.098466,-0.26002,0.91512
0.093415,0.14105,0.12874
0.10695,-0.077216,0.14587
0.092946,0.11346,0.49803
0.09246,0.2619,0.71404
0.10122,-0.099666,0.51914
0.1118,-0.16693,0.56826
0.10998,-0.16832,0.70258
0.10794,-0.19454,0.7854
0.10562,-0.23019,0.86948
0.10953,-0.27582,0.95499
0.10331,0.10882,0.13959
0.10279,0.19564,0.51226
0.094363,0.29582,0.69411
0.103,0.21591,0.72319
0.11399,-0.13042,0.54743
0.11177,-0.15279,0.63777
0.11562,-0.16951,0.72626
0.1165,-0.19696,0.81235
0.1171,-0.23232,0.89496
0.11584,-0.288,0.97964
0.12062,-0.064597,0.14185
0.11938,0.12428,0.50676
0.11078,0.26312,0.71699
0.12507,-0.093612,0.52984
0.12698,-0.1347,0.61382
0.12613,-0.15439,0.71031
0.12354,-0.1827,0.79202
0.12821,-0.21437,0.87697
0.13301,-0.25607,0.95922
0.13483,-0.071835,0.12801
0.12004,0.14984,0.51433
0.11794,0.2715,0.71136
0.1292,0.1698,0.72636
0.14106,-0.18297,0.55408
0.13531,-0.14011,0.68948
0.14003,-0.15932,0.77415
0.13714,-0.19692,0.85821
0.13856,-0.2363,0.93472
0.13109,0.14299,0.12563
0.13329,0.15269,0.5184
0.12605,0.26364,0.69525
0.1287,0.17777,0.72777
0.15253,-0.14659,0.56232
0.14554,-0.1288,0.68454
0.14507,-0.15353,0.77218
0.14813,-0.18535,0.85708
0.14741,-0.22498,0.9295
0.15358,-0.081392,0.11038
0.13954,0.15529,0.51515
0.14992,0.019248,0.50053
0.13836,0.18535,0.7288
0.15766,-0.14684,0.56078
0.15021,-0.12459,0.68864
0.15897,-0.14111,0.77601
0.16157,-0.17146,0.85618
0.16565,-0.21418,0.94148
0.16824,-0.089626,0.090602
0.15215,0.15418,0.5006
0.15984,0.035653,0.50402
0.14956,0.20057,0.72862
0.16632,-0.14503,0.55882
0.16462,-0.10852,0.69578
0.16607,-0.13368,0.77809
0.1679,-0.16681,0.85949
0.17813,-0.20218,0.94226
0.17154,-0.28439,0.99364
0.15659,0.18757,0.54746
0.15481,0.1858,0.63239
0.16152,0.19243,0.72979
0.16987,-0.086811,0.62342
0.17506,-0.10235,0.71802
0.18369,-0.12303,0.80378
0.17723,-0.16647,0.87731
0.18364,-0.20678,0.95885
0.18403,-0.096904,0.098006
0.17671,0.11642,0.51623
0.1714,0.1722,0.65637
0.17447,0.13215,0.72903
0.18368,-0.08036,0.67696
0.18087,-0.10723,0.75499
0.18441,-0.13758,0.83874
0.19282,-0.16941,0.91282
0.19482,-0.21666,0.98876
0.1996,-0.1332,0.11146
0.19236,0.050532,0.51806
0.17617,0.18086,0.73002
0.19618,-0.0581,0.65579
0.19511,-0.084093,0.738
0.20171,-0.10982,0.82352
0.19482,-0.15849,0.8986
0.20158,-0.19885,0.97366
0.20619,-0.10819,0.10151
0.19742,0.091462,0.52205
0.18939,0.20222,0.71459
0.19367,0.1018,0.72521
0.20361,-0.060316,0.70346
0.20712,-0.087362,0.78785
0.21356,-0.12067,0.86993
0.21352,-0.16558,0.94336
0.21708,-0.24965,0.99974
0.2234,-0.12861,0.10537
0.21397,0.032285,0.53097
0.1951,0.1647,0.73013
0.21143,-0.041394,0.67442
0.21754,-0.060794,0.76001
0.21751,-0.094239,0.83252
0.21606,-0.13834,0.9063
0.22504,-0.18334,0.98474
0.22381,-0.12223,0.060429
0.21643,0.068763,0.52747
0.20603,0.18432,0.71989
0.22253,-0.021038,0.6571
0.22149,-0.046406,0.73566
0.22462,-0.076208,0.81554
0.2308,-0.11493,0.89582
0.2291,-0.16696,0.96829
0.24363,-0.12435,0.016119
0.22122,0.071406,0.51754
0.21943,0.17021,0.7038
0.22089,0.086555,0.72637
0.23036,-0.033789,0.73596
0.2397,-0.055778,0.81573
0.23688,-0.10282,0.88794
0.23834,-0.14912,0.95736
0.24941,-0.12729,0.026296
0.24163,0.040356,0.529
0.23179,0.15787,0.72209
0.24305,-0.0021997,0.69116
0.24327,-0.029038,0.7711
0.24653,-0.062734,0.84397
0.24636,-0.10907,0.9137
0.25443,-0.1641,0.98765
0.2467,0.031814,0.53362
0.2441,0.14349,0.72463
0.24721,-0.00052915,0.70604
0.25343,-0.024444,0.78963
0.25582,-0.065756,0.86632
0.25295,-0.11346,0.93016
0.26829,-0.19155,0.99128
0.24655,0.14425,0.71635
0.26348,-0.01023,0.69586
0.26451,-0.015121,0.78943
0.26864,-0.046903,0.86185
0.26538,-0.10113,0.93232
0.27319,-0.17338,0.98723
0.27086,-0.01443,0.69312
0.26703,-0.016457,0.78732
0.27052,-0.048791,0.86822
0.27706,-0.091582,0.93698
0.28717,-0.17667,0.98623
0.285,-0.024053,0.74512
0.28169,-0.031666,0.85108
0.28565,-0.071527,0.92277
0.29402,-0.14173,0.97262
0.29568,-0.039655,0.84659
0.29065,-0.068521,0.92472
0.30322,-0.042092,0.82829
0.30613,-0.06705,0.92365
0.3193,-0.058808,0.87918
0.31746,-0.10215,0.94693
0.18035,0.22773,0.054448
0.16764,0.21732,0.034237
0.073716,0.30315,0.69388
0.13383,0.25016,0.72013
0.16522,0.21286,0.081583
0.082002,0.27697,0.7081
0.15943,0.21112,0.7279
0.15824,0.20413,0.064728
0.060748,0.28378,0.69933
0.14101,0.22146,0.72655
0.23598,0.14678,0.72633
0.052901,0.28365,0.68691
0.11518,0.22364,0.72393
0.20191,0.14991,0.73003
0.15599,0.18,0.11168
0.057031,0.25981,0.70553
0.1261,0.20174,0.72702
0.23169,0.11436,0.72893
0.059943,0.24449,0.50022
0.070089,0.23661,0.71411
0.16028,0.17006,0.73003
0.13255,0.17988,0.087042
0.050045,0.24849,0.50434
0.049939,0.24129,0.69816
0.11551,0.18799,0.72578
0.21586,0.10894,0.72904
-0.011637,0.2851,0.49348
0.047915,0.23639,0.5173
0.12603,0.16767,0.51717
0.12838,0.16143,0.71319
0.21468,0.097032,0.7281
-0.04148,0.29733,0.46663
-0.0014325,0.26083,0.50467
0.073379,0.20491,0.51763
0.15995,0.12102,0.51643
0.18594,0.10735,0.72481
-0.046037,0.29943,0.4597
-0.011686,0.26131,0.50005
0.065577,0.19129,0.5121
0.15239,0.12568,0.5152
0.22439,0.051383,0.53334
-0.060611,0.29249,0.46098
-0.0078011,0.24129,0.49974
0.059305,0.1847,0.50869
0.15585,0.10785,0.51214
0.22683,0.040964,0.53708
0.10776,0.13329,0.13307
-0.053718,0.27315,0.47761
0.0076254,0.21807,0.50023
0.08412,0.15717,0.50766
0.17336,0.070467,0.51006
0.23881,0.018594,0.54813
0.26262,-0.012505,0.77245
0.090193,0.13366,0.13695
-0.06449,0.26965,0.47112
-0.0056512,0.2225,0.49682
0.075208,0.15227,0.50435
0.16288,0.068376,0.50554
0.2225,0.012001,0.5411
0.24599,-0.0026125,0.70764
0.25522,-0.021603,0.78875
0.28306,-0.041106,0.87934
0.079347,0.12698,0.1103
-0.080794,0.2787,0.45417
-0.029931,0.23334,0.4898
0.043554,0.16536,0.50024
0.12906,0.087202,0.49989
0.1989,0.02392,0.52331
0.25818,-0.025176,0.56417
0.24281,-0.019145,0.74263
0.25895,-0.036321,0.8281
0.29412,-0.058051,0.91524
0.086456,0.1059,0.14404
-0.074853,0.26251,0.46569
-0.025188,0.21685,0.48945
0.051482,0.13626,0.49479
0.14,0.067379,0.49894
0.20625,0.0047355,0.53253
0.2263,-0.017547,0.66329
0.24185,-0.025914,0.7576
0.25546,-0.048435,0.84007
0.28753,-0.071509,0.92493
0.082643,0.10252,0.14567
-0.089422,0.25257,0.45909
-0.032621,0.20508,0.4859
0.044798,0.1386,0.49389
0.13348,0.054698,0.49463
0.19959,0.00021467,0.53016
0.2177,-0.026236,0.64788
0.23358,-0.032379,0.74451
0.24567,-0.053619,0.82783
0.27614,-0.075644,0.91428
0.058554,0.10619,0.13384
-0.10859,0.26259,0.43943
-0.061274,0.21823,0.47714
0.0084707,0.15867,0.49042
0.094056,0.071208,0.48856
0.16974,0.00891,0.50932
0.21517,-0.041864,0.56057
0.21921,-0.039335,0.7075
0.23228,-0.056735,0.79714
0.25851,-0.077828,0.89049
0.30021,-0.11767,0.961
-0.12113,0.26148,0.42575
-0.079382,0.22769,0.47039
-0.024753,0.16934,0.48491
0.064269,0.092615,0.48849
0.14213,0.02017,0.49739
0.19785,-0.037139,0.54537
0.20965,-0.039416,0.65749
0.22263,-0.050658,0.75162
0.24209,-0.069173,0.84461
0.26568,-0.095452,0.92518
0.043157,0.090793,0.13908
-0.12027,0.24561,0.44325
-0.071454,0.20769,0.47401
-0.0044161,0.14153,0.48593
0.083173,0.062757,0.48564
0.1514,-0.011653,0.5049
0.20229,-0.055466,0.55961
0.20219,-0.05636,0.68133
0.2171,-0.070591,0.78205
0.23756,-0.092774,0.87223
0.26823,-0.11203,0.94918
-0.13988,0.2543,0.41119
-0.10605,0.21749,0.46085
-0.045893,0.16373,0.47954
0.028825,0.096704,0.48447
0.11735,0.016505,0.48801
0.17671,-0.036025,0.53175
0.1923,-0.061547,0.64694
0.20534,-0.072419,0.74437
0.22259,-0.089509,0.83599
0.24871,-0.10647,0.91389
0.030798,0.078024,0.12417
-0.13245,0.23963,0.43563
-0.087261,0.19509,0.46971
-0.022887,0.13383,0.48199
0.068857,0.050725,0.48162
0.13643,-0.025941,0.50141
0.18319,-0.067417,0.55409
0.19308,-0.066232,0.66979
0.20233,-0.08557,0.76961
0.22459,-0.099395,0.85608
0.25149,-0.12648,0.9455
0.025789,0.073425,0.15865
-0.12634,0.22195,0.44865
-0.076072,0.17046,0.47492
-0.0034479,0.095725,0.48201
0.079929,0.023836,0.48152
0.14272,-0.042915,0.51308
0.19732,-0.086393,0.56739
0.18484,-0.081372,0.68693
0.19923,-0.099061,0.79228
0.2224,-0.11547,0.87926
0.24585,-0.14034,0.95594
0.017113,0.064749,0.16264
-0.12535,0.20226,0.45674
-0.065181,0.15197,0.47669
0.0045324,0.077114,0.48077
0.085928,-0.0062222,0.4816
0.15372,-0.057631,0.52729
0.17039,-0.086315,0.62448
0.18209,-0.09494,0.72197
0.19879,-0.10822,0.81187
0.21898,-0.12873,0.89572
0.25014,-0.15497,0.98084
-0.15465,0.22079,0.42967
-0.11452,0.1789,0.46453
-0.044537,0.11754,0.47914
0.028562,0.035053,0.47808
0.11086,-0.036383,0.49549
0.15957,-0.082558,0.54704
0.17065,-0.093278,0.66399
0.18177,-0.10777,0.76012
0.19802,-0.12767,0.84979
0.22346,-0.14908,0.93508
0.0048823,0.052518,0.14175
-0.15181,0.20611,0.44164
-0.10095,0.15062,0.47144
-0.023251,0.084061,0.47996
0.049773,0.0017807,0.47751
0.12385,-0.057623,0.50897
0.16468,-0.098433,0.56259
0.16295,-0.11013,0.69392
0.17911,-0.11877,0.78075
0.2025,-0.13703,0.87573
0.22866,-0.16153,0.96061
-0.077033,0.11187,0.15553
-0.17047,0.20628,0.4272
-0.12669,0.16808,0.46313
-0.059241,0.10276,0.47743
0.021754,0.016281,0.47663
0.096085,-0.052855,0.49428
0.14405,-0.10282,0.54967
0.15969,-0.10832,0.66999
0.17056,-0.12142,0.75978
0.19053,-0.13824,0.85262
0.2122,-0.16739,0.9438
-0.090725,0.12268,0.15048
-0.18788,0.20816,0.4055
-0.15088,0.17957,0.45329
-0.094914,0.12086,0.47378
-0.017001,0.043193,0.47789
0.066211,-0.038921,0.48186
0.12098,-0.086356,0.52329
0.1489,-0.11417,0.63628
0.15615,-0.13069,0.73358
0.17164,-0.14375,0.81743
0.19199,-0.16573,0.90575
0.22244,-0.19383,0.99536
-0.072172,0.088637,0.16283
-0.18065,0.19277,0.43042
-0.13568,0.15,0.46439
-0.073409,0.090085,0.47685
0.0088679,0.0072409,0.4763
0.082696,-0.071093,0.49507
0.1282,-0.11906,0.54967
0.14534,-0.12351,0.65932
0.15605,-0.13694,0.75351
0.16912,-0.15676,0.84201
0.19741,-0.17829,0.9347
-0.10936,0.1155,0.14913
-0.061213,0.062456,0.17185
-0.18251,0.18613,0.43555
-0.1385,0.13831,0.46585
-0.070525,0.06699,0.47743
0.0082823,-0.010156,0.47555
0.085531,-0.081198,0.49911
0.1233,-0.128,0.55275
0.13618,-0.13371,0.66396
0.15039,-0.14301,0.75493
0.16321,-0.16585,0.8483
0.18878,-0.18343,0.92897
-0.091283,0.080022,0.14861
-0.045679,0.034537,0.18419
-0.17462,0.15881,0.45109
-0.1164,0.10956,0.47234
-0.049343,0.030761,0.47749
0.037946,-0.057046,0.47858
0.088199,-0.10694,0.51552
0.1546,-0.17106,0.55653
0.12886,-0.14586,0.68625
0.13985,-0.16164,0.77968
0.16235,-0.17892,0.87251
0.1835,-0.20592,0.95721
-0.070444,0.039124,0.16626
-0.19713,0.1725,0.43426
-0.14475,0.12252,0.46754
-0.092206,0.062284,0.47683
0.00038888,-0.02544,0.47528
0.066993,-0.097432,0.49781
0.11657,-0.13911,0.55611
0.11782,-0.14859,0.64796
0.13279,-0.15879,0.74863
0.14888,-0.17403,0.83526
0.16983,-0.19983,0.92479
0.20481,-0.23721,0.99901
-0.20474,0.15954,0.43781
-0.15981,0.11572,0.46634
-0.094145,0.048634,0.47758
-0.011454,-0.034142,0.47575
0.059031,-0.1099,0.50066
0.098769,-0.1501,0.55097
0.11334,-0.15442,0.65415
0.1256,-0.16464,0.74399
0.14144,-0.18169,0.83582
0.16049,-0.20775,0.92245
0.19762,-0.24888,0.99914
-0.20961,0.15969,0.43511
-0.16067,0.1098,0.46747
-0.10014,0.044078,0.47773
-0.0092682,-0.045582,0.47635
0.058858,-0.11031,0.50081
0.091601,-0.15363,0.54832
0.10319,-0.16772,0.66868
0.1189,-0.17684,0.76305
0.13859,-0.19443,0.85615
0.15858,-0.22002,0.93947
-0.068646,0.0046837,0.15956
-0.20703,0.14715,0.44263
-0.15976,0.092356,0.47113
-0.095523,0.022165,0.47906
-0.0082329,-0.067634,0.47788
0.050143,-0.12804,0.50649
0.096784,-0.17524,0.56881
0.09857,-0.17698,0.69228
0.11035,-0.1932,0.78724
0.13263,-0.20644,0.86813
0.15264,-0.23371,0.9526
-0.08586,0.0019386,0.16817
-0.21856,0.13874,0.44162
-0.16603,0.088598,0.4711
-0.098402,0.012725,0.47956
-0.016304,-0.073607,0.47843
0.045458,-0.13529,0.50827
0.09183,-0.17508,0.56499
0.090264,-0.18482,0.69795
0.10272,-0.20045,0.78994
0.12692,-0.2176,0.8815
0.15023,-0.24248,0.96351
-0.098248,-1.0985e-005,0.17133
-0.21931,0.13294,0.44421
-0.17435,0.087057,0.47022
-0.098456,0.0044777,0.47998
-0.016934,-0.080155,0.47921
0.036058,-0.13797,0.50499
0.08161,-0.18399,0.56445
0.085591,-0.18482,0.67867
0.098192,-0.19738,0.77114
0.11398,-0.22256,0.86842
0.13701,-0.25002,0.95557
-0.10668,-0.0014787,0.157
-0.23679,0.13773,0.43076
-0.19505,0.092159,0.46622
-0.13717,0.024966,0.47966
-0.059311,-0.060033,0.47959
0.014835,-0.13333,0.4964
0.061797,-0.18367,0.55002
0.073244,-0.19052,0.65696
0.079505,-0.20758,0.75224
0.10333,-0.22127,0.84691
0.12629,-0.24805,0.93525
-0.12292,-0.0041894,0.13322
-0.25514,0.13643,0.41275
-0.22219,0.099511,0.46033
-0.15801,0.042591,0.47777
-0.091581,-0.039676,0.48164
-0.015092,-0.11517,0.48419
0.042039,-0.17128,0.52849
0.061652,-0.19803,0.64772
0.069746,-0.21229,0.74013
0.088267,-0.22398,0.8229
0.10713,-0.2527,0.91552
0.15467,-0.29125,0.98962
-0.25701,0.13307,0.41465
-0.22874,0.093662,0.46083
-0.16599,0.025091,0.4803
-0.090765,-0.055551,0.48233
-0.011455,-0.12977,0.48979
0.038341,-0.18169,0.53293
0.057601,-0.20089,0.64512
0.064084,-0.21569,0.73572
0.082108,-0.23092,0.82817
0.10327,-0.25552,0.91464
0.1454,-0.29406,0.98751
-0.26742,0.12824,0.40919
-0.2337,0.09494,0.45827
-0.19089,0.037586,0.47868
-0.11069,-0.047066,0.48448
-0.034383,-0.12512,0.48574
0.01851,-0.188,0.5284
0.041028,-0.21243,0.62785
0.059269,-0.21729,0.72715
0.07173,-0.23573,0.81791
0.090259,-0.25778,0.90017
0.12155,-0.29226,0.98303
-0.13713,-0.02814,0.16072
-0.25372,0.092413,0.45272
-0.1985,0.036873,0.47944
-0.1308,-0.040545,0.48708
-0.049173,-0.12844,0.48794
0.011468,-0.18406,0.52266
0.062205,-0.24349,0.5606
0.04649,-0.22384,0.71491
0.058675,-0.23912,0.79935
0.079663,-0.26383,0.89513
0.11486,-0.2933,0.97999
-0.14913,-0.032712,0.15671
-0.25763,0.085422,0.45552
-0.20697,0.037001,0.48008
-0.14567,-0.038497,0.48937
-0.056794,-0.12679,0.48844
-0.0016423,-0.19259,0.52242
0.031013,-0.22101,0.64116
0.041828,-0.23206,0.73476
0.056465,-0.24966,0.82513
0.077688,-0.27239,0.90594
0.12358,-0.32003,0.97589
-0.28678,0.10262,0.41849
-0.25341,0.071389,0.4653
-0.19694,0.0061065,0.48649
-0.12514,-0.075473,0.49084
-0.046216,-0.15464,0.49509
0.0058561,-0.21547,0.53873
0.015884,-0.23332,0.65415
0.032219,-0.24349,0.75314
0.053096,-0.26142,0.84755
0.070991,-0.29286,0.92847
-0.18326,-0.014011,0.12503
-0.27922,0.085774,0.44686
-0.23274,0.038295,0.4797
-0.17725,-0.022826,0.49046
-0.097726,-0.10908,0.49036
-0.031031,-0.18995,0.51103
0.014092,-0.24219,0.56257
0.015779,-0.24125,0.69541
0.030596,-0.25817,0.79565
0.047211,-0.27936,0.87414
0.081484,-0.30652,0.9597
-0.29496,0.092639,0.42138
-0.26242,0.05753,0.47075
-0.20973,-0.0089329,0.49138
-0.13806,-0.082026,0.49442
-0.06048,-0.16537,0.49896
-0.013634,-0.22417,0.53649
0.00051289,-0.24563,0.66196
0.0099779,-0.25797,0.74802
0.034369,-0.27402,0.84463
0.057079,-0.30141,0.92292
-0.19296,-0.041355,0.14249
-0.28154,0.062483,0.46258
-0.23488,0.0085895,0.49013
-0.16842,-0.072775,0.50032
-0.092818,-0.15739,0.50128
-0.027344,-0.22005,0.52964
-0.0055554,-0.24843,0.65299
0.0018891,-0.26413,0.74909
0.023237,-0.27997,0.83853
0.043761,-0.3107,0.91772
-0.20721,-0.040938,0.13803
-0.2804,0.046535,0.47377
-0.22432,-0.016397,0.49627
-0.16459,-0.082838,0.50158
-0.082594,-0.1795,0.50561
-0.023579,-0.23752,0.54159
-0.015152,-0.26086,0.68156
-0.00074436,-0.27225,0.77143
0.023396,-0.29193,0.8607
0.053848,-0.33034,0.93576
-0.29963,0.056897,0.45811
-0.26098,0.014728,0.49038
-0.19917,-0.061342,0.50456
-0.12808,-0.14613,0.50594
-0.056359,-0.22934,0.52879
-0.020348,-0.26085,0.66214
-0.0088583,-0.27514,0.76009
0.0048431,-0.29701,0.84238
0.045246,-0.34336,0.91692
-0.30647,0.04877,0.45899
-0.27042,0.0032709,0.496
-0.20357,-0.063495,0.50609
-0.13422,-0.15254,0.50923
-0.060897,-0.22747,0.52655
-0.015007,-0.29021,0.69143
-0.010715,-0.28985,0.79835
0.012463,-0.31454,0.87445
-0.30923,0.038941,0.46654
-0.26641,-0.014229,0.50353
-0.20686,-0.083244,0.51259
-0.12139,-0.17365,0.51221
-0.057131,-0.25498,0.53171
-0.08327,-0.24282,0.090296
-0.29859,0.017255,0.49029
-0.24606,-0.052988,0.51249
-0.17027,-0.13306,0.51499
-0.1042,-0.22142,0.51549
-0.084838,-0.24813,0.11302
-0.2905,-0.007085,0.50339
-0.23942,-0.075955,0.51806
-0.15775,-0.17063,0.51212
-0.15969,-0.16648,0.71364
-0.081955,-0.28025,0.060084
-0.29335,-0.021567,0.49632
-0.23101,-0.095514,0.51557
-0.23096,-0.09719,0.71347
-0.16533,-0.17221,0.72786
-0.088773,-0.28081,0.053468
-0.24727,-0.085893,0.50544
-0.25373,-0.092705,0.71536
-0.18842,-0.15845,0.72907
-0.093717,-0.28809,0.0080217
-0.086442,-0.29553,0.10115
-0.2534,-0.10713,0.71877
-0.18816,-0.18563,0.73017
-0.095539,-0.29959,0.032053
-0.29312,-0.061973,0.68482
-0.24991,-0.12188,0.72179
-0.17871,-0.20804,0.73024
-0.30181,-0.071526,0.6899
-0.25558,-0.1315,0.72219
-0.18005,-0.2247,0.72947
-0.30244,-0.091573,0.70315
-0.24013,-0.15723,0.72647
-0.15735,-0.26003,0.72658
-0.28346,-0.12922,0.7165
-0.17977,-0.24818,0.71413
-0.25841,-0.16536,0.72149
0.044856,-0.34261,0.91717
0.020039,-0.33334,0.84194
0.049456,-0.33844,0.92729
-0.074485,-0.31201,0.082369
0.02285,-0.32488,0.88811
0.065569,-0.32206,0.95059
-0.0046848,-0.30891,0.72435
0.0031683,-0.30586,0.84099
0.039499,-0.31046,0.91124
0.1098,-0.32108,0.96994
-0.14464,-0.28128,0.71837
-0.0071616,-0.30152,0.75485
0.00434,-0.30229,0.85118
0.046156,-0.3101,0.92033
0.11158,-0.31229,0.9732
-0.0036065,-0.28712,0.54479
-0.015749,-0.28591,0.67952
-0.015734,-0.28362,0.77206
0.016829,-0.29083,0.84871
0.0585,-0.30177,0.92533
0.12569,-0.29959,0.98262
-0.058783,-0.27074,0.11033
-0.16057,-0.26107,0.72532
-0.021789,-0.28093,0.71746
0.0045892,-0.27829,0.79799
0.038498,-0.28301,0.86755
0.08845,-0.28734,0.94404
-0.086064,-0.26291,0.0771
-0.028353,-0.27123,0.54865
-0.1319,-0.25409,0.72862
-0.014651,-0.27024,0.72639
0.019734,-0.26791,0.8012
0.056373,-0.2749,0.87993
0.10635,-0.27339,0.94703
-0.085416,-0.25574,0.086147
-0.060362,-0.25555,0.52655
-0.17728,-0.24872,0.72211
-0.0085258,-0.25674,0.68554
0.011867,-0.26234,0.7698
0.051006,-0.26146,0.84424
0.093116,-0.26779,0.91993
0.1395,-0.27251,0.9889
-0.060661,-0.24445,0.11851
-0.039348,-0.24608,0.54298
-0.14923,-0.23402,0.72962
0.0081333,-0.24756,0.70023
0.030626,-0.2559,0.78937
0.070045,-0.25502,0.861
0.10941,-0.26293,0.93477
0.17237,-0.26351,0.99627
-0.10212,-0.22939,0.50779
-0.028393,-0.23961,0.5418
-0.13097,-0.22571,0.72919
0.012325,-0.24614,0.70841
0.050362,-0.24054,0.78584
0.079822,-0.24758,0.8607
0.13088,-0.24388,0.93544
0.19347,-0.2576,0.99928
-0.1063,-0.2239,0.50946
-0.017703,-0.22503,0.53544
-0.13224,-0.22196,0.72912
0.029646,-0.23268,0.702
0.053718,-0.23546,0.77833
0.091675,-0.23389,0.85287
0.13205,-0.24362,0.93683
0.1955,-0.24364,0.99892
-0.12462,-0.20728,0.50698
-0.0392,-0.21729,0.52507
-0.1613,-0.20402,0.7301
0.031234,-0.22654,0.6753
0.060969,-0.22314,0.75427
0.09345,-0.22267,0.83133
0.12868,-0.23278,0.91378
0.17933,-0.23247,0.98919
-0.075025,-0.20052,0.13161
-0.088263,-0.20252,0.51589
-0.21452,-0.19283,0.72914
0.037337,-0.21518,0.62875
0.057618,-0.21564,0.71592
0.085492,-0.21664,0.79595
0.12462,-0.21917,0.88065
0.17145,-0.21655,0.95489
-0.075582,-0.19517,0.098451
-0.19852,-0.18548,0.53226
-0.1987,-0.18455,0.62222
-0.20642,-0.18763,0.72988
0.050318,-0.20505,0.6287
0.073164,-0.20285,0.71502
0.10049,-0.20532,0.79855
0.13643,-0.20657,0.87594
0.17712,-0.20988,0.95325
-0.074552,-0.18846,0.099234
-0.20529,-0.17864,0.54055
-0.20371,-0.17272,0.62828
-0.20779,-0.17353,0.72974
0.066406,-0.19223,0.63176
0.080205,-0.19854,0.72019
0.11279,-0.19513,0.79845
0.14592,-0.20031,0.88231
0.18757,-0.20005,0.95426
-0.07196,-0.17014,0.12308
-0.20353,-0.17255,0.55145
-0.048507,-0.17773,0.50505
-0.19499,-0.17006,0.72986
0.073976,-0.18421,0.61509
0.0871,-0.18832,0.70272
0.11598,-0.18984,0.79091
0.14888,-0.19162,0.87096
0.1926,-0.1899,0.94587
-0.071361,-0.16765,0.10541
-0.17333,-0.15966,0.50702
-0.057684,-0.1692,0.50084
-0.2073,-0.15665,0.7286
0.12769,-0.17558,0.56114
0.10112,-0.17245,0.68095
0.12335,-0.17529,0.77228
0.15526,-0.17699,0.85462
0.19316,-0.18283,0.93518
0.27399,-0.19227,0.99075
-0.18069,-0.14971,0.48776
-0.078314,-0.15347,0.49733
-0.2347,-0.15123,0.72656
0.094971,-0.15832,0.55444
0.10711,-0.1603,0.65257
0.12223,-0.16922,0.74817
0.14959,-0.1678,0.82092
0.18938,-0.16916,0.90654
0.23182,-0.17776,0.98652
0.24057,-0.16154,0.028708
-0.1457,-0.14346,0.51036
-0.2802,-0.13658,0.71753
0.066243,-0.15563,0.53212
0.10783,-0.15525,0.62547
0.12154,-0.15982,0.71318
0.15016,-0.15939,0.8006
0.1879,-0.15479,0.87706
0.22949,-0.15911,0.95856
-0.067268,-0.1372,0.14834
0.22098,-0.1494,0.067696
-0.15772,-0.13374,0.5115
-0.29264,-0.13112,0.71211
0.060984,-0.14411,0.52217
0.12941,-0.14348,0.56933
0.12682,-0.14811,0.68725
0.15249,-0.14617,0.77233
0.18499,-0.14824,0.85888
0.22328,-0.15114,0.93777
-0.065527,-0.12959,0.12235
0.22275,-0.13613,0.045335
-0.18762,-0.12495,0.51798
-0.30536,-0.11773,0.70723
-0.20858,-0.12323,0.72262
0.11698,-0.1382,0.55572
0.13851,-0.12878,0.65202
0.15343,-0.13893,0.75135
0.18589,-0.13303,0.83279
0.22479,-0.13561,0.91747
-0.064289,-0.12152,0.12061
0.1745,-0.12637,0.096843
-0.1924,-0.114,0.51662
-0.30182,-0.10841,0.70819
0.058326,-0.11933,0.50596
0.12275,-0.12754,0.55197
0.14303,-0.12455,0.65333
0.16187,-0.1266,0.74269
0.18793,-0.12994,0.83136
0.22785,-0.12846,0.91198
0.31055,-0.13501,0.96511
0.22165,-0.11996,0.02436
-0.21471,-0.10185,0.51998
-0.31496,-0.1032,0.70209
0.041652,-0.10451,0.49329
0.11661,-0.11322,0.53638
0.14664,-0.11653,0.63326
0.16762,-0.11334,0.72341
0.19012,-0.11735,0.80878
0.22518,-0.11871,0.89072
0.27427,-0.11981,0.96684
0.12106,-0.098698,0.10262
-0.22698,-0.092705,0.52018
-0.3221,-0.093707,0.69486
0.038296,-0.10402,0.49228
0.11201,-0.10815,0.53043
0.15249,-0.10656,0.61225
0.17233,-0.1009,0.70337
0.19701,-0.10442,0.79833
0.22759,-0.11296,0.8857
0.28085,-0.10719,0.95901
0.11316,-0.094776,0.12079
-0.21776,-0.084909,0.51564
-0.31413,-0.084298,0.69303
0.042674,-0.086493,0.48824
0.113,-0.096562,0.5244
0.20837,-0.1017,0.55918
0.17185,-0.099796,0.69661
0.19446,-0.10019,0.78155
0.23074,-0.098102,0.86689
0.27804,-0.095015,0.94181
0.078178,-0.077114,0.12164
-0.24256,-0.075162,0.51857
-0.10616,-0.078373,0.48786
0.026963,-0.077253,0.48145
0.1108,-0.086052,0.51711
0.17594,-0.083376,0.56015
0.18099,-0.087189,0.69123
0.20203,-0.089669,0.77864
0.23805,-0.083248,0.85699
0.2893,-0.084725,0.94264
0.06967,-0.072912,0.14369
-0.22937,-0.064155,0.5121
-0.089037,-0.066652,0.48328
0.026283,-0.067772,0.47894
0.11784,-0.068013,0.51097
0.18333,-0.07378,0.55875
0.18716,-0.074145,0.6692
0.20739,-0.077975,0.7682
0.24317,-0.075811,0.85623
0.28317,-0.077782,0.92776
0.046791,-0.061316,0.12723
-0.26278,-0.055382,0.51691
-0.12132,-0.061859,0.48833
0.0052139,-0.06084,0.47784
0.098364,-0.065397,0.49821
0.17488,-0.062086,0.54412
0.19459,-0.061009,0.65823
0.21102,-0.066472,0.75013
0.24463,-0.059829,0.8361
0.28971,-0.067314,0.92206
0.028853,-0.052288,0.13702
-0.27334,-0.042328,0.51474
-0.14137,-0.048278,0.48995
-0.0042341,-0.046775,0.47659
0.09499,-0.046508,0.49231
0.16747,-0.055146,0.53441
0.2029,-0.04828,0.6548
0.21987,-0.053415,0.74844
0.24671,-0.052275,0.82797
0.29176,-0.054469,0.90787
-0.032872,-0.03287,0.21413
-0.25133,-0.032829,0.50692
-0.12326,-0.042766,0.48607
0.0059844,-0.043683,0.47668
0.10186,-0.044426,0.49415
0.17929,-0.041322,0.5355
0.20574,-0.043486,0.65182
0.22832,-0.03835,0.74035
0.25412,-0.041383,0.82581
-0.1531,-0.033552,0.15543
-0.056053,-0.032125,0.19404
-0.28457,-0.031239,0.50716
-0.17012,-0.024995,0.49003
-0.04045,-0.02537,0.47705
0.078582,-0.027749,0.48263
0.15278,-0.035061,0.51539
0.22988,-0.029396,0.56424
0.22277,-0.033446,0.70432
0.25556,-0.029098,0.80478
-0.15153,-0.021019,0.15654
-0.071144,-0.021324,0.18335
-0.29821,-0.015058,0.49089
-0.19836,-0.013376,0.49111
-0.083397,-0.015275,0.47966
0.039743,-0.017574,0.47738
0.13345,-0.022921,0.49984
0.20903,-0.024491,0.54642
0.22432,-0.022315,0.67112
0.24311,-0.027158,0.76557
-0.15372,-0.010034,0.1564
-0.075057,-0.0059803,0.18136
-0.29901,-0.011607,0.49115
-0.20563,-0.01457,0.49249
-0.077855,-0.013011,0.47906
0.037171,-0.010786,0.47699
0.13912,-0.009842,0.49985
0.21154,-0.010163,0.54156
0.23942,-0.0063866,0.68841
-0.1003,-0.00049096,0.13921
-0.060903,0.00057626,0.20188
-0.26722,-0.0013196,0.49775
-0.15815,0.0010615,0.48363
-0.029138,-0.0040369,0.47665
0.080801,0.0030254,0.48118
0.17687,0.0020646,0.51552
0.2539,-0.0015134,0.56386
-0.058071,0.0084717,0.20539
-0.26026,0.0081862,0.49315
-0.14986,0.013046,0.48135
-0.037459,0.014602,0.47705
0.092872,0.0095471,0.48273
0.1732,0.0065252,0.51151
-0.061502,0.021573,0.14908
-0.31146,0.013357,0.4717
-0.23904,0.017783,0.48749
-0.11551,0.018365,0.47967
0.0024004,0.021731,0.47696
0.11595,0.023185,0.48749
0.20087,0.026831,0.52387
-0.062589,0.030686,0.18067
-0.28914,0.02669,0.48536
-0.17734,0.030447,0.47941
-0.063766,0.02912,0.47805
0.055509,0.030986,0.47894
0.15371,0.030642,0.50109
0.22806,0.024999,0.5416
-0.3146,0.037342,0.45538
-0.24304,0.031498,0.48166
-0.13432,0.042432,0.47769
-0.018185,0.042572,0.47786
0.088027,0.040532,0.48383
0.18388,0.038489,0.51474
-0.065745,0.055313,0.17322
-0.27688,0.04857,0.47319
-0.1815,0.045934,0.47708
-0.085497,0.048684,0.47773
0.035691,0.05556,0.48033
0.13433,0.051624,0.49427
-0.0825,0.062786,0.13586
-0.30669,0.055862,0.45012
-0.23898,0.053593,0.47408
-0.13053,0.057772,0.47623
-0.020122,0.061526,0.47859
0.087251,0.06455,0.48649
0.19373,0.063298,0.51862
-0.057412,0.068358,0.17072
-0.26382,0.060991,0.4682
-0.16549,0.065937,0.47425
-0.069342,0.064139,0.47755
0.045905,0.067323,0.4819
0.147,0.075984,0.50259
0.2257,0.077085,0.72449
-0.30237,0.074943,0.43227
-0.24528,0.07457,0.46602
-0.14572,0.079902,0.47317
-0.04279,0.076315,0.47885
0.063646,0.074653,0.48521
0.1597,0.088434,0.50882
-0.097752,0.092719,0.13206
-0.29697,0.080859,0.43221
-0.23178,0.085159,0.46339
-0.14741,0.084937,0.47258
-0.026564,0.090668,0.4802
0.072395,0.092409,0.48952
0.16907,0.096099,0.51341
-0.10187,0.10079,0.14328
-0.28333,0.090312,0.43701
-0.2158,0.09593,0.46257
-0.12161,0.095663,0.47305
-0.0097481,0.094887,0.48161
0.099986,0.10115,0.49628
0.18649,0.10549,0.70394
-0.10528,0.10749,0.14579
-0.26899,0.099334,0.44167
-0.19453,0.10276,0.46347
-0.094458,0.10709,0.47464
0.0029474,0.10898,0.48351
0.10947,0.11209,0.5013
0.19165,0.11545,0.72867
-0.085095,0.11488,0.15351
-0.24335,0.10723,0.44819
-0.16812,0.11306,0.46545
-0.071188,0.1173,0.47632
0.037861,0.11956,0.48965
0.13759,0.12686,0.51191
0.21645,0.13304,0.72962
-0.084236,0.12751,0.15005
-0.23047,0.1203,0.44644
-0.14226,0.12006,0.46851
-0.046877,0.12979,0.47928
0.061916,0.13055,0.49564
0.15436,0.13617,0.71051
-0.12088,0.1381,0.12893
-0.25044,0.13105,0.42402
-0.19154,0.13025,0.4572
-0.09338,0.13626,0.47303
0.0078733,0.13385,0.48739
0.096708,0.14562,0.50746
0.18177,0.14558,0.73014
-0.096757,0.14729,0.14262
-0.21255,0.1384,0.44436
-0.12804,0.13756,0.46824
-0.037053,0.15079,0.48087
0.060887,0.14993,0.50051
0.14032,0.15467,0.72581
-0.10908,0.1535,0.13908
-0.22124,0.14994,0.43344
-0.14912,0.15019,0.46145
-0.060346,0.15358,0.47739
0.039495,0.16516,0.49907
0.15287,0.16918,0.50113
0.16684,0.16884,0.62658
0.16582,0.17246,0.73014
-0.23956,0.15742,0.40506
-0.18326,0.15445,0.44942
-0.10419,0.1646,0.46909
-0.0038031,0.17266,0.48972
0.08981,0.17247,0.51336
0.15482,0.18128,0.57662
0.15539,0.17993,0.66955
-0.13627,0.17352,0.12946
-0.2143,0.16954,0.4189
-0.14501,0.17137,0.45859
-0.059333,0.17715,0.47745
0.018966,0.18145,0.49671
0.15413,0.18511,0.5491
0.11812,0.18849,0.72648
0.16231,0.19372,0.029511
-0.17263,0.18279,0.44173
-0.10095,0.18086,0.46788
-0.0085973,0.18484,0.48987
0.07777,0.19604,0.51689
-0.13691,0.19469,0.12336
-0.1937,0.19091,0.41773
-0.13386,0.19253,0.45608
-0.044703,0.19865,0.48257
0.039937,0.19653,0.50577
0.11346,0.21066,0.72504
0.1792,0.22888,0.045847
-0.1541,0.1986,0.44361
-0.078272,0.20307,0.47181
0.010394,0.21707,0.50093
0.073555,0.21766,0.70887
0.18371,0.23339,0.028174
-0.1404,0.20629,0.44745
-0.058622,0.21774,0.47809
0.018954,0.21914,0.50408
0.097146,0.22622,0.7216
-0.16057,0.21966,0.42403
-0.097108,0.22231,0.46429
-0.017845,0.22926,0.4942
0.059213,0.23286,0.68836
-0.16872,0.22512,0.40881
-0.10826,0.23754,0.45283
-0.030068,0.23616,0.48994
0.045838,0.2454,0.69185
-0.15593,0.23885,0.409
-0.099377,0.23921,0.45744
-0.031134,0.25126,0.49056
0.038695,0.25414,0.69572
-0.14027,0.24506,0.42061
-0.077857,0.25165,0.46638
-0.0084633,0.26279,0.50167
0.077684,0.26654,0.71005
-0.10121,0.26113,0.44933
-0.031172,0.26328,0.49141
0.060195,0.27791,0.701
-0.096607,0.2708,0.4447
-0.034562,0.28069,0.48963
-0.10589,0.28027,0.4231
-0.053476,0.28297,0.47557
-0.077723,0.29102,0.44192
