0.057374,0.32755,0.010727
0.051913,0.31074,0.048659
0.052437,0.30702,0.077554
0.049162,0.29329,0.057413
-0.093009,0.2787,0.4105
0.063756,0.28546,0.10565
-0.055614,0.27662,0.4114
0.041221,0.2725,0.1006
-0.1314,0.25693,0.44813
0.021123,0.27608,0.41191
0.038241,0.26333,0.10492
-0.12989,0.24665,0.45441
0.003047,0.25707,0.43796
0.14299,0.26708,0.43151
-0.2067,0.23277,0.47446
-0.061675,0.24694,0.44563
0.067732,0.25856,0.44082
0.029934,0.23776,0.098358
-0.16927,0.22345,0.48003
-0.030921,0.23417,0.45265
0.089778,0.24514,0.45213
0.029774,0.2351,0.12426
-0.13309,0.21804,0.47142
-0.0058992,0.23109,0.45421
0.11281,0.23628,0.46223
0.03025,0.22475,0.12735
-0.12619,0.21027,0.47207
6.5986e-005,0.2231,0.45825
0.11203,0.22681,0.46831
0.02009,0.20747,0.12504
-0.13691,0.19768,0.4779
-0.024619,0.20419,0.46356
0.099069,0.21962,0.46843
0.016523,0.19649,0.12229
-0.16611,0.19077,0.48859
-0.038232,0.2016,0.46466
0.089585,0.20312,0.47094
0.017148,0.19606,0.098987
-0.2245,0.17143,0.50971
-0.067284,0.18524,0.47065
0.041489,0.18843,0.46943
0.15332,0.1962,0.49062
0.030002,0.18329,0.13994
-0.12028,0.17421,0.47991
-0.26897,0.15909,0.69872
0.11025,0.18907,0.47936
0.0093294,0.17435,0.12635
-0.18603,0.16373,0.50035
-0.30122,0.14866,0.68897
0.06782,0.17542,0.4749
0.16558,0.17755,0.49972
-0.23412,0.14513,0.50156
-0.093908,0.15605,0.47742
-0.2528,0.14572,0.70463
0.13141,0.16708,0.48845
0.0026841,0.1539,0.12785
-0.20923,0.13796,0.51153
-0.30073,0.13327,0.68391
0.063656,0.14959,0.47735
0.16383,0.15328,0.50136
-0.0019199,0.13973,0.1455
-0.17204,0.13001,0.4987
-0.30262,0.12266,0.69713
0.074788,0.14427,0.47904
0.17631,0.14325,0.507
-0.15129,0.12698,0.1425
-0.23804,0.11785,0.50072
-0.10722,0.12503,0.48212
-0.26766,0.11616,0.71516
0.12634,0.13349,0.4906
0.20639,0.14421,0.69626
-0.0083973,0.11979,0.13088
-0.20682,0.11403,0.51194
-0.067305,0.11494,0.47846
0.053639,0.11786,0.47916
0.15359,0.12089,0.50054
0.21995,0.13016,0.71073
-0.012789,0.10628,0.13681
-0.20168,0.1033,0.51051
-0.059247,0.1057,0.47815
0.053699,0.11357,0.4794
0.15677,0.11789,0.5018
0.22752,0.11489,0.71545
-0.013748,0.10333,0.1576
-0.18095,0.095466,0.50354
-0.049923,0.09693,0.47828
0.076397,0.098894,0.48242
0.16621,0.11002,0.50546
-0.15026,0.089983,0.14713
-0.018464,0.088811,0.14048
-0.17903,0.084476,0.50341
-0.301,0.076947,0.69724
0.070112,0.089388,0.4823
0.1682,0.091454,0.50706
0.24475,0.093618,0.72132
-0.11173,0.075962,0.16225
0.0030231,0.081021,0.17358
-0.13617,0.079321,0.49076
-0.29927,0.07149,0.72083
0.097382,0.083345,0.48708
0.19094,0.083728,0.51587
-0.11877,0.067107,0.16198
-0.025946,0.065784,0.17907
-0.15809,0.066839,0.49599
-0.30161,0.065848,0.71625
0.089808,0.074367,0.4854
0.18599,0.077451,0.51406
-0.10937,0.060278,0.13553
-0.050797,0.054412,0.18407
-0.20963,0.059388,0.51406
-0.055602,0.055255,0.47863
-0.24319,0.055002,0.72609
0.1623,0.068602,0.50523
0.2422,0.06191,0.7262
-0.068408,0.051751,0.17795
-0.22957,0.043764,0.51842
-0.079331,0.05169,0.4807
-0.26522,0.041728,0.72817
0.13463,0.053676,0.49527
0.22265,0.058662,0.72615
-0.078898,0.038137,0.1776
-0.036284,0.039098,0.23669
-0.20655,0.034536,0.51224
-0.06557,0.03819,0.47898
-0.24502,0.035865,0.7279
0.15092,0.042868,0.50062
0.22593,0.042105,0.72789
-0.052887,0.027587,0.20333
-0.044862,0.027291,0.30733
-0.15236,0.029327,0.49301
-0.30253,0.025117,0.71133
0.085536,0.032289,0.48336
0.18384,0.032509,0.51206
-0.052038,0.017783,0.16276
-0.050769,0.017249,0.25977
-0.27136,0.01472,0.56043
-0.2709,0.018998,0.63945
-0.26568,0.016349,0.72998
0.145,0.018356,0.49783
0.23784,0.019447,0.54488
0.23593,0.024256,0.7297
-0.054676,0.01294,0.20624
-0.26366,0.0057866,0.50495
-0.27112,0.0060434,0.60088
-0.30248,0.0081101,0.71525
0.10108,0.0087074,0.48596
0.18681,0.0094919,0.51242
0.23763,0.012548,0.58183
0.20592,0.012682,0.70752
-0.072572,0.0027858,0.16884
-0.035405,0.0010557,0.23346
-0.22203,-0.00019275,0.51696
-0.067473,-0.0030929,0.47783
-0.25591,0.0037129,0.73003
0.14871,-0.0044326,0.49834
0.23758,0.0022074,0.58883
0.23872,-0.0022884,0.73023
-0.054832,-0.0052078,0.19409
-0.20255,-0.0050795,0.50941
-0.05397,-0.013645,0.47643
-0.24816,-0.0060602,0.72967
0.15782,-0.0083061,0.50136
0.22299,-0.0059443,0.72972
-0.088056,-0.020046,0.17201
-0.0040069,-0.018546,0.18627
-0.1345,-0.014555,0.48758
-0.2998,-0.021437,0.72563
0.1012,-0.025506,0.48553
0.20076,-0.024366,0.51706
-0.10998,-0.024722,0.14277
-0.026782,-0.026491,0.15849
-0.1964,-0.028265,0.50713
-0.055778,-0.033457,0.47735
0.067314,-0.028835,0.4802
0.15775,-0.027864,0.50147
0.24233,-0.031732,0.73019
-0.093832,-0.041193,0.16656
0.0036821,-0.038312,0.17543
-0.12918,-0.040625,0.48777
-0.28881,-0.035531,0.72916
0.10734,-0.04168,0.48796
0.20647,-0.047834,0.70391
-0.13188,-0.05001,0.1551
-0.01808,-0.053582,0.17185
-0.14149,-0.049347,0.49087
-0.30162,-0.043684,0.72001
0.10286,-0.052968,0.48769
0.2039,-0.054772,0.51962
-0.14001,-0.059165,0.15129
-0.00033645,-0.057931,0.16988
-0.15512,-0.059479,0.49475
-0.30185,-0.056136,0.71819
0.089853,-0.063614,0.48559
0.18542,-0.068185,0.51345
-0.14422,-0.065176,0.14908
0.018498,-0.065975,0.16559
-0.13944,-0.06426,0.49132
-0.30101,-0.067379,0.72277
0.092667,-0.074643,0.48875
0.19452,-0.078357,0.51943
-0.0075432,-0.084701,0.13202
-0.22793,-0.075114,0.51966
-0.068696,-0.077449,0.48453
-0.25656,-0.072275,0.72916
0.13771,-0.084994,0.50286
0.21205,-0.08485,0.726
0.00085579,-0.090407,0.15992
-0.13894,-0.08585,0.49763
-0.29565,-0.08473,0.72602
0.097741,-0.09713,0.49794
0.19479,-0.095292,0.52389
-0.0013323,-0.1035,0.12039
-0.20864,-0.097494,0.52152
-0.063582,-0.096111,0.49134
0.057268,-0.10365,0.49566
0.15611,-0.1021,0.51421
0.24258,-0.11115,0.72516
-0.2251,-0.10307,0.52546
-0.07583,-0.10577,0.49616
0.04733,-0.11662,0.49973
0.15355,-0.11304,0.51674
0.0033156,-0.11757,0.11372
-0.22608,-0.11396,0.52365
-0.087291,-0.12142,0.50487
0.036778,-0.12348,0.50452
0.13594,-0.1287,0.52056
0.031108,-0.13095,0.14466
-0.14112,-0.12029,0.51191
-0.26442,-0.11895,0.714
0.095949,-0.13364,0.51833
0.19173,-0.13371,0.53857
-0.21322,-0.12639,0.53462
-0.089313,-0.13405,0.515
0.021261,-0.14026,0.51804
0.13307,-0.14755,0.53351
0.039827,-0.15173,0.1375
-0.1513,-0.14222,0.52905
-0.027089,-0.14576,0.52231
0.082715,-0.15058,0.52932
0.017691,-0.16118,0.11121
-0.21717,-0.15137,0.5394
-0.090807,-0.15464,0.53158
0.021663,-0.16366,0.53787
0.12836,-0.16892,0.54958
0.018477,-0.16609,0.13071
-0.17621,-0.15626,0.54304
-0.064232,-0.16917,0.54426
0.065321,-0.16855,0.54471
0.089052,-0.17773,0.6196
0.13153,-0.17978,0.69298
0.024471,-0.18454,0.12828
-0.18692,-0.16602,0.55183
-0.072335,-0.1724,0.54811
0.039701,-0.18634,0.56258
0.075393,-0.18024,0.62817
0.11041,-0.18618,0.70965
0.16275,-0.19339,0.77956
-0.21554,-0.17203,0.5399
-0.13283,-0.18395,0.56144
-0.21195,-0.17955,0.72799
-0.0082959,-0.1896,0.65593
0.053316,-0.19404,0.70883
0.11525,-0.1967,0.76306
0.0287,-0.19755,0.10952
-0.20283,-0.18677,0.56493
-0.21025,-0.18492,0.66984
-0.21324,-0.18954,0.76036
-0.020804,-0.19714,0.7043
0.056973,-0.2029,0.75344
0.11031,-0.20849,0.80397
0.035516,-0.20714,0.12113
-0.14596,-0.19984,0.56814
-0.21801,-0.19884,0.71741
-0.19773,-0.19839,0.79455
-0.038816,-0.2102,0.76838
0.054385,-0.21339,0.79536
0.14413,-0.21687,0.84432
0.054209,-0.22345,0.11435
-0.11143,-0.21515,0.56115
-0.21872,-0.20723,0.74272
-0.14063,-0.2047,0.78593
-0.028176,-0.21777,0.79649
0.066174,-0.22094,0.82625
0.15322,-0.22627,0.86862
-0.16044,-0.22023,0.55639
-0.2198,-0.21188,0.74446
-0.21442,-0.21326,0.82487
-0.10115,-0.22433,0.83709
0.016348,-0.23465,0.85406
0.11294,-0.23935,0.89088
0.042,-0.23849,0.097135
-0.22134,-0.21992,0.75329
-0.21589,-0.22327,0.83423
-0.12382,-0.22893,0.85567
0.014546,-0.23613,0.85798
0.097841,-0.24748,0.90578
0.052836,-0.25002,0.033277
-0.038709,-0.25113,0.59373
-0.21884,-0.2318,0.82577
-0.16874,-0.23449,0.88369
-0.05389,-0.24989,0.8969
0.055601,-0.25892,0.92572
0.048105,-0.26039,0.031409
-0.037121,-0.25386,0.59633
-0.2127,-0.23797,0.88534
-0.11907,-0.25095,0.9105
-0.0094178,-0.26234,0.92701
0.10462,-0.26729,0.9467
0.055257,-0.27929,0.076851
-0.21329,-0.25255,0.89363
-0.12852,-0.25712,0.92458
-0.011847,-0.26886,0.94213
0.10034,-0.27871,0.96686
-0.22117,-0.26209,0.874
-0.17947,-0.26416,0.94246
-0.070691,-0.27416,0.95594
0.057516,-0.28109,0.97054
-0.21622,-0.27264,0.89833
-0.17525,-0.27347,0.95457
-0.062877,-0.28074,0.96918
0.053666,-0.29565,0.98988
-0.18824,-0.28059,0.94484
-0.10613,-0.28624,0.98046
0.014134,-0.30162,0.99855
-0.1816,-0.29296,0.9531
-0.094961,-0.30336,0.98934
0.039451,-0.31331,0.99389
-0.1481,-0.30762,0.97084
-0.060387,-0.31589,0.99754
-0.1777,-0.31172,0.95662
-0.085953,-0.31914,0.99213
-0.13568,-0.32201,0.9782
0.10639,-0.32099,0.97436
0.14852,-0.2607,0.84514
0.17391,-0.22379,0.74735
0.075617,-0.30986,0.94019
0.14913,-0.2377,0.77552
0.039762,-0.32565,0.97546
0.16097,-0.21559,0.69268
0.09839,-0.27044,0.85115
0.050853,-0.30999,0.99122
0.13529,-0.22306,0.70115
0.070096,-0.27946,0.86648
0.030436,-0.31288,0.99585
0.14259,-0.20938,0.63366
0.085706,-0.25466,0.79544
0.00041174,-0.3243,0.96979
0.1304,-0.20402,0.56518
0.10102,-0.22788,0.69215
0.055637,-0.26895,0.83456
-0.021745,-0.33275,0.99986
0.12776,-0.19437,0.57052
0.082323,-0.23619,0.71687
0.015267,-0.2849,0.86969
-0.0098601,-0.31082,0.99894
0.11137,-0.19906,0.56856
0.056066,-0.24074,0.72525
0.0028763,-0.28698,0.87551
-0.032383,-0.31221,0.99899
0.068223,-0.21622,0.60344
-0.021793,-0.28963,0.78705
-0.0060332,-0.28383,0.86669
-0.05198,-0.31965,0.99931
0.053748,-0.21924,0.55923
0.039663,-0.23445,0.68602
-0.0059198,-0.26925,0.82385
-0.070303,-0.32848,0.98206
0.053736,-0.20424,0.12022
-0.0058385,-0.25639,0.62679
0.023132,-0.23714,0.69108
-0.019475,-0.27181,0.83306
-0.078735,-0.32785,0.98127
0.031808,-0.20712,0.11477
0.27518,0.0019432,0.051838
-0.01257,-0.25683,0.62952
-0.020479,-0.25611,0.72891
-0.046008,-0.27842,0.85156
-0.093642,-0.32324,0.99066
0.030166,-0.20207,0.11659
0.25967,0.0037766,0.068973
-0.033862,-0.2563,0.62404
-0.029192,-0.25521,0.71412
-0.037696,-0.26673,0.81461
-0.11698,-0.3236,0.98559
0.24159,-0.0098872,0.73036
0.25583,0.012026,0.013078
-0.036997,-0.24757,0.57051
-0.039554,-0.25147,0.66763
-0.03871,-0.25492,0.75336
-0.079465,-0.29022,0.89015
0.20583,-0.031304,0.7079
0.025459,-0.18473,0.10245
0.23498,0.0038967,0.077522
-0.008972,-0.21171,0.54264
-0.024826,-0.23183,0.65654
-0.063847,-0.25897,0.78994
-0.12414,-0.31198,0.9466
0.20567,-0.015534,0.70912
0.020486,-0.17228,0.12508
0.23946,0.021515,0.11109
-0.041305,-0.22631,0.62442
-0.065574,-0.2469,0.74163
-0.097912,-0.28387,0.87637
-0.12096,-0.29465,0.98308
0.017938,-0.16183,0.098066
0.1992,0.0027258,0.10871
-0.029576,-0.20666,0.56431
-0.066022,-0.23859,0.70108
-0.093688,-0.26508,0.82272
-0.15405,-0.31784,0.96879
0.24008,0.0413,0.72822
0.1732,0.0036005,0.093654
-0.058714,-0.21585,0.56065
-0.078506,-0.23118,0.66839
-0.098127,-0.25513,0.78892
-0.15327,-0.30348,0.93341
0.21821,0.039523,0.72748
0.020117,-0.12765,0.14674
-0.035941,-0.18483,0.50523
-0.075166,-0.22646,0.63856
-0.10323,-0.24795,0.76455
-0.14862,-0.28972,0.90294
0.20531,0.036476,0.70978
0.0057027,-0.12678,0.14215
0.16646,0.01101,0.13435
-0.086988,-0.21794,0.60184
-0.11346,-0.23783,0.72175
-0.14753,-0.2702,0.8533
-0.15918,-0.28591,0.96353
0.0042139,-0.12071,0.13557
0.13499,0.0027258,0.14129
-0.084659,-0.19727,0.56859
-0.12647,-0.23544,0.71766
-0.15556,-0.26433,0.84177
-0.17451,-0.29404,0.95668
0.00055016,-0.10922,0.12594
0.1174,0.0027258,0.1491
-0.11767,-0.21692,0.61358
-0.13537,-0.23704,0.73329
-0.16346,-0.2696,0.85748
-0.17771,-0.27386,0.95339
-0.0029509,-0.10015,0.15068
0.12524,0.021723,0.14748
-0.12627,-0.21779,0.62311
-0.1416,-0.23625,0.73512
-0.18907,-0.277,0.88498
0.20612,0.095809,0.69774
-0.0082948,-0.082664,0.15166
0.11275,0.027145,0.15146
-0.13859,-0.21858,0.63944
-0.16186,-0.23588,0.75141
-0.20505,-0.27587,0.88935
0.20509,0.11795,0.69922
-0.0075164,-0.069824,0.16698
0.10386,0.026282,0.15429
-0.1514,-0.21627,0.64041
-0.17138,-0.23469,0.75426
-0.21194,-0.27934,0.89853
0.20936,0.12933,0.70845
0.066716,0.0030744,0.13326
-0.15175,-0.2056,0.56458
-0.16763,-0.22008,0.6798
-0.18918,-0.24546,0.80453
-0.2087,-0.26022,0.91347
-0.015915,-0.059361,0.1327
0.045173,0.0028985,0.16197
-0.13192,-0.17419,0.55231
-0.18644,-0.22185,0.7082
-0.21485,-0.2478,0.83009
0.16438,0.12213,0.50423
-0.020144,-0.046988,0.17238
0.054869,0.025625,0.1699
-0.18037,-0.20786,0.62727
-0.20287,-0.225,0.74325
-0.21853,-0.24163,0.85151
0.18686,0.15364,0.51038
-0.0019677,-0.017702,0.1866
-0.18565,-0.19759,0.5664
-0.20342,-0.21381,0.69119
-0.2211,-0.23056,0.79359
-0.2124,-0.23057,0.88114
-0.027168,-0.025301,0.1486
0.031413,0.022125,0.17738
-0.096875,-0.09804,0.4949
-0.22192,-0.21803,0.73467
-0.21392,-0.20648,0.80959
0.15834,0.15206,0.49948
-0.036423,-0.018826,0.19481
-0.0051981,0.0068315,0.26056
-0.11039,-0.098717,0.49677
-0.21906,-0.20375,0.72083
-0.21359,-0.20267,0.80152
0.14694,0.17,0.4937
-0.044097,-0.009751,0.20637
-0.016615,0.0027855,0.28221
-0.10709,-0.084576,0.4909
-0.2157,-0.18892,0.71382
0.064399,0.09498,0.48144
0.1485,0.17602,0.49372
-0.062778,-0.028281,0.16368
-0.040629,-0.0012273,0.22233
-0.21165,-0.18036,0.54647
-0.084925,-0.047209,0.48096
-0.21259,-0.17982,0.7281
0.079173,0.11873,0.48164
0.16568,0.21551,0.4902
-0.09096,-0.042462,0.16706
-0.053248,0.0011675,0.20436
-0.045799,0.010407,0.29214
-0.11483,-0.060833,0.48597
-0.030411,0.022902,0.47702
0.049472,0.11646,0.47882
0.13917,0.19908,0.48475
-0.12099,-0.053028,0.15734
-0.064949,0.0048393,0.1887
-0.050633,0.017061,0.25975
-0.17339,-0.10332,0.51315
-0.071721,0.0073608,0.4786
0.016196,0.082405,0.47874
0.10046,0.18576,0.47814
-0.13529,-0.05492,0.1533
-0.061062,0.022877,0.19622
-0.21912,-0.13807,0.53616
-0.10258,-0.020758,0.48093
-0.018586,0.064625,0.47785
0.075664,0.16054,0.47733
-0.14608,-0.054479,0.1506
-0.021904,0.078224,0.16243
-0.22312,-0.13262,0.52764
-0.10401,-0.004584,0.48139
-0.021969,0.076806,0.47827
0.060245,0.17393,0.47432
-0.075407,0.035601,0.17478
0.022036,0.14526,0.15225
-0.16075,-0.050943,0.49613
-0.059335,0.050054,0.47868
0.023584,0.13954,0.47537
-0.084978,0.042648,0.13652
-0.007967,0.12112,0.15291
-0.20194,-0.084973,0.51581
-0.11009,0.015377,0.48327
-0.022295,0.10907,0.47687
0.078714,0.21644,0.46527
-0.074524,0.066724,0.17357
-0.22827,-0.098946,0.51948
-0.12869,0.0049505,0.48697
-0.24295,-0.11439,0.72189
0.049742,0.2015,0.4666
-0.085561,0.068017,0.17048
-0.23174,-0.082618,0.51269
-0.13651,0.017091,0.48909
-0.25012,-0.11518,0.72109
0.043914,0.21185,0.46315
-0.090921,0.078523,0.16713
-0.21681,-0.063411,0.51651
-0.11367,0.052305,0.48514
-0.2398,-0.087322,0.7267
-0.1186,0.066982,0.1288
0.037905,0.22457,0.12665
-0.1801,-0.0016324,0.50155
-0.27507,-0.11376,0.72424
0.019799,0.21402,0.46132
-0.10758,0.091257,0.16046
-0.23403,-0.053692,0.50816
-0.14581,0.043887,0.49193
-0.26141,-0.076343,0.72911
-0.13039,0.075546,0.14214
0.043495,0.2795,0.088063
-0.18564,0.020801,0.50422
-0.28526,-0.097389,0.72648
0.035374,0.25878,0.43777
0.044761,0.28873,0.032155
-0.23386,-0.01618,0.50899
-0.13943,0.082646,0.49141
-0.25841,-0.042638,0.72995
0.058542,0.33114,0.023186
-0.21315,0.018084,0.51421
-0.30165,-0.081385,0.71835
-0.23976,-0.0077202,0.72836
-0.23198,0.010305,0.48755
-0.15773,0.085897,0.49598
-0.27611,-0.037996,0.72999
-0.15894,0.11583,0.14261
-0.21253,0.041643,0.51469
-0.30206,-0.054254,0.71706
-0.17275,0.10698,0.10359
-0.26846,0.00041822,0.53619
-0.26723,0.00041825,0.63486
-0.27224,-0.0056234,0.73023
-0.166,0.13062,0.13802
-0.27114,0.0048108,0.59827
-0.29673,-0.021394,0.72696
-0.18942,0.11843,0.11766
-0.21361,0.091822,0.51559
-0.30178,-0.010698,0.71951
-0.19911,0.12547,0.10881
-0.21105,0.1132,0.5136
-0.30104,0.0016932,0.72367
-0.20438,0.1293,0.10383
-0.2281,0.10221,0.52002
-0.30191,0.01211,0.71853
-0.21077,0.1343,0.093581
-0.23107,0.11264,0.51371
-0.30121,0.022853,0.72246
-0.22152,0.14188,0.091905
-0.21655,0.14263,0.51398
-0.29871,0.054851,0.72318
-0.21884,0.14824,0.1211
-0.1797,0.20249,0.49044
-0.23732,0.15353,0.085441
-0.22206,0.16446,0.51448
-0.26574,0.11951,0.71418
-0.23236,0.16915,0.4966
-0.27818,0.11914,0.71423
-0.22812,0.19142,0.48838
-0.25802,0.1696,0.070646
-0.30024,0.11301,0.71222
-0.26849,0.18061,0.10224
-0.27542,0.18092,0.093448
-0.28525,0.18806,0.07608
-0.28208,0.20967,0.045634
0.29618,0.0093961,0.042239
0.27983,0.0031939,0.061087
0.27488,-0.090647,0.72345
0.27342,0.00060609,0.034969
0.25886,-0.11777,0.71586
0.26512,-0.013076,0.72925
0.25843,0.011615,0.044902
0.25378,-0.11566,0.72044
0.25709,6.7442e-006,0.72982
0.25066,0.0032382,0.079508
0.24456,-0.10546,0.72595
0.25732,0.032547,0.72865
0.23555,0.0027258,0.097518
0.23769,0.010241,0.57126
0.23479,-0.067281,0.72937
0.25123,0.083461,0.72282
0.22542,0.0015551,0.49867
0.22543,-0.06138,0.72925
0.23221,0.089848,0.72185
0.20422,-0.14774,0.51963
0.21266,-0.11322,0.72158
0.21866,0.0060272,0.72916
0.21262,0.003741,0.088782
0.20632,-0.10401,0.51869
0.21162,0.020902,0.50998
0.20864,-0.042285,0.72563
0.21735,0.092588,0.72075
0.18605,-0.192,0.54482
0.2009,-0.045068,0.51807
0.20577,0.071833,0.5214
0.2101,0.077187,0.72069
0.18096,-0.20579,0.546
0.18525,-0.06369,0.51313
0.17598,-0.22132,0.73872
0.17425,-0.26492,0.86789
0.18085,0.016455,0.12976
0.17748,-0.098247,0.51915
0.16654,-0.21945,0.7187
0.16279,-0.25572,0.84029
0.17094,0.0035825,0.10097
0.16342,-0.19406,0.56867
0.16167,-0.21148,0.67053
0.15965,-0.23867,0.78761
0.14836,-0.29934,0.93042
0.16169,0.028392,0.13586
0.15099,-0.20729,0.6323
0.14839,-0.22697,0.73087
0.14659,-0.26578,0.85674
0.15001,0.0034859,0.1012
0.14397,-0.19781,0.5681
0.1411,-0.21949,0.68799
0.13597,-0.24633,0.7972
0.13246,-0.29856,0.92613
0.14011,0.015785,0.14274
0.13419,-0.20865,0.62256
0.12523,-0.23083,0.72878
0.12432,-0.26527,0.84898
0.12596,-0.29367,0.96238
0.12321,-0.21255,0.56216
0.12131,-0.21713,0.65311
0.11935,-0.23883,0.76063
0.11457,-0.27852,0.8787
0.12428,0.0033016,0.12965
0.10929,-0.19873,0.56867
0.1133,-0.22458,0.68677
0.10731,-0.25281,0.80244
0.11064,-0.29871,0.92277
0.10829,0.0029216,0.1421
0.10303,-0.2119,0.60804
0.098387,-0.23328,0.71568
0.10169,-0.2594,0.8217
0.095023,-0.31923,0.96606
0.10273,0.031498,0.15465
0.097032,-0.21654,0.62458
0.093557,-0.23844,0.73592
0.09434,-0.27488,0.86132
0.086784,-0.32001,0.98392
0.080516,-0.21112,0.54255
0.087591,-0.22295,0.64903
0.085354,-0.24409,0.75635
0.077727,-0.28259,0.87677
0.082286,-0.3014,0.98392
0.091279,0.32017,0.027405
0.074363,-0.21661,0.60864
0.072403,-0.23652,0.71337
0.071138,-0.26528,0.82826
0.070735,-0.3175,0.95822
0.073042,0.027455,0.16411
0.067325,-0.21981,0.55896
0.060506,-0.22688,0.65475
0.066072,-0.24689,0.76032
0.063159,-0.28554,0.8815
0.063906,-0.30993,0.98837
0.060871,0.28329,0.020436
0.055603,-0.20717,0.56416
0.059412,-0.23053,0.67528
0.056604,-0.25377,0.78151
0.05556,-0.29431,0.90331
0.044935,0.0029667,0.13331
0.058272,0.2248,0.10996
0.047468,-0.21754,0.59843
0.044249,-0.23832,0.70754
0.048869,-0.26332,0.81328
0.047656,-0.31432,0.94824
0.041486,0.0029469,0.14845
0.044487,0.18237,0.13474
0.034164,-0.19957,0.5673
0.034944,-0.23688,0.69587
0.041062,-0.26435,0.81431
0.033563,-0.31015,0.93682
0.030009,-0.13487,0.14357
0.025596,0.016001,0.17923
0.032751,0.20886,0.13192
0.028149,-0.22535,0.62587
0.030783,-0.24599,0.73826
0.026266,-0.27386,0.84081
0.028973,-0.32551,0.97405
0.018212,-0.10819,0.15282
0.02104,0.0027705,0.17296
0.016823,0.16362,0.1472
0.022485,-0.22049,0.59907
0.02156,-0.24121,0.71014
0.020315,-0.26773,0.81948
0.016785,-0.31547,0.94816
0.012303,-0.12216,0.14917
0.011137,-0.056686,0.16913
0.010518,0.032543,0.19283
0.013098,-0.21488,0.56097
0.010423,-0.23328,0.66501
0.0087501,-0.2562,0.77598
0.011246,-0.29725,0.90401
0.010234,-0.30988,0.9989
-0.002259,-0.065807,0.16768
0.0040715,-0.00084354,0.20594
-0.0026702,-0.2504,0.57828
-0.00020579,-0.2524,0.66725
-0.0021357,-0.2884,0.78663
0.0012857,-0.28403,0.86726
-0.0027311,-0.33482,0.99666
-0.011918,-0.057362,0.17119
-0.01199,-0.0038299,0.21792
-0.0057612,0.0054091,0.31171
-0.01333,-0.25696,0.63375
-0.010723,-0.25547,0.72202
-0.012964,-0.26972,0.82559
-0.0093356,-0.32052,0.9604
-0.019369,-0.049041,0.15758
-0.021978,-0.0069894,0.21777
-0.024916,-0.00044826,0.30856
-0.016443,-0.25717,0.6356
-0.022787,-0.25574,0.71993
-0.021329,-0.26934,0.82417
-0.020915,-0.31827,0.95495
-0.025917,-0.02579,0.18599
-0.030112,-0.00076395,0.25727
-0.028941,-0.25007,0.5744
-0.031673,-0.25575,0.67817
-0.026916,-0.28231,0.79504
-0.030518,-0.29085,0.88636
-0.025024,-0.31686,0.99919
-0.037406,-0.0063384,0.22071
-0.042393,0.0061862,0.31147
-0.039045,-0.25283,0.63724
-0.033891,-0.28239,0.75907
-0.037095,-0.27126,0.83122
-0.035449,-0.32219,0.96446
-0.045693,-0.021824,0.18202
-0.045827,0.011262,0.25433
-0.046157,-0.22066,0.59684
-0.049732,-0.23997,0.70173
-0.045786,-0.2662,0.81265
-0.041905,-0.31066,0.93651
-0.063937,-0.029123,0.1537
-0.064201,0.0561,0.17822
-0.059989,-0.22639,0.62853
-0.056486,-0.2486,0.74543
-0.052083,-0.28173,0.86081
-0.05405,-0.33337,0.99298
-0.065807,-0.017665,0.17819
-0.064511,-0.21153,0.5425
-0.067011,-0.23045,0.65678
-0.067909,-0.25432,0.77446
-0.062219,-0.29125,0.8893
-0.063864,-0.32191,0.99709
-0.078309,-0.0073283,0.1769
-0.06989,-0.21373,0.5615
-0.071484,-0.23015,0.65786
-0.076948,-0.25517,0.78102
-0.0759,-0.29334,0.8981
-0.07304,-0.30421,0.99419
-0.087449,0.044349,0.139
-0.086375,-0.21092,0.56261
-0.086673,-0.2303,0.66827
-0.079937,-0.25534,0.78276
-0.080478,-0.29712,0.90843
-0.10134,-0.056297,0.1268
-0.098407,0.052311,0.15751
-0.090839,-0.21677,0.59824
-0.089099,-0.23817,0.7109
-0.087765,-0.26665,0.82629
-0.089815,-0.31364,0.94813
-0.10651,-0.060058,0.15444
-0.11279,0.094475,0.15851
-0.098853,-0.22491,0.64453
-0.09712,-0.24623,0.75414
-0.10042,-0.28288,0.87416
-0.099026,-0.3138,0.989
-0.11528,-0.036177,0.16197
-0.11324,-0.21087,0.56307
-0.11365,-0.22809,0.67203
-0.10986,-0.253,0.78532
-0.11151,-0.29262,0.90304
-0.12867,-0.076153,0.13145
-0.13091,0.075923,0.13637
-0.11833,-0.19717,0.56917
-0.12257,-0.23014,0.68928
-0.11879,-0.25642,0.80045
-0.12046,-0.30851,0.93882
-0.13543,-0.081063,0.12432
-0.13876,0.081631,0.15079
-0.13019,-0.12918,0.51696
-0.13126,-0.23124,0.7018
-0.13098,-0.25898,0.81536
-0.12589,-0.31436,0.95237
-0.14169,-0.085613,0.13745
-0.16024,0.10697,0.14394
-0.13781,-0.21337,0.6128
-0.13492,-0.23577,0.72684
-0.14091,-0.26655,0.84123
-0.13318,-0.32216,0.97309
-0.16071,-0.082173,0.14164
-0.14617,-0.20608,0.56515
-0.1479,-0.22291,0.67446
-0.14417,-0.24787,0.78391
-0.13993,-0.29228,0.90658
-0.16372,-0.10162,0.1257
-0.17214,0.12287,0.13789
-0.15699,-0.21228,0.62584
-0.15564,-0.23355,0.73471
-0.15401,-0.26843,0.85091
-0.14826,-0.30178,0.97025
-0.1749,-0.072427,0.13981
-0.16882,-0.21066,0.55978
-0.16932,-0.2165,0.66137
-0.16296,-0.24031,0.76994
-0.16446,-0.28902,0.90462
-0.17824,-0.10777,0.13233
-0.2002,0.15033,0.12552
-0.18091,-0.21045,0.63992
-0.17313,-0.23455,0.75514
-0.17498,-0.2766,0.87983
-0.19547,-0.1228,0.12507
-0.20908,0.15112,0.12308
-0.1895,-0.08707,0.51283
-0.18344,-0.22568,0.72318
-0.18011,-0.25743,0.83507
-0.18403,-0.29485,0.95181
-0.224,0.17805,0.11419
-0.20007,-0.20362,0.63137
-0.19713,-0.2274,0.74722
-0.19169,-0.27169,0.87425
-0.21369,-0.12139,0.12064
-0.20863,-0.18983,0.54626
-0.20181,-0.20804,0.65649
-0.20477,-0.22839,0.76077
-0.20114,-0.27464,0.88514
-0.22548,-0.11951,0.11795
-0.21384,-0.18106,0.54015
-0.2101,-0.20499,0.65225
-0.21036,-0.22849,0.76642
-0.20957,-0.27524,0.88996
-0.23346,0.10569,0.71432
-0.25517,0.16741,0.072581
-0.23883,-0.064643,0.49954
-0.21965,-0.24353,0.82278
-0.24226,-0.0058644,0.72912
-0.26101,0.17198,0.034488
-0.24751,0.0089435,0.49567
-0.24172,-0.054472,0.72854
-0.25545,0.09225,0.72146
-0.27294,0.17911,0.086929
-0.24828,-0.10155,0.72591
-0.26097,0.022591,0.72983
-0.28503,0.18827,0.053213
-0.25572,-0.11972,0.71243
-0.26364,-0.015628,0.73035
-0.29382,0.19204,0.012464
-0.2774,-0.051289,0.72978
-0.28563,0.086778,0.7219
-0.28176,-0.060121,0.72934
-0.29528,0.07977,0.72126
-0.29147,-0.052274,0.72863
0.27337,0.15367,0.69974
0.25554,0.1463,0.70435
0.26932,0.11015,0.71498
0.087823,0.31589,0.065011
0.24981,0.11869,0.71437
0.082647,0.29982,0.083022
0.26085,0.093438,0.72086
0.076642,0.29223,0.048103
0.20498,0.13576,0.51677
0.26016,0.076218,0.72347
0.077503,0.28732,0.066187
0.17599,0.16308,0.50512
0.24972,0.070198,0.72485
0.071482,0.26545,0.10031
0.15864,0.16655,0.49827
0.25188,0.060519,0.7263
0.21463,0.08291,0.50595
0.112,0.20837,0.47438
0.22213,0.075389,0.72361
0.20881,0.075348,0.5164
0.093097,0.21302,0.46896
0.23524,0.053635,0.72705
0.21735,0.063223,0.50105
0.11861,0.17411,0.4845
0.23948,0.027924,0.72942
0.038042,0.25381,0.11778
0.24328,0.0035905,0.6022
0.26768,-0.02013,0.72845
0.054414,0.21593,0.097003
0.20887,0.032677,0.51517
0.24122,0.00041825,0.65136
0.21926,0.024317,0.72889
0.22979,0.00041827,0.50386
0.148,0.08508,0.50039
0.25937,-0.040048,0.72947
0.047043,0.19214,0.1148
0.19751,0.012756,0.51658
0.27625,-0.066391,0.71718
0.21216,0.0084079,0.72736
0.04217,0.17524,0.13769
0.16489,0.040592,0.50538
0.26715,-0.067199,0.72775
0.18178,0.0051717,0.12946
0.21273,-0.034051,0.50647
0.13829,0.062796,0.49678
0.24051,-0.058326,0.72973
0.16597,0.0084038,0.1345
0.021305,0.16432,0.14654
0.16759,0.0080843,0.50529
0.27075,-0.098373,0.72463
-0.049706,0.24303,0.44754
0.032384,0.147,0.12201
0.18609,-0.021449,0.51135
0.2676,-0.11461,0.70257
0.2102,-0.049204,0.72623
0.13781,0.020093,0.14347
0.21252,-0.06637,0.50662
0.11369,0.029275,0.48941
0.2365,-0.091992,0.72786
0.12829,0.0033541,0.12085
0.024031,0.11941,0.15554
0.17098,-0.036369,0.50648
0.072787,0.070691,0.48277
-0.020497,0.16409,0.47195
0.11668,0.0047784,0.15021
0.0022932,0.12681,0.15978
0.14335,-0.021086,0.49614
0.23772,-0.11369,0.69904
-0.034639,0.17047,0.47163
0.1074,0.0037849,0.15316
0.21224,-0.11271,0.50721
0.12601,-0.014229,0.49062
0.03395,0.077838,0.47924
-0.055246,0.17481,0.47172
0.08893,0.012756,0.15905
0.21086,-0.12675,0.50976
0.13922,-0.04202,0.49589
0.03855,0.052495,0.4789
-0.051913,0.14924,0.47446
0.079865,0.0030511,0.15215
0.0094056,0.074859,0.16478
0.15108,-0.070136,0.50218
0.045127,0.03122,0.47899
-0.035807,0.12689,0.4763
-0.13996,0.23389,0.46475
0.038371,0.025182,0.17516
0.19939,-0.12902,0.53051
0.085626,-0.01805,0.48168
-0.00041057,0.064833,0.47795
-0.083631,0.15647,0.47635
0.046515,0.0029746,0.13501
0.0028098,0.054365,0.16251
0.15684,-0.10556,0.51544
0.052533,-0.0013508,0.47862
-0.028018,0.087254,0.47819
-0.12065,0.18207,0.47869
0.042924,0.0027258,0.17291
0.19713,-0.15222,0.5134
0.10495,-0.061935,0.48865
0.0067659,0.035208,0.47737
-0.077902,0.11645,0.47942
-0.16586,0.20591,0.48452
0.011172,0.012703,0.1924
0.19169,-0.16722,0.54483
0.067149,-0.038725,0.48084
-0.023329,0.044676,0.47746
-0.1037,0.14072,0.48008
-0.19663,0.22787,0.48658
-0.0038247,0.018831,0.23055
0.17707,-0.15873,0.5489
0.035591,-0.021775,0.4766
-0.049701,0.064006,0.4787
-0.13341,0.15091,0.48536
-0.00028192,0.0027433,0.15922
-0.0087308,0.005549,0.26851
0.10816,-0.11075,0.5049
0.0058627,-0.0041812,0.47604
-0.071645,0.079718,0.48068
-0.16665,0.16345,0.49333
-0.0034493,-0.01424,0.19382
-0.020792,0.0016547,0.27581
0.07547,-0.090524,0.49218
0.18196,-0.20208,0.71631
-0.10243,0.08145,0.48371
-0.18843,0.16217,0.50136
0.00339,-0.036672,0.17595
-0.026968,-0.0012095,0.23099
0.15796,-0.18407,0.56523
0.17596,-0.20914,0.67937
0.18044,-0.20987,0.77533
-0.15285,0.12882,0.49209
0.015205,-0.055843,0.15563
-0.026545,-0.0132,0.20909
0.1724,-0.20998,0.55025
0.16716,-0.20504,0.64323
0.18428,-0.21804,0.7471
0.17721,-0.21507,0.83204
-0.20537,0.16605,0.50771
-0.0038796,-0.0496,0.17275
-0.14754,0.088006,0.1224
0.094416,-0.15562,0.53491
0.16548,-0.21828,0.71199
0.1824,-0.23389,0.82594
-0.19316,0.12268,0.50642
0.02454,-0.086844,0.15867
-0.051688,-0.020224,0.17644
0.137,-0.1979,0.56813
0.14799,-0.21681,0.68029
0.17722,-0.23788,0.80012
0.17679,-0.24326,0.88578
0.034953,-0.11662,0.14392
-0.054879,-0.022542,0.14934
0.14081,-0.21922,0.55647
0.13045,-0.2125,0.63688
0.15462,-0.23134,0.75826
0.18247,-0.2586,0.87853
-0.23499,0.13496,0.70668
0.0038428,-0.10104,0.1564
0.12687,-0.22138,0.55744
0.12532,-0.21418,0.64058
0.14779,-0.2332,0.75907
0.18017,-0.26695,0.89159
-0.23265,0.12003,0.70998
0.0079118,-0.11285,0.15242
0.11133,-0.21775,0.55981
0.11139,-0.21928,0.65441
0.13732,-0.24021,0.77723
0.17701,-0.27126,0.90454
-0.27485,0.15122,0.70223
-0.082116,-0.042331,0.16108
0.10147,-0.21739,0.63282
0.1188,-0.23609,0.74751
0.1615,-0.27366,0.88167
-0.23424,0.10069,0.71598
-0.089808,-0.04792,0.14381
0.081092,-0.2136,0.59776
0.097463,-0.23375,0.71706
0.12616,-0.26145,0.83945
0.14805,-0.27228,0.94657
-0.10303,-0.057523,0.12774
0.044297,-0.19795,0.56798
0.093034,-0.23382,0.71326
0.1203,-0.26013,0.8332
0.14266,-0.28455,0.95337
-0.11046,-0.062924,0.12436
0.058985,-0.21547,0.59469
0.084244,-0.23535,0.71383
0.11294,-0.26519,0.84355
0.13843,-0.29035,0.95595
-0.28899,0.10003,0.71924
0.035099,-0.21443,0.56123
0.066418,-0.23215,0.68909
0.090185,-0.25678,0.80533
0.14394,-0.30428,0.95442
-0.25431,0.05937,0.72646
-3.9537e-005,-0.18873,0.50118
0.04355,-0.22766,0.64864
0.072957,-0.25087,0.77725
0.10997,-0.29376,0.91184
-0.23204,0.012722,0.70505
-0.13501,-0.080761,0.14331
0.028625,-0.22066,0.60327
0.047038,-0.23926,0.7135
0.085454,-0.27326,0.85336
0.11016,-0.30402,0.97105
-0.26515,0.039492,0.72838
-0.012387,-0.20589,0.52731
0.016511,-0.23137,0.65383
0.051198,-0.25549,0.78559
0.10331,-0.30367,0.93196
-0.23106,-0.0037647,0.71603
-0.14907,-0.090973,0.13693
-0.0052882,-0.22254,0.606
0.017234,-0.24494,0.72627
0.067604,-0.28038,0.86837
0.088102,-0.30569,0.98203
-0.28286,0.021352,0.72953
-0.02848,-0.22057,0.55862
-0.010127,-0.23368,0.6674
0.020334,-0.26055,0.79312
0.075789,-0.31068,0.94205
-0.24348,-0.023295,0.72921
-0.17188,-0.1035,0.13477
-0.003539,-0.25637,0.64037
-0.0017288,-0.24601,0.73139
0.035061,-0.27988,0.85958
0.072421,-0.3095,0.9865
-0.17361,-0.10808,0.097103
-0.01144,-0.25627,0.60397
-0.0058993,-0.25496,0.7046
0.0027597,-0.26563,0.81056
0.055324,-0.31557,0.95199
-0.27514,-0.024699,0.73016
-0.033062,-0.25053,0.57725
-0.025226,-0.2561,0.67932
-0.0027538,-0.27487,0.79124
0.030086,-0.30113,0.91465
-0.26824,-0.044834,0.73003
-0.034002,-0.2559,0.60382
-0.066027,-0.23093,0.65901
-0.030249,-0.26374,0.80035
0.039759,-0.3201,0.96155
-0.20395,-0.13062,0.091007
-0.12225,-0.1965,0.56952
-0.020191,-0.28812,0.78123
-0.027275,-0.28252,0.86305
0.016049,-0.31762,0.99922
-0.12064,-0.20919,0.56391
-0.10173,-0.23151,0.68447
-0.04806,-0.27243,0.8348
0.0242,-0.3348,0.99733
-0.21828,-0.14126,0.11483
-0.13003,-0.21569,0.61658
-0.10901,-0.24075,0.73348
-0.034998,-0.29365,0.89419
-0.030305,-0.30504,0.99869
-0.1454,-0.21454,0.56124
-0.1411,-0.2207,0.65424
-0.092969,-0.26086,0.80752
-0.012059,-0.329,0.9818
-0.23611,-0.15421,0.10111
-0.18756,-0.19078,0.57033
-0.13901,-0.23757,0.73912
-0.052722,-0.30252,0.91679
-0.2475,-0.15513,0.036248
-0.17439,-0.21865,0.55515
-0.16563,-0.2272,0.7141
-0.089368,-0.28722,0.8839
-0.073958,-0.302,0.99387
-0.2569,-0.16932,0.084894
-0.16549,-0.23764,0.76245
-0.063518,-0.31878,0.95771
-0.2593,-0.17236,0.017182
-0.20147,-0.21842,0.71143
-0.12645,-0.28232,0.87905
-0.11706,-0.29251,0.98392
-0.2217,-0.22142,0.74963
-0.098685,-0.32079,0.9655
-0.28691,-0.17205,0.041751
-0.10798,-0.32572,0.98766
-0.1297,-0.31443,0.95322
-0.15269,-0.30737,0.96855
0.067925,0.32317,0.070591
0.075984,0.29962,0.097825
0.047461,0.29118,0.10552
0.072956,0.26999,0.090492
0.098079,0.27329,0.42122
0.071613,0.26787,0.081583
0.13361,0.26143,0.44134
-0.026003,0.27721,0.40965
0.067689,0.25378,0.10529
0.12502,0.24637,0.45816
-0.010073,0.25613,0.43819
0.065618,0.24941,0.089625
0.15664,0.23456,0.47578
0.0081917,0.24475,0.44592
-0.12067,0.26103,0.44079
0.19206,0.22463,0.4734
0.054381,0.23965,0.45167
-0.067193,0.24985,0.4443
-0.16672,0.24826,0.46291
0.19285,0.21663,0.48791
0.058668,0.2258,0.46071
-0.067836,0.23711,0.45244
-0.18011,0.24158,0.47145
0.19679,0.20648,0.48912
0.051335,0.22103,0.46132
-0.056953,0.22403,0.45894
-0.17267,0.23137,0.47597
0.19907,0.20038,0.49087
0.075091,0.20308,0.46864
-0.067023,0.21973,0.46104
-0.16485,0.22113,0.48006
0.038361,0.19833,0.13456
0.18744,0.18559,0.50623
0.031282,0.19321,0.46742
-0.096628,0.20406,0.46828
-0.18829,0.21135,0.49132
-0.26108,0.21093,0.012629
0.16816,0.18386,0.49904
0.013718,0.18452,0.46935
-0.093453,0.19306,0.47104
-0.20073,0.20475,0.49811
-0.24053,0.196,0.024248
0.16515,0.16615,0.50067
0.025634,0.17641,0.47134
-0.093527,0.18355,0.47369
-0.19104,0.19027,0.49763
-0.25437,0.18102,0.034326
0.15211,0.16059,0.49644
0.27487,0.15592,0.69177
-0.11081,0.17843,0.47735
-0.20288,0.17867,0.5052
-0.25925,0.17474,0.034951
0.14135,0.1485,0.49386
0.27481,0.14305,0.70264
-0.11171,0.16877,0.47861
-0.20555,0.17374,0.50711
-0.19854,0.16333,0.10753
0.11687,0.1446,0.48732
0.26629,0.13945,0.70702
-0.12969,0.15127,0.4845
-0.26251,0.16341,0.68476
-0.18338,0.15231,0.12438
0.10351,0.13242,0.48571
0.25735,0.12949,0.71112
-0.12509,0.14087,0.48462
-0.21729,0.14646,0.51398
0.0258,0.12569,0.14767
-0.18656,0.13724,0.13149
0.096607,0.12917,0.48449
0.25847,0.12349,0.71281
-0.13586,0.13262,0.48787
-0.23226,0.14007,0.68572
0.011167,0.12028,0.16089
0.21221,0.11077,0.50755
0.066411,0.11584,0.48053
0.23281,0.1141,0.7157
-0.16374,0.12391,0.49613
-0.23091,0.12545,0.6958
0.021477,0.11155,0.16251
-0.17646,0.11909,0.13749
0.10587,0.10303,0.48788
0.2652,0.103,0.71828
-0.13777,0.1148,0.48936
-0.23227,0.11758,0.6894
0.018196,0.102,0.15905
-0.16676,0.1062,0.1424
0.10323,0.10088,0.48742
0.27535,0.093528,0.71558
-0.13344,0.10749,0.48879
-0.22407,0.10353,0.51903
0.012875,0.085941,0.14534
-0.11109,0.089609,0.15986
0.13839,0.082173,0.49721
0.2768,0.080415,0.70915
-0.11782,0.092293,0.48618
-0.21657,0.091825,0.51671
0.010097,0.077262,0.13579
-0.092952,0.086614,0.16045
0.13462,0.07868,0.49593
0.27687,0.073432,0.70673
-0.10828,0.086742,0.48439
-0.19854,0.087911,0.51007
0.0064455,0.065832,0.14419
-0.082462,0.072738,0.1704
0.14648,0.068477,0.49976
0.27654,0.064231,0.70613
-0.099971,0.071862,0.48327
-0.20508,0.077757,0.51282
0.0043688,0.059331,0.14466
-0.074381,0.058878,0.17508
0.13501,0.053438,0.4954
0.27681,0.058192,0.7085
-0.10899,0.059588,0.48431
-0.21901,0.062025,0.51769
0.0028979,0.05469,0.15903
-0.090913,0.0522,0.17207
0.10962,0.045847,0.48897
0.26989,0.043198,0.72542
-0.13068,0.052076,0.48885
-0.23442,0.052274,0.69728
0.0063683,0.044703,0.18755
-0.018487,0.038448,0.2696
0.093952,0.043126,0.48548
0.26939,0.038987,0.726
-0.14071,0.039482,0.4907
-0.22746,0.046136,0.52047
0.13728,0.025744,0.14364
0.058933,0.029815,0.16861
-0.004936,0.034235,0.2122
0.21577,0.026169,0.50288
0.087163,0.030454,0.48366
0.26509,0.025968,0.72854
-0.14816,0.02735,0.49198
-0.23189,0.029845,0.7201
0.11799,0.017669,0.14979
0.038881,0.015909,0.175
-0.0038247,0.022791,0.22487
0.2436,0.018452,0.5482
0.24303,0.020934,0.64346
0.24119,0.022863,0.7299
-0.1633,0.018265,0.49642
-0.26556,0.019205,0.5652
-0.2605,0.016469,0.72991
0.088292,0.0091597,0.15925
0.016508,0.0059006,0.1847
-0.0038247,0.0088342,0.27116
0.24339,0.0058572,0.58387
0.27568,0.0094126,0.70498
-0.10809,0.012921,0.48275
-0.20713,0.008061,0.51159
-0.26549,0.0084733,0.57692
-0.23221,0.0052979,0.70413
0.073074,0.0038194,0.1641
-0.030195,-0.0022964,0.23082
0.24333,0.0039701,0.5932
0.27651,0.0016851,0.70986
-0.11264,0.0029869,0.48341
-0.21483,0.0035957,0.51436
-0.2326,-0.0051893,0.72503
-0.0077497,-0.011331,0.2017
0.15037,-0.011628,0.49867
0.2766,-0.0047531,0.71037
-0.1104,-0.011028,0.48244
-0.20599,-0.013417,0.51043
0.0033589,-0.019383,0.14401
-0.061463,-0.018366,0.17918
0.1385,-0.020368,0.49443
0.27516,-0.021929,0.70198
-0.11284,-0.015955,0.48281
-0.20315,-0.018792,0.5092
0.0064319,-0.028841,0.14796
-0.073882,-0.032137,0.1734
0.14332,-0.024814,0.49632
0.27608,-0.02702,0.7072
-0.10328,-0.035176,0.48197
-0.20993,-0.028219,0.51225
0.0095064,-0.038303,0.14538
-0.087439,-0.045613,0.16738
0.14611,-0.034305,0.49778
0.27513,-0.038025,0.70152
-0.11413,-0.043797,0.4847
-0.19894,-0.039042,0.50865
0.01184,-0.045486,0.13623
-0.099671,-0.055085,0.15571
0.16165,-0.051191,0.50401
0.017415,-0.051588,0.47819
-0.093284,-0.05151,0.48208
-0.19905,-0.051886,0.50936
-0.28487,-0.059567,0.72905
-0.13355,-0.058636,0.15305
0.13587,-0.060133,0.49584
0.27626,-0.050391,0.71796
-0.11395,-0.058467,0.48565
-0.21287,-0.066459,0.5152
0.019064,-0.067718,0.14952
-0.15348,-0.073788,0.14508
0.14379,-0.070785,0.49995
0.27654,-0.067999,0.70947
-0.1125,-0.077167,0.48913
-0.2106,-0.074474,0.5161
0.024295,-0.083817,0.13459
-0.16908,-0.08159,0.13959
0.1118,-0.081248,0.49504
0.27437,-0.073948,0.72443
-0.11549,-0.087155,0.49339
-0.22357,-0.085276,0.52368
0.026924,-0.091907,0.14274
-0.17326,-0.091381,0.13668
0.12278,-0.085273,0.49873
0.27296,-0.084381,0.72474
-0.11634,-0.092734,0.49562
-0.21475,-0.092784,0.52235
0.030596,-0.10321,0.14103
-0.16914,-0.10348,0.13548
0.13787,-0.098242,0.50754
0.27513,-0.090627,0.7219
-0.11719,-0.10099,0.49885
-0.21005,-0.10875,0.5253
0.030971,-0.10436,0.14173
0.2116,-0.098114,0.50858
0.096562,-0.10602,0.50104
0.25075,-0.10296,0.72623
-0.13305,-0.11998,0.51021
-0.24605,-0.11589,0.71925
-0.26326,-0.1343,0.014952
0.193,-0.11133,0.52764
0.040558,-0.11607,0.499
-0.065554,-0.12612,0.50698
-0.17792,-0.12228,0.52185
0.016809,-0.12808,0.14693
0.20824,-0.12043,0.51486
0.09245,-0.12323,0.50947
-0.016702,-0.1343,0.51254
-0.14325,-0.13286,0.52149
0.043362,-0.1425,0.11896
-0.2331,-0.15196,0.082742
0.16601,-0.1312,0.53028
0.029243,-0.14044,0.51829
-0.083404,-0.14219,0.52101
-0.18977,-0.14511,0.53926
-0.24608,-0.15803,0.01482
0.20592,-0.13641,0.51782
0.10724,-0.14856,0.53122
-0.017388,-0.15146,0.52682
-0.13203,-0.15496,0.53599
0.047393,-0.15491,0.10799
-0.26312,-0.17513,0.036827
0.18119,-0.15314,0.54672
0.04976,-0.1599,0.53501
-0.067091,-0.16094,0.53563
-0.1711,-0.17125,0.55499
0.050984,-0.16596,0.11811
0.19801,-0.16251,0.52925
0.10341,-0.1605,0.53927
-0.018821,-0.17342,0.5481
-0.12957,-0.17672,0.5544
-0.13762,-0.17952,0.65727
-0.18535,-0.18425,0.73126
0.19897,-0.1662,0.52707
0.12429,-0.17043,0.55037
0.17258,-0.17361,0.69387
-0.11717,-0.18228,0.5595
-0.12058,-0.18221,0.65565
-0.1598,-0.19091,0.74259
0.057289,-0.18683,0.091514
0.1853,-0.18233,0.55515
0.09076,-0.18529,0.56254
0.083545,-0.18247,0.65719
0.00072104,-0.19451,0.68792
-0.094248,-0.19487,0.71488
-0.15515,-0.20131,0.78262
0.060802,-0.19617,0.1131
0.16526,-0.19316,0.56875
0.17309,-0.18476,0.66831
0.17591,-0.18879,0.76413
-0.009164,-0.19868,0.71188
-0.078319,-0.20768,0.76905
-0.14613,-0.21431,0.82269
0.064232,-0.20673,0.11258
0.15301,-0.19541,0.56953
0.17911,-0.19589,0.68989
0.1759,-0.19402,0.78323
0.032183,-0.20761,0.76414
-0.066585,-0.21588,0.79458
-0.14018,-0.22026,0.83887
0.063749,-0.21953,0.1146
0.13118,-0.21188,0.56134
0.18445,-0.20899,0.70311
0.1797,-0.20978,0.78464
0.094148,-0.21746,0.82602
-0.049709,-0.22144,0.80998
-0.12592,-0.22946,0.85796
0.068829,-0.22088,0.095899
0.18432,-0.21264,0.72202
0.18004,-0.22028,0.81415
0.085245,-0.22312,0.83898
-0.047953,-0.22935,0.83897
-0.1263,-0.23874,0.8832
0.071491,-0.2311,0.077639
-0.013078,-0.24584,0.59999
0.17764,-0.22526,0.85157
0.09304,-0.23733,0.87966
-0.045054,-0.24481,0.88231
-0.13779,-0.25123,0.91344
0.055221,-0.24744,0.10698
0.18391,-0.23802,0.82087
0.16906,-0.23975,0.89897
0.034019,-0.25021,0.90147
-0.098539,-0.25417,0.91434
0.077873,-0.24871,0.080731
0.18445,-0.24848,0.8402
0.1438,-0.24714,0.91137
0.026598,-0.25711,0.91674
-0.090461,-0.26462,0.93544
0.083059,-0.26468,0.091466
0.17405,-0.25334,0.90143
0.082357,-0.25816,0.92561
-0.046492,-0.27025,0.94536
-0.15109,-0.27935,0.96695
0.17735,-0.26562,0.89953
0.11857,-0.26415,0.94219
-0.0014247,-0.27711,0.96128
-0.14556,-0.29159,0.97071
0.16682,-0.2772,0.92844
0.09702,-0.28549,0.9759
-0.023754,-0.29562,0.99776
0.17139,-0.28199,0.92471
0.10421,-0.29287,0.97301
-0.00023479,-0.3047,0.99868
0.16368,-0.29156,0.93434
0.092591,-0.29896,0.97925
-0.0265,-0.31399,0.99907
0.12159,-0.30607,0.96559
0.033012,-0.31327,0.9953
0.094233,-0.31552,0.97987
-0.02131,-0.33034,0.99976
-0.26944,0.217,0.012879
-0.26568,0.21427,0.027984
-0.25398,0.20577,0.0075713
-0.25479,0.20357,0.10147
-0.24602,0.19638,0.056358
-0.15258,0.2685,0.43006
-0.19916,0.23757,0.48113
-0.24317,0.19044,0.10693
-0.16142,0.25374,0.45503
-0.2094,0.21147,0.50074
-0.24226,0.17944,0.10922
-0.13636,0.26102,0.44216
-0.18361,0.21855,0.48772
-0.27531,0.147,0.7041
-0.24513,0.16078,0.11198
-0.1318,0.24802,0.45389
-0.1853,0.20465,0.49189
-0.26272,0.14754,0.70385
-0.22682,0.16317,0.11625
-0.1124,0.25145,0.44815
-0.16878,0.2088,0.48483
-0.23274,0.15649,0.68829
-0.20097,0.16384,0.087284
-0.072774,0.27325,0.41771
-0.12105,0.23517,0.46017
-0.17708,0.18487,0.49399
-0.24378,0.12802,0.71127
-0.20192,0.15905,0.12344
-0.071673,0.25923,0.43872
-0.12645,0.21639,0.47042
-0.19295,0.1645,0.50279
-0.26597,0.097243,0.72066
-0.2011,0.13551,0.12806
-0.078841,0.25414,0.44262
-0.13229,0.20607,0.47457
-0.18954,0.15361,0.50255
-0.2547,0.097926,0.72037
-0.19454,0.13754,0.12937
-0.05634,0.25419,0.44064
-0.11329,0.20246,0.47141
-0.17801,0.14821,0.49886
-0.23226,0.10395,0.71209
-0.16951,0.14224,0.12878
-0.027315,0.2665,0.42648
-0.083341,0.21499,0.46394
-0.14413,0.16426,0.48627
-0.22115,0.10119,0.51802
-0.16445,0.13757,0.10076
-0.0031726,0.27461,0.41354
-0.052973,0.22941,0.45628
-0.11557,0.17999,0.47816
-0.18301,0.11671,0.5032
-0.23497,0.073054,0.72094
-0.16011,0.12231,0.1411
-0.0084075,0.2563,0.43813
-0.067681,0.20605,0.4649
-0.13672,0.14526,0.4867
-0.20212,0.087618,0.51144
-0.28438,0.019692,0.72941
0.020635,0.26737,0.42555
-0.036237,0.21943,0.45965
-0.0986,0.16071,0.47737
-0.171,0.1034,0.49971
-0.26298,0.018831,0.51732
-0.26611,0.021908,0.63704
-0.2877,-0.00096483,0.72937
0.038225,0.27415,0.4155
-0.0059622,0.23829,0.44963
-0.076947,0.16955,0.47424
-0.14688,0.11042,0.49158
-0.21632,0.048026,0.5163
-0.26557,0.0026852,0.56334
-0.23844,0.030751,0.72675
-0.12732,0.11158,0.14989
0.026316,0.25179,0.44195
-0.034094,0.19791,0.46557
-0.095185,0.14381,0.4789
-0.17979,0.074148,0.50369
-0.23068,0.025064,0.71255
-0.11977,0.10553,0.13887
0.04077,0.25097,0.4432
-0.0092445,0.20516,0.46298
-0.08463,0.1396,0.47832
-0.15866,0.072053,0.49633
-0.23163,-0.0020708,0.70748
-0.10937,0.098011,0.13667
0.055872,0.24554,0.44806
-0.0055784,0.19475,0.46597
-0.079408,0.13381,0.47845
-0.15512,0.059737,0.49478
-0.23207,-0.010597,0.705
-0.10587,0.095489,0.13762
0.065729,0.24559,0.44893
0.0048805,0.18963,0.46768
-0.072555,0.12668,0.47835
-0.15273,0.048862,0.49367
-0.22331,-0.011795,0.51705
-0.096562,0.08876,0.13388
0.078335,0.24564,0.45004
0.014097,0.18791,0.46842
-0.058668,0.12514,0.47706
-0.14304,0.044357,0.49134
-0.21612,-0.022448,0.5143
0.023357,0.18812,0.13913
0.098838,0.25405,0.4481
0.03945,0.20297,0.46519
-0.035615,0.13134,0.476
-0.11014,0.059379,0.48456
-0.1842,-0.010233,0.50268
-0.24124,-0.058548,0.7283
0.003894,0.15665,0.15058
0.1152,0.25724,0.44828
0.046521,0.19755,0.46738
-0.025377,0.12678,0.47602
-0.1037,0.060897,0.48335
-0.17976,-0.018306,0.50087
-0.23825,-0.069648,0.72665
0.011763,0.14991,0.15185
0.12873,0.25494,0.45279
0.068355,0.19782,0.46944
-0.0070015,0.13282,0.47527
-0.085319,0.052618,0.48132
-0.16127,-0.017066,0.49452
-0.23075,-0.08078,0.71218
0.032281,0.1488,0.15016
0.15034,0.25864,0.44585
0.10124,0.21641,0.4698
0.026759,0.14402,0.47496
-0.05561,0.067298,0.47895
-0.14204,-0.010861,0.48935
-0.21091,-0.074951,0.51634
0.031932,0.14464,0.15146
-0.056977,0.060298,0.14981
0.11751,0.22502,0.47057
0.047397,0.15467,0.47518
-0.030663,0.080944,0.4786
-0.11261,0.0036089,0.48342
-0.18764,-0.072439,0.50776
0.023483,0.11897,0.1445
-0.024965,0.065631,0.181
0.12979,0.21889,0.47595
0.060365,0.15314,0.47663
-0.031088,0.067728,0.47828
-0.10751,-0.0099932,0.48185
-0.1829,-0.075098,0.50709
0.01597,0.10151,0.1661
0.17255,0.24952,0.45488
0.12402,0.19778,0.47995
0.041974,0.12377,0.47769
-0.040009,0.0366,0.47771
-0.12725,-0.029829,0.48662
-0.19396,-0.10637,0.51983
-0.0025123,0.066593,0.1785
0.14708,0.21747,0.48276
0.079655,0.148,0.47911
-0.000627,0.069289,0.47806
-0.092054,-0.018953,0.47976
-0.1627,-0.083423,0.50319
0.0070264,0.067422,0.16701
0.17219,0.22696,0.48641
0.10786,0.15819,0.48387
0.023328,0.078608,0.47897
-0.064254,-0.0098186,0.47728
-0.14123,-0.077409,0.49518
-0.20023,-0.13948,0.53887
-0.0082314,0.037245,0.20968
0.13218,0.17199,0.4882
0.057528,0.09736,0.48064
-0.032553,0.0085812,0.47659
-0.11612,-0.072597,0.48826
-0.17537,-0.12845,0.52494
0.0091787,0.036551,0.19181
0.16916,0.19771,0.49598
0.084207,0.11622,0.48245
-0.0031149,0.033554,0.47705
-0.078446,-0.048688,0.48043
-0.15065,-0.1222,0.51471
-0.19983,-0.17228,0.55796
0.021902,0.02776,0.18041
0.18354,0.1986,0.50169
0.10367,0.11294,0.48688
0.012876,0.030255,0.4774
-0.063488,-0.052749,0.47926
-0.13743,-0.11956,0.51067
-0.19011,-0.17341,0.55756
-0.19628,-0.1799,0.7189
0.034181,0.033684,0.15277
0.0019447,-0.0022871,0.2081
0.14232,0.14501,0.49457
0.052543,0.051571,0.48026
-0.036793,-0.04064,0.47735
-0.10292,-0.10362,0.49744
-0.16309,-0.15756,0.54186
-0.17755,-0.17545,0.67547
-0.19825,-0.19042,0.76803
0.046043,0.033684,0.15685
-0.014691,-0.026396,0.18085
0.16732,0.15528,0.50245
0.071679,0.064305,0.48249
-0.018397,-0.029953,0.47609
-0.077751,-0.10053,0.49436
-0.1375,-0.15849,0.53905
-0.15879,-0.17568,0.65628
-0.17318,-0.19185,0.75732
-0.19514,-0.21442,0.84183
0.044631,0.02128,0.17316
0.20798,0.17412,0.49846
0.13361,0.1025,0.49453
0.036579,0.0071128,0.47733
-0.045484,-0.077438,0.48317
-0.10919,-0.13927,0.52113
-0.15061,-0.1869,0.56612
-0.15208,-0.18571,0.71154
-0.17695,-0.20243,0.79875
-0.20252,-0.23206,0.88408
0.050046,0.0072947,0.17144
0.20734,0.16724,0.50191
0.12306,0.090758,0.49229
0.040505,-0.0083128,0.4772
-0.046393,-0.089574,0.48794
-0.094645,-0.14193,0.52163
-0.15918,-0.20821,0.56228
-0.14753,-0.18458,0.70051
-0.16059,-0.20436,0.79606
-0.1821,-0.2318,0.88017
0.079339,0.022723,0.1621
-0.0095112,-0.057583,0.17089
0.15036,0.095719,0.50068
0.05276,-0.0061594,0.47848
-0.024943,-0.083408,0.48498
-0.088658,-0.14477,0.52342
-0.14051,-0.20643,0.5651
-0.12918,-0.18847,0.70525
-0.14523,-0.20696,0.79619
-0.17152,-0.23522,0.88604
0.10015,0.033684,0.14456
0.015562,-0.056941,0.16321
0.18837,0.11589,0.51336
0.078121,0.014877,0.4817
-0.0019677,-0.076016,0.48196
-0.062041,-0.13335,0.51275
-0.11268,-0.18584,0.5631
-0.10688,-0.18867,0.68734
-0.12553,-0.20502,0.77852
-0.14812,-0.22987,0.86804
-0.17839,-0.26447,0.94306
0.019896,-0.071086,0.1254
0.20577,0.12352,0.51802
0.10288,0.019919,0.48673
0.20805,0.13128,0.70745
-0.040949,-0.13307,0.5121
-0.093417,-0.18593,0.56289
-0.0952,-0.18858,0.67873
-0.10993,-0.20246,0.75937
-0.13773,-0.22416,0.84842
-0.1692,-0.2589,0.93341
0.11262,0.01274,0.1515
0.21105,0.11447,0.50929
0.11397,0.021692,0.48921
0.22543,0.13055,0.71084
-0.025739,-0.13099,0.51
-0.077021,-0.18083,0.55734
-0.084617,-0.18932,0.6763
-0.10247,-0.20498,0.7679
-0.12437,-0.23029,0.85955
-0.1542,-0.26213,0.93826
0.12796,0.023597,0.14661
0.21401,0.11009,0.50442
0.13574,0.027655,0.49494
0.2431,0.13682,0.70861
-0.0048516,-0.13076,0.50962
-0.060994,-0.18317,0.55913
-0.069503,-0.18687,0.65005
-0.086733,-0.20216,0.7462
-0.10146,-0.22329,0.834
-0.12767,-0.25036,0.91035
0.15074,0.030583,0.13935
0.018135,-0.1176,0.14998
0.16761,0.041694,0.50636
0.2461,0.13386,0.7099
-0.0005394,-0.12921,0.50843
-0.046178,-0.17904,0.5544
-0.049351,-0.18947,0.65505
-0.065346,-0.2031,0.74012
-0.089326,-0.22308,0.82896
-0.11424,-0.25349,0.91512
0.16579,0.033684,0.12874
0.021023,-0.13022,0.14587
0.14595,0.014503,0.49803
0.25057,0.11981,0.71404
0.0010957,-0.14204,0.51914
-0.03898,-0.19709,0.56826
-0.041252,-0.19679,0.70258
-0.061233,-0.21389,0.7854
-0.08808,-0.23745,0.86948
-0.11759,-0.27249,0.95499
0.15,0.0038957,0.13959
0.21102,0.065652,0.51226
0.2759,0.14245,0.69411
0.2255,0.079839,0.72319
-0.011615,-0.17283,0.54743
-0.029004,-0.18707,0.63777
-0.038101,-0.20162,0.72626
-0.056894,-0.22164,0.81235
-0.081472,-0.24708,0.89496
-0.12174,-0.28556,0.97964
0.039616,-0.13097,0.14185
0.17229,0.0034701,0.50676
0.26439,0.10772,0.71699
0.022241,-0.15463,0.52984
-0.0054576,-0.18504,0.61382
-0.019983,-0.19836,0.71031
-0.041833,-0.21655,0.79202
-0.060921,-0.24224,0.87697
-0.087018,-0.27513,0.95922
0.044542,-0.14613,0.12801
0.19083,0.021074,0.51433
0.27538,0.10858,0.71136
0.21142,0.028708,0.72636
-0.029634,-0.22913,0.55408
-0.0033947,-0.19475,0.68948
-0.01364,-0.21168,0.77415
-0.042275,-0.23621,0.85821
-0.069116,-0.26507,0.93472
0.1938,0.008412,0.12563
0.20222,0.013718,0.5184
0.27556,0.097291,0.69525
0.2167,0.034698,0.72777
0.0041968,-0.21151,0.56232
0.011836,-0.19399,0.68454
-0.0059806,-0.21114,0.77218
-0.026321,-0.23581,0.85708
-0.054853,-0.26332,0.9295
0.051048,-0.16615,0.11038
0.20848,0.011136,0.51515
0.11962,-0.092398,0.50053
0.2289,0.033229,0.7288
0.0076511,-0.21531,0.56078
0.018117,-0.19432,0.68864
0.012629,-0.21219,0.77601
-0.0069902,-0.23549,0.85618
-0.034313,-0.26858,0.94148
0.055589,-0.18234,0.090602
0.21661,0.0014343,0.5006
0.13823,-0.08781,0.50402
0.24758,0.036069,0.72862
0.015054,-0.22016,0.55882
0.039664,-0.19314,0.69578
0.022904,-0.21196,0.77809
0.00076984,-0.23667,0.85949
-0.017009,-0.26892,0.94226
-0.079797,-0.32239,0.99364
0.24335,0.021908,0.54746
0.24085,0.021908,0.63239
0.25028,0.021859,0.72979
0.05873,-0.1815,0.62342
0.051414,-0.19615,0.71802
0.042887,-0.21688,0.80378
0.0076035,-0.24303,0.87731
-0.016357,-0.27607,0.95885
0.061606,-0.19865,0.098006
0.20728,-0.042629,0.51623
0.24296,0.0005649,0.65637
0.21682,-0.029928,0.72903
0.073055,-0.1867,0.67696
0.052068,-0.20372,0.75499
0.033112,-0.22769,0.83874
0.016556,-0.25614,0.91282
-0.015445,-0.29096,0.98876
0.046952,-0.23533,0.11146
0.17175,-0.10029,0.51806
0.25246,0.0033178,0.73002
0.097635,-0.1798,0.65579
0.0785,-0.19743,0.738
0.064973,-0.22029,0.82352
0.025683,-0.24983,0.8986
0.0019302,-0.28314,0.97366
0.069291,-0.2223,0.10151
0.20427,-0.074923,0.52205
0.27691,0.0090775,0.71459
0.20893,-0.064962,0.72521
0.10132,-0.18662,0.70346
0.084679,-0.20823,0.78785
0.065677,-0.23634,0.86993
0.033896,-0.26807,0.94336
-0.023031,-0.33003,0.99974
0.067023,-0.24891,0.10537
0.17413,-0.12847,0.53097
0.25442,-0.021494,0.73013
0.12024,-0.17878,0.67442
0.11084,-0.19681,0.76001
0.087168,-0.22044,0.83252
0.054955,-0.2506,0.9063
0.029492,-0.28877,0.98474
0.071832,-0.24469,0.060429
0.20166,-0.10442,0.52747
0.27602,-0.015349,0.71989
0.14248,-0.17223,0.6571
0.1238,-0.18943,0.73566
0.10494,-0.21272,0.81554
0.081935,-0.24446,0.89582
0.043935,-0.28005,0.96829
0.084345,-0.2602,0.016119
0.20692,-0.10593,0.51754
0.27552,-0.034801,0.7038
0.2174,-0.09499,0.72637
0.139,-0.18678,0.73596
0.13005,-0.20894,0.81573
0.094792,-0.2402,0.88794
0.063092,-0.27398,0.95736
0.086348,-0.26637,0.026296
0.19939,-0.14232,0.529
0.27553,-0.052266,0.72209
0.17031,-0.17342,0.69116
0.15149,-0.19255,0.7711
0.12996,-0.21868,0.84397
0.097076,-0.25133,0.9137
0.063869,-0.29594,0.98765
0.19694,-0.15195,0.53362
0.27407,-0.071146,0.72463
0.17443,-0.17518,0.70604
0.16192,-0.19649,0.78963
0.13439,-0.22739,0.86632
0.098635,-0.2591,0.93016
0.054263,-0.32516,0.99128
0.27634,-0.072335,0.71635
0.17907,-0.19354,0.69586
0.17635,-0.19773,0.78943
0.15679,-0.22312,0.86185
0.11614,-0.25916,0.93232
0.070575,-0.31578,0.98723
0.18132,-0.20173,0.69312
0.17718,-0.20045,0.78732
0.15679,-0.22579,0.86822
0.13116,-0.26067,0.93698
0.078135,-0.32798,0.98623
0.18452,-0.21854,0.74512
0.17679,-0.22157,0.85108
0.15141,-0.25256,0.92277
0.10769,-0.30813,0.97262
0.18104,-0.23712,0.84659
0.15707,-0.25397,0.92472
0.18464,-0.24417,0.82829
0.16905,-0.26388,0.92365
0.1842,-0.26736,0.87918
0.15224,-0.29671,0.94693
0.28856,0.033499,0.054448
0.27221,0.03513,0.034237
0.26649,0.16224,0.69388
0.27152,0.082253,0.72013
0.26735,0.033684,0.081583
0.25383,0.13786,0.7081
0.26202,0.036554,0.7279
0.25623,0.03245,0.064728
0.24362,0.15771,0.69933
0.2563,0.056888,0.72655
0.27065,-0.063068,0.72633
0.23798,0.16316,0.68691
0.23958,0.076698,0.72393
0.24877,-0.036766,0.73003
0.23758,0.016974,0.11168
0.22404,0.14338,0.70553
0.23182,0.053486,0.72702
0.24469,-0.08297,0.72893
0.21527,0.1305,0.50022
0.21687,0.11775,0.71411
0.23359,0.0069168,0.73003
0.22092,0.03347,0.087042
0.2111,0.14032,0.50434
0.20593,0.13531,0.69816
0.21461,0.051253,0.72578
0.22967,-0.075601,0.72904
0.19336,0.20982,0.49348
0.20104,0.13327,0.5173
0.20768,0.029443,0.51717
0.20493,0.023366,0.71319
0.22041,-0.08319,0.7281
0.18092,0.23958,0.46663
0.18342,0.18545,0.50467
0.19678,0.093006,0.51763
0.19868,-0.027527,0.51643
0.20739,-0.055568,0.72481
0.17917,0.24428,0.4597
0.17651,0.19304,0.50005
0.18163,0.088891,0.5121
0.19662,-0.018886,0.5152
0.195,-0.12233,0.53334
0.16396,0.24968,0.46098
0.1651,0.17613,0.49974
0.17254,0.08867,0.50869
0.18646,-0.033943,0.51214
0.18936,-0.13143,0.53708
0.17045,0.018055,0.13307
0.15516,0.23113,0.47761
0.15959,0.14881,0.50023
0.17062,0.051657,0.50766
0.17241,-0.072758,0.51006
0.18201,-0.15571,0.54813
0.17686,-0.19454,0.77245
0.15829,0.030733,0.13695
0.14507,0.23627,0.47112
0.15334,0.16133,0.49682
0.16085,0.054488,0.50435
0.16352,-0.066822,0.50554
0.16582,-0.14884,0.5411
0.17209,-0.17579,0.70764
0.1652,-0.19575,0.78875
0.17109,-0.22922,0.87934
0.1459,0.033684,0.1103
0.13994,0.2542,0.45417
0.14383,0.18616,0.4898
0.14772,0.086129,0.50024
0.15292,-0.029597,0.49989
0.15756,-0.12373,0.52331
0.16476,-0.20037,0.56417
0.15815,-0.18523,0.74263
0.15742,-0.20878,0.8281
0.16693,-0.24902,0.91524
0.13602,0.013751,0.14404
0.13269,0.23855,0.46569
0.13553,0.17115,0.48945
0.13275,0.059949,0.49479
0.14664,-0.051353,0.49894
0.14919,-0.14249,0.53253
0.14761,-0.17242,0.66329
0.15269,-0.18934,0.7576
0.14639,-0.21489,0.84007
0.15275,-0.25388,0.92493
0.13093,0.014056,0.14567
0.11536,0.24182,0.45909
0.12195,0.16808,0.4859
0.12968,0.066328,0.49389
0.13306,-0.055707,0.49463
0.14128,-0.14098,0.53016
0.13538,-0.17249,0.64788
0.14227,-0.18806,0.74451
0.1358,-0.21163,0.82783
0.14177,-0.24875,0.91428
0.11649,0.033684,0.13384
0.10889,0.26246,0.43943
0.11099,0.19764,0.47714
0.11819,0.10621,0.49042
0.11686,-0.016156,0.48856
0.12632,-0.11372,0.50932
0.12255,-0.18175,0.56057
0.12719,-0.18282,0.7075
0.12413,-0.20436,0.79714
0.12776,-0.23783,0.89049
0.12907,-0.29549,0.961
0.099243,0.27054,0.42575
0.10487,0.21713,0.47039
0.10224,0.13724,0.48491
0.11093,0.020044,0.48849
0.11476,-0.086241,0.49739
0.11364,-0.16616,0.54537
0.12037,-0.17611,0.65749
0.12161,-0.19325,0.75162
0.12227,-0.2201,0.84461
0.12037,-0.25536,0.92518
0.094716,0.033684,0.13908
0.088626,0.25872,0.44325
0.096337,0.19739,0.47401
0.096954,0.1032,0.48593
0.10319,-0.014437,0.48564
0.098817,-0.1153,0.5049
0.10382,-0.18226,0.55961
0.10312,-0.18282,0.68133
0.1036,-0.20343,0.78205
0.10238,-0.23358,0.87223
0.11045,-0.26888,0.94918
0.080908,0.27873,0.41119
0.078802,0.22877,0.46085
0.083323,0.14823,0.47954
0.088762,0.047998,0.48447
0.09465,-0.071309,0.48801
0.099483,-0.15043,0.53175
0.092457,-0.1795,0.64694
0.093987,-0.1964,0.74437
0.094101,-0.22069,0.83599
0.10058,-0.25115,0.91389
0.076949,0.033394,0.12417
0.075786,0.2631,0.43563
0.076247,0.19965,0.46971
0.078449,0.11082,0.48199
0.084557,-0.012822,0.48162
0.078127,-0.11481,0.50141
0.081867,-0.17721,0.55409
0.089694,-0.18336,0.66979
0.082563,-0.20358,0.76961
0.088528,-0.22909,0.85608
0.088392,-0.26726,0.9455
0.070156,0.033684,0.15865
0.067607,0.24628,0.44865
0.066744,0.17433,0.47492
0.06525,0.070126,0.48201
0.073373,-0.039664,0.48152
0.070572,-0.13126,0.51308
0.078439,-0.20062,0.56739
0.073164,-0.18824,0.68693
0.070829,-0.21092,0.79228
0.075611,-0.23891,0.87926
0.074608,-0.27308,0.95594
0.057885,0.033684,0.16264
0.054385,0.23166,0.45674
0.061367,0.15355,0.47669
0.057733,0.051323,0.48077
0.05636,-0.06516,0.4816
0.067945,-0.14945,0.52729
0.059451,-0.18152,0.62448
0.061623,-0.19589,0.72197
0.064038,-0.21709,0.81187
0.063818,-0.24587,0.89572
0.067299,-0.28645,0.98084
0.046764,0.26547,0.42967
0.045523,0.20748,0.46453
0.051621,0.11461,0.47914
0.044983,0.0045898,0.47808
0.052666,-0.10412,0.49549
0.054453,-0.17121,0.54704
0.05471,-0.18662,0.66399
0.052329,-0.20474,0.76012
0.049744,-0.2303,0.84979
0.052595,-0.26343,0.93508
0.040588,0.033684,0.14175
0.038393,0.25308,0.44164
0.035127,0.17789,0.47144
0.042999,0.075881,0.47996
0.036454,-0.033936,0.47751
0.046832,-0.12832,0.50897
0.046845,-0.18605,0.56259
0.037347,-0.19309,0.69392
0.042666,-0.21063,0.78075
0.046289,-0.24009,0.87573
0.047469,-0.27591,0.96061
0.024632,0.13357,0.15553
0.025323,0.2664,0.4272
0.029266,0.20844,0.46313
0.03077,0.11455,0.47743
0.026894,-0.0038699,0.47663
0.030568,-0.10532,0.49428
0.029155,-0.17457,0.54967
0.036322,-0.18951,0.66999
0.034748,-0.20646,0.75978
0.036973,-0.23247,0.85262
0.031686,-0.26841,0.9438
0.022597,0.1509,0.15048
0.014341,0.28005,0.4055
0.020288,0.23367,0.45329
0.018347,0.15258,0.47378
0.01852,0.042563,0.47789
0.019297,-0.07434,0.48186
0.024481,-0.14661,0.52329
0.024556,-0.18602,0.63628
0.018003,-0.20283,0.73358
0.019721,-0.22301,0.81743
0.018568,-0.25295,0.90575
0.020226,-0.29435,0.99536
0.011642,0.11371,0.16283
0.0085683,0.26405,0.43042
0.010128,0.20201,0.46439
0.011792,0.11561,0.47685
0.011391,-0.0011504,0.4763
0.0082044,-0.10875,0.49507
0.0064597,-0.17484,0.54967
0.015441,-0.19011,0.65932
0.013516,-0.20717,0.75351
0.0087357,-0.23043,0.84201
0.013526,-0.26566,0.9347
0.0043419,0.159,0.14913
0.00087872,0.087447,0.17185
0.0025592,0.26067,0.43555
-0.00013776,0.19574,0.46585
-0.0024996,0.097237,0.47743
-0.0013251,-0.013038,0.47555
0.0030639,-0.1179,0.49911
-0.0033218,-0.17769,0.55275
0.0017466,-0.19083,0.66396
0.0052217,-0.20746,0.75493
-0.0018691,-0.23268,0.8483
0.0037839,-0.26319,0.92897
-0.0079625,0.12113,0.14861
-0.0078787,0.056721,0.18419
-0.011182,0.23577,0.45109
-0.0048331,0.15978,0.47234
-0.01314,0.056642,0.47749
-0.013506,-0.06717,0.47858
-0.013252,-0.13798,0.51552
-0.01164,-0.23028,0.55653
-0.01202,-0.19425,0.68625
-0.015413,-0.21319,0.77968
-0.011714,-0.24132,0.87251
-0.015853,-0.27536,0.95721
-0.022147,0.077476,0.16626
-0.017419,0.26137,0.43426
-0.01572,0.18898,0.46754
-0.021159,0.10924,0.47683
-0.017714,-0.018264,0.47528
-0.021524,-0.11627,0.49781
-0.015942,-0.1808,0.55611
-0.021757,-0.18838,0.64796
-0.018382,-0.20618,0.74863
-0.017781,-0.22833,0.83526
-0.021212,-0.26139,0.92479
-0.022906,-0.31255,0.99901
-0.03196,0.25759,0.43781
-0.031177,0.19483,0.46634
-0.032181,0.10096,0.47758
-0.032241,-0.016042,0.47575
-0.035967,-0.11945,0.50066
-0.036295,-0.17597,0.55097
-0.029049,-0.18933,0.65415
-0.027601,-0.20523,0.74399
-0.028464,-0.22849,0.83582
-0.033418,-0.26038,0.92245
-0.036248,-0.31572,0.99914
-0.035299,0.26114,0.43511
-0.035973,0.19125,0.46747
-0.039642,0.10198,0.47773
-0.038785,-0.025678,0.47635
-0.036384,-0.11962,0.50081
-0.043862,-0.1734,0.54832
-0.045633,-0.19156,0.66868
-0.040967,-0.20912,0.76305
-0.039483,-0.23548,0.85615
-0.043441,-0.26771,0.93947
-0.045228,0.051852,0.15956
-0.042338,0.25044,0.44263
-0.047659,0.17827,0.47113
-0.051871,0.083218,0.47906
-0.053646,-0.042003,0.47788
-0.055079,-0.12599,0.50649
-0.055475,-0.19235,0.56881
-0.055442,-0.19484,0.69228
-0.058584,-0.21464,0.78724
-0.052194,-0.23975,0.86813
-0.057322,-0.27319,0.9526
-0.059341,0.062083,0.16817
-0.056441,0.25265,0.44162
-0.054755,0.18005,0.4711
-0.060583,0.078579,0.47956
-0.063577,-0.040519,0.47843
-0.063519,-0.12781,0.50827
-0.058865,-0.18873,0.56499
-0.06686,-0.19451,0.69795
-0.069103,-0.21437,0.78994
-0.064123,-0.24361,0.8815
-0.065226,-0.27769,0.96351
-0.069479,0.069464,0.17133
-0.061073,0.24908,0.44421
-0.061727,0.18484,0.47022
-0.066453,0.072785,0.47998
-0.068652,-0.044704,0.47921
-0.07206,-0.12305,0.50499
-0.072394,-0.18781,0.56445
-0.070163,-0.19121,0.67867
-0.070136,-0.209,0.77114
-0.076773,-0.23797,0.86842
-0.079913,-0.27367,0.95557
-0.076477,0.074386,0.157
-0.070049,0.26483,0.43076
-0.072753,0.20309,0.46622
-0.079342,0.11465,0.47966
-0.084389,-0.00051082,0.47959
-0.083786,-0.10477,0.4964
-0.086179,-0.17357,0.55002
-0.082924,-0.18651,0.65696
-0.09056,-0.203,0.75224
-0.083396,-0.22953,0.84691
-0.086093,-0.2647,0.93525
-0.089882,0.083957,0.13322
-0.083941,0.27689,0.41275
-0.086745,0.22747,0.46033
-0.081614,0.14185,0.47777
-0.092813,0.036703,0.48164
-0.092108,-0.070765,0.48419
-0.091389,-0.15084,0.52849
-0.096433,-0.18362,0.64772
-0.1008,-0.19943,0.74013
-0.095964,-0.22079,0.8229
-0.10294,-0.25444,0.91552
-0.096579,-0.31531,0.98962
-0.087635,0.27583,0.41465
-0.095516,0.22798,0.46083
-0.099633,0.13512,0.4803
-0.10346,0.0249,0.48233
-0.099865,-0.083664,0.48979
-0.10136,-0.15558,0.53293
-0.10132,-0.18278,0.64512
-0.1072,-0.19783,0.73572
-0.10523,-0.22135,0.82817
-0.10766,-0.2537,0.91464
-0.10512,-0.31074,0.98751
-0.098416,0.27977,0.40919
-0.09812,0.23239,0.45827
-0.1084,0.16156,0.47868
-0.11155,0.044988,0.48448
-0.11279,-0.064163,0.48574
-0.11984,-0.14602,0.5284
-0.1212,-0.17923,0.62785
-0.11174,-0.19556,0.72715
-0.11597,-0.21741,0.81791
-0.11845,-0.2461,0.90017
-0.12071,-0.29261,0.98303
-0.11686,0.077065,0.16072
-0.11406,0.24476,0.45272
-0.11429,0.16643,0.47944
-0.12116,0.063821,0.48708
-0.12559,-0.056048,0.48794
-0.12204,-0.13826,0.52266
-0.12819,-0.21616,0.5606
-0.1254,-0.19115,0.71491
-0.1276,-0.21058,0.79935
-0.13023,-0.24289,0.89513
-0.12618,-0.28861,0.97999
-0.12859,0.082323,0.15671
-0.12177,0.24258,0.45552
-0.12018,0.17251,0.48008
-0.13023,0.075783,0.48937
-0.12981,-0.049492,0.48844
-0.13734,-0.13502,0.52242
-0.13435,-0.1782,0.64116
-0.13451,-0.19367,0.73476
-0.13661,-0.21646,0.82513
-0.13767,-0.24754,0.90594
-0.13892,-0.31368,0.97589
-0.13022,0.27535,0.41849
-0.12871,0.22967,0.4653
-0.13494,0.14358,0.48649
-0.14185,0.035118,0.49084
-0.14203,-0.076669,0.49509
-0.14822,-0.1565,0.53873
-0.15375,-0.17622,0.65415
-0.14939,-0.19496,0.75314
-0.14731,-0.2224,0.84755
-0.15688,-0.25728,0.92847
-0.13949,0.11968,0.12503
-0.13679,0.25809,0.44686
-0.13749,0.19165,0.4797
-0.14148,0.1092,0.49046
-0.14624,-0.0080302,0.49036
-0.15626,-0.11237,0.51103
-0.16129,-0.18122,0.56257
-0.15943,-0.18175,0.69541
-0.16092,-0.20419,0.79565
-0.16415,-0.23092,0.87414
-0.15913,-0.27436,0.9597
-0.14307,0.27408,0.42138
-0.14488,0.22624,0.47075
-0.15462,0.14199,0.49138
-0.15562,0.039623,0.49442
-0.1597,-0.074168,0.49896
-0.16815,-0.14887,0.53649
-0.17332,-0.17405,0.66196
-0.17536,-0.18947,0.74802
-0.16946,-0.21806,0.84463
-0.17277,-0.25349,0.92292
-0.16569,0.1072,0.14249
-0.1549,0.24326,0.46258
-0.16001,0.17216,0.49013
-0.17055,0.067629,0.50032
-0.17693,-0.045661,0.50128
-0.17494,-0.13627,0.52964
-0.1796,-0.17174,0.65299
-0.18543,-0.1881,0.74909
-0.18154,-0.2144,0.83853
-0.18876,-0.25064,0.91772
-0.17547,0.11757,0.13803
-0.16537,0.23118,0.47377
-0.17021,0.14703,0.49627
-0.17496,0.057805,0.50158
-0.18533,-0.068521,0.50561
-0.18462,-0.15128,0.54159
-0.19517,-0.17374,0.68156
-0.19303,-0.19198,0.77143
-0.18988,-0.22297,0.8607
-0.19551,-0.27166,0.93576
-0.17164,0.2521,0.45811
-0.17413,0.19496,0.49038
-0.18421,0.09746,0.50456
-0.1939,-0.012759,0.50594
-0.20202,-0.12232,0.52879
-0.19884,-0.17006,0.66214
-0.20082,-0.18829,0.76009
-0.20659,-0.21344,0.84238
-0.2108,-0.27479,0.91692
-0.18222,0.25119,0.45899
-0.1889,0.19353,0.496
-0.18884,0.099047,0.50609
-0.20277,-0.012951,0.50923
-0.20391,-0.11779,0.52655
-0.21582,-0.1946,0.69143
-0.21253,-0.19738,0.79835
-0.2136,-0.23123,0.87445
-0.19113,0.2462,0.46654
-0.19844,0.17832,0.50353
-0.20513,0.087408,0.51259
-0.20863,-0.036957,0.51221
-0.2207,-0.1399,0.53171
-0.23058,-0.11282,0.090296
-0.19893,0.22334,0.49029
-0.21146,0.13652,0.51249
-0.21448,0.026311,0.51499
-0.23024,-0.082889,0.51549
-0.23544,-0.11546,0.11302
-0.21042,0.2004,0.50339
-0.22301,0.11559,0.51806
-0.2322,-0.009104,0.51212
-0.23064,-0.0048034,0.71364
-0.25612,-0.14021,0.060084
-0.22268,0.19218,0.49632
-0.23089,0.09581,0.51557
-0.23204,0.094589,0.71347
-0.23868,-0.0048658,0.72786
-0.26133,-0.13579,0.053468
-0.23558,0.11411,0.50544
-0.24497,0.11386,0.71536
-0.24527,0.021196,0.72907
-0.26998,-0.13744,0.0080217
-0.27009,-0.14785,0.10115
-0.25493,0.10343,0.71877
-0.26431,0.001788,0.73017
-0.2794,-0.14429,0.032053
-0.25109,0.16345,0.68482
-0.26289,0.090529,0.72179
-0.27348,-0.020742,0.73024
-0.26399,0.16283,0.6899
-0.27371,0.087742,0.72219
-0.28621,-0.031572,0.72947
-0.27861,0.1491,0.70315
-0.28098,0.058617,0.72647
-0.29513,-0.072606,0.72658
-0.29181,0.10907,0.7165
-0.30261,-0.048375,0.71413
-0.29965,0.065797,0.72149
-0.21054,-0.27398,0.91717
-0.22154,-0.24988,0.84194
-0.20434,-0.27428,0.92729
-0.27329,-0.16795,0.082369
-0.21357,-0.24588,0.88811
-0.18137,-0.27409,0.95059
-0.22175,-0.21512,0.72435
-0.21403,-0.21851,0.84099
-0.1916,-0.24746,0.91124
-0.1494,-0.30468,0.96994
-0.30117,-0.096616,0.71837
-0.21827,-0.20814,0.75485
-0.21068,-0.21682,0.85118
-0.18663,-0.25191,0.92033
-0.14192,-0.29972,0.9732
-0.20557,-0.20047,0.54479
-0.21331,-0.19103,0.67952
-0.21168,-0.18943,0.77206
-0.19375,-0.21755,0.84871
-0.17202,-0.25475,0.92533
-0.12296,-0.30072,0.98262
-0.23301,-0.14988,0.11033
-0.29815,-0.071067,0.72532
-0.21406,-0.18324,0.71746
-0.19354,-0.20003,0.79799
-0.1729,-0.22734,0.86755
-0.14063,-0.26572,0.94404
-0.24676,-0.12505,0.0771
-0.21184,-0.17174,0.54865
-0.27294,-0.0864,0.72862
-0.20145,-0.18073,0.72639
-0.17549,-0.2034,0.8012
-0.15452,-0.23425,0.87993
-0.11812,-0.26852,0.94703
-0.24123,-0.12044,0.086147
-0.22338,-0.13802,0.52655
-0.30123,-0.050516,0.72211
-0.18757,-0.17551,0.68554
-0.17711,-0.19389,0.7698
-0.14881,-0.22095,0.84424
-0.12351,-0.2552,0.91993
-0.094051,-0.29134,0.9889
-0.21574,-0.12996,0.11851
-0.20183,-0.14618,0.54298
-0.271,-0.059959,0.72962
-0.1693,-0.18081,0.70023
-0.15929,-0.20261,0.78937
-0.1308,-0.22986,0.861
-0.10855,-0.26329,0.93477
-0.064442,-0.30821,0.99627
-0.23441,-0.089989,0.50779
-0.18951,-0.14935,0.5418
-0.25221,-0.066985,0.72919
-0.16533,-0.18276,0.70841
-0.13448,-0.2057,0.78584
-0.11862,-0.23151,0.8607
-0.079903,-0.265,0.93544
-0.045347,-0.31895,0.99928
-0.23348,-0.083155,0.50946
-0.17164,-0.1466,0.53544
-0.25045,-0.063442,0.72912
-0.14356,-0.18549,0.702
-0.12851,-0.20448,0.77833
-0.10056,-0.23021,0.85287
-0.07889,-0.26564,0.93683
-0.034035,-0.31052,0.99892
-0.23468,-0.058447,0.50698
-0.18136,-0.12593,0.52507
-0.25832,-0.030205,0.7301
-0.1381,-0.18227,0.6753
-0.11467,-0.2009,0.75427
-0.09137,-0.22353,0.83133
-0.07361,-0.25559,0.91378
-0.037577,-0.29119,0.98919
-0.19484,-0.088741,0.13161
-0.20562,-0.080794,0.51589
-0.28804,0.015336,0.72914
-0.12575,-0.17856,0.62875
-0.11174,-0.19322,0.71592
-0.092734,-0.21364,0.79595
-0.066858,-0.2431,0.88065
-0.03189,-0.27436,0.95489
-0.19145,-0.084564,0.098451
-0.27153,0.0092246,0.53226
-0.271,0.010011,0.62222
-0.27863,0.01329,0.72988
-0.10941,-0.18057,0.6287
-0.091702,-0.19517,0.71502
-0.074129,-0.21624,0.79855
-0.049596,-0.24254,0.87594
-0.023162,-0.27365,0.95325
-0.18597,-0.080542,0.099234
-0.27148,0.01885,0.54055
-0.26618,0.021908,0.62828
-0.26964,0.024224,0.72974
-0.088969,-0.18288,0.63176
-0.083678,-0.1971,0.72019
-0.058222,-0.21773,0.79845
-0.038459,-0.24482,0.88231
-0.0088227,-0.27409,0.95426
-0.17119,-0.069424,0.12308
-0.26593,0.021908,0.55145
-0.15997,-0.091375,0.50505
-0.25813,0.017631,0.72986
-0.077949,-0.18257,0.61509
-0.071576,-0.19475,0.70272
-0.052224,-0.21624,0.79091
-0.030222,-0.24076,0.87096
0.0019112,-0.27047,0.94587
-0.169,-0.068083,0.10541
-0.23546,0.009665,0.50702
-0.16043,-0.078853,0.50084
-0.25735,0.035815,0.7286
-0.033857,-0.21444,0.56114
-0.050442,-0.19344,0.68095
-0.036731,-0.21117,0.77228
-0.015365,-0.23493,0.85462
0.0073014,-0.26587,0.93518
0.05778,-0.3297,0.99075
-0.23363,0.021908,0.48776
-0.1639,-0.053145,0.49733
-0.27289,0.059027,0.72656
-0.044793,-0.1791,0.55444
-0.037615,-0.18909,0.65257
-0.033222,-0.20608,0.74817
-0.012876,-0.22443,0.82092
0.014302,-0.25352,0.90654
0.038227,-0.28962,0.98652
0.055885,-0.28433,0.028708
-0.20447,0.0015901,0.51036
-0.29471,0.10155,0.71753
-0.063205,-0.15689,0.53212
-0.033534,-0.18603,0.62547
-0.027066,-0.19895,0.71318
-0.0065247,-0.21889,0.8006
0.023407,-0.24232,0.87706
0.049772,-0.27478,0.95856
-0.14458,-0.049446,0.14834
0.050616,-0.2619,0.067696
-0.20609,0.016956,0.5115
-0.29964,0.11422,0.71211
-0.058776,-0.14502,0.52217
-0.0099421,-0.19296,0.56933
-0.015053,-0.19441,0.68725
0.0044662,-0.21118,0.77233
0.025982,-0.23563,0.85888
0.05101,-0.26476,0.93777
-0.13797,-0.045302,0.12235
0.061247,-0.25376,0.045335
-0.22102,0.04431,0.51798
-0.29917,0.13268,0.70723
-0.23463,0.060347,0.72262
-0.015009,-0.18044,0.55572
0.0068843,-0.189,0.65202
0.010251,-0.20673,0.75135
0.037383,-0.22551,0.83279
0.06306,-0.25483,0.91747
-0.13139,-0.040469,0.12061
0.034029,-0.21275,0.096843
-0.21666,0.055438,0.51662
-0.29007,0.13676,0.70819
-0.043135,-0.12562,0.50596
-0.0033925,-0.17698,0.55197
0.013065,-0.18921,0.65333
0.024937,-0.20398,0.74269
0.041008,-0.22477,0.83136
0.070278,-0.25195,0.91198
0.12412,-0.31506,0.96511
0.071904,-0.24155,0.02436
-0.22384,0.079808,0.51998
-0.29569,0.14973,0.70209
-0.044445,-0.10335,0.49329
0.0023995,-0.16252,0.53638
0.02129,-0.18609,0.63326
0.038382,-0.19867,0.72341
0.051454,-0.21741,0.80878
0.075284,-0.24317,0.89072
0.10922,-0.27865,0.96684
0.015813,-0.15539,0.10262
-0.22605,0.094944,0.52018
-0.29402,0.1615,0.69486
-0.046475,-0.10063,0.49228
0.0027301,-0.15568,0.53043
0.032476,-0.18318,0.61225
0.05051,-0.1932,0.70337
0.065471,-0.21314,0.79833
0.081057,-0.2408,0.8857
0.12279,-0.27438,0.95901
0.012998,-0.14703,0.12079
-0.21402,0.093941,0.51564
-0.28173,0.16252,0.69303
-0.030984,-0.091335,0.48824
0.011621,-0.14818,0.5244
0.075427,-0.21925,0.55918
0.050951,-0.19208,0.69661
0.066658,-0.20835,0.78155
0.093789,-0.23253,0.86689
0.12942,-0.26379,0.94181
0.00075203,-0.10981,0.12164
-0.22466,0.11837,0.51857
-0.13049,0.019651,0.48786
-0.035561,-0.073692,0.48145
0.017499,-0.1392,0.51711
0.065453,-0.18337,0.56015
0.066326,-0.18963,0.69123
0.079452,-0.20626,0.77864
0.10946,-0.22719,0.85699
0.14465,-0.26447,0.94264
-0.0022922,-0.10082,0.14369
-0.20756,0.11683,0.5121
-0.11009,0.015829,0.48328
-0.029337,-0.066507,0.47894
0.035231,-0.13142,0.51097
0.077461,-0.1818,0.55875
0.079916,-0.18477,0.6692
0.091512,-0.20179,0.7682
0.11834,-0.22555,0.85623
0.14523,-0.25523,0.92776
-0.010271,-0.076443,0.12723
-0.22498,0.14665,0.51691
-0.12953,0.042046,0.48833
-0.039333,-0.046707,0.47784
0.023311,-0.1158,0.49821
0.079755,-0.16756,0.54412
0.094455,-0.18073,0.65823
0.10221,-0.19622,0.75013
0.13067,-0.21528,0.8361
0.15726,-0.25246,0.92206
-0.016571,-0.057375,0.13702
-0.22321,0.16335,0.51474
-0.1341,0.065824,0.48995
-0.036069,-0.030081,0.47659
0.034282,-0.10005,0.49231
0.079423,-0.15741,0.53441
0.10934,-0.17761,0.6548
0.1177,-0.19324,0.74844
0.13748,-0.21141,0.82797
0.16779,-0.24482,0.90787
-0.046486,1.489e-006,0.21413
-0.20093,0.1545,0.50692
-0.1174,0.056915,0.48607
-0.026657,-0.03512,0.47668
0.040611,-0.10344,0.49415
0.097562,-0.156,0.5355
0.11473,-0.17623,0.65182
0.13433,-0.18857,0.74035
0.15043,-0.20895,0.82581
-0.13198,0.08453,0.15543
-0.062351,0.01692,0.19404
-0.22331,0.17913,0.50716
-0.13797,0.10262,0.49003
-0.046542,0.010663,0.47705
0.035944,-0.075187,0.48263
0.083242,-0.13283,0.51539
0.14177,-0.18334,0.56424
0.13387,-0.18117,0.70432
0.16013,-0.20128,0.80478
-0.12201,0.092286,0.15654
-0.065385,0.035228,0.18335
-0.22152,0.20022,0.49089
-0.14972,0.1308,0.49111
-0.069772,0.04817,0.47966
0.015676,-0.04053,0.47738
0.078154,-0.11057,0.49984
0.13049,-0.16512,0.54642
0.14284,-0.17439,0.67112
0.1527,-0.19111,0.76557
-0.11579,0.1016,0.1564
-0.057302,0.048845,0.18136
-0.21964,0.20323,0.49115
-0.15571,0.1351,0.49249
-0.064252,0.045852,0.47906
0.018657,-0.033911,0.47699
0.091416,-0.10533,0.49985
0.1424,-0.15677,0.54156
0.16478,-0.17381,0.68841
-0.071267,0.070573,0.13921
-0.042658,0.043473,0.20188
-0.18988,0.18802,0.49775
-0.11108,0.11258,0.48363
-0.023458,0.017749,0.47665
0.059274,-0.054995,0.48118
0.12652,-0.1236,0.51552
0.17847,-0.18061,0.56386
-0.035072,0.047053,0.20539
-0.17824,0.18982,0.49315
-0.096743,0.11519,0.48135
-0.016162,0.036813,0.47705
0.072421,-0.05892,0.48273
0.12709,-0.11786,0.51151
-0.028233,0.058743,0.14908
-0.21079,0.22968,0.4717
-0.15645,0.1816,0.48749
-0.068689,0.094661,0.47967
0.017064,0.013669,0.47696
0.09838,-0.065592,0.48749
0.16101,-0.12307,0.52387
-0.022559,0.065956,0.18067
-0.18558,0.22333,0.48536
-0.10387,0.14693,0.47941
-0.024499,0.06568,0.47805
0.061162,-0.01734,0.47894
0.13036,-0.087021,0.50109
0.17894,-0.14359,0.5416
-0.19605,0.24886,0.45538
-0.14958,0.19413,0.48166
-0.064977,0.12498,0.47769
0.017244,0.042962,0.47786
0.090905,-0.033584,0.48383
0.15724,-0.10281,0.51474
-0.0073767,0.085601,0.17322
-0.16144,0.23013,0.47319
-0.095862,0.16082,0.47708
-0.026031,0.09488,0.47773
0.064524,0.01405,0.48033
0.13149,-0.058485,0.49427
-0.01394,0.10273,0.13586
-0.17736,0.25636,0.45012
-0.13109,0.20688,0.47408
-0.05145,0.13315,0.47623
0.029277,0.057734,0.47859
0.10734,-0.016052,0.48649
0.18175,-0.092231,0.51862
0.00774,0.088932,0.17072
-0.14342,0.22968,0.4682
-0.070394,0.16364,0.47425
-0.0036791,0.094386,0.47755
0.080064,0.015145,0.4819
0.15768,-0.050219,0.50259
0.2141,-0.10509,0.72449
-0.16081,0.2668,0.43227
-0.12071,0.22617,0.46602
-0.046538,0.15954,0.47317
0.023705,0.08422,0.47885
0.097792,0.007783,0.48521
0.17546,-0.050392,0.50882
-0.0035588,0.13468,0.13206
-0.15282,0.26717,0.43221
-0.10367,0.22411,0.46339
-0.044173,0.16429,0.47258
0.045328,0.082895,0.4802
0.11653,0.014152,0.48952
0.1875,-0.051597,0.51341
-0.00075833,0.1433,0.14328
-0.13648,0.2642,0.43701
-0.084763,0.22043,0.46257
-0.018349,0.15364,0.47305
0.060202,0.073988,0.48161
0.14223,0.00082656,0.49628
0.20646,-0.057278,0.70394
0.001563,0.15045,0.14579
-0.11996,0.26044,0.44167
-0.064889,0.21022,0.46347
0.0089294,0.14251,0.47464
0.079147,0.074978,0.48351
0.15667,0.0018523,0.5013
0.21715,-0.053881,0.72867
0.021062,0.1414,0.15351
-0.096251,0.2479,0.44819
-0.038934,0.19883,0.46545
0.032606,0.13328,0.47632
0.11131,0.057769,0.48965
0.187,-0.0075859,0.51191
0.24713,-0.058981,0.72962
0.030596,0.14972,0.15005
-0.077899,0.24803,0.44644
-0.015698,0.18549,0.46851
0.05863,0.12492,0.47928
0.13609,0.04853,0.49564
0.20543,-0.012863,0.71051
0.012181,0.18313,0.12893
-0.084418,0.26975,0.42402
-0.043336,0.22754,0.4572
0.030323,0.16238,0.47303
0.10022,0.089082,0.48739
0.17135,0.034586,0.50746
0.23147,-0.025591,0.73014
0.035733,0.17257,0.14262
-0.052431,0.24816,0.44436
0.006734,0.18781,0.46824
0.080427,0.13283,0.48087
0.14907,0.062962,0.50051
0.20859,0.010148,0.72581
0.031411,0.18567,0.13908
-0.050416,0.26247,0.43344
0.00075299,0.21164,0.46145
0.065929,0.15127,0.47739
0.14471,0.088859,0.49907
0.22772,0.011534,0.50113
0.23736,0.0014092,0.62658
0.2392,0.0046944,0.73014
-0.058076,0.28071,0.40506
-0.02037,0.2388,0.44942
0.042717,0.19007,0.46909
0.1194,0.12478,0.48972
0.18546,0.058452,0.51336
0.23766,0.018713,0.57662
0.23711,0.017354,0.66955
0.026341,0.21905,0.12946
-0.031647,0.27141,0.4189
0.018635,0.22371,0.45859
0.083312,0.16722,0.47745
0.14172,0.1149,0.49671
0.23988,0.021908,0.5491
0.2168,0.049759,0.72648
0.25175,0.02221,0.029511
0.0071837,0.25131,0.44173
0.056504,0.19927,0.46788
0.12463,0.13678,0.48987
0.19361,0.083627,0.51689
0.040854,0.23448,0.12336
-0.0019744,0.27196,0.41773
0.041488,0.23079,0.45608
0.10886,0.17208,0.48257
0.16721,0.11073,0.50577
0.22919,0.068729,0.72504
0.28855,0.03513,0.045847
0.031472,0.2494,0.44361
0.088244,0.19894,0.47181
0.16084,0.14614,0.50093
0.20592,0.1019,0.70887
0.29494,0.03513,0.028174
0.046588,0.24514,0.44745
0.11251,0.19542,0.47809
0.16836,0.14155,0.50408
0.22865,0.091268,0.7216
0.041784,0.26886,0.42403
0.088528,0.22586,0.46429
0.14949,0.17473,0.4942
0.20653,0.12279,0.68836
0.039876,0.27849,0.40881
0.091416,0.24451,0.45283
0.14573,0.18825,0.48994
0.20594,0.14111,0.69185
0.058634,0.27915,0.409
0.098874,0.23942,0.45744
0.15565,0.19968,0.49056
0.20706,0.15234,0.69572
0.074096,0.27247,0.42061
0.12289,0.233,0.46638
0.17983,0.1918,0.50167
0.2434,0.13354,0.71005
0.11308,0.25622,0.44933
0.16412,0.20821,0.49141
0.23908,0.15395,0.701
0.12318,0.2598,0.4447
0.17404,0.22292,0.48963
0.1233,0.27305,0.4231
0.16228,0.2379,0.47557
0.15082,0.26074,0.44192
