-0.29307,-0.1246,0.48768
-0.28862,-0.15511,0.44148
-0.29324,-0.096292,0.48768
-0.26573,-0.24972,0.4159
-0.2735,-0.22247,0.47694
-0.27435,-0.11448,0.48768
-0.28781,-0.017106,0.48768
-0.29303,0.14737,0.019836
-0.25763,-0.25202,0.48768
-0.26168,-0.14707,0.48768
-0.2755,-0.027627,0.48768
-0.28639,0.087706,0.48768
-0.24282,-0.25237,0.44311
-0.25415,-0.19605,0.48768
-0.26071,-0.089277,0.48768
-0.26744,0.024196,0.48768
-0.25029,-0.11571,0.1072
-0.2414,-0.25237,0.46013
-0.24381,-0.17764,0.48768
-0.25117,-0.068462,0.48768
-0.26161,0.058546,0.48768
-0.27562,0.17742,0.48768
-0.23256,-0.25237,0.42912
-0.2288,-0.20591,0.48768
-0.24546,-0.095447,0.48768
-0.25228,0.0065421,0.48768
-0.26271,0.14844,0.48768
-0.2351,-0.093378,0.10901
-0.22291,-0.25237,0.48606
-0.22674,-0.15853,0.48768
-0.23868,-0.050507,0.48768
-0.24955,0.072188,0.48768
-0.25123,0.20304,0.48768
-0.20446,-0.27169,0.45932
-0.20232,-0.31032,0.57772
-0.2069,-0.25248,0.61717
-0.23174,0.014814,0.48768
-0.241,0.13932,0.48768
-0.21477,-0.091059,0.11029
-0.20177,-0.27169,0.48502
-0.19516,-0.31032,0.60741
-0.21379,-0.069493,0.48768
-0.22739,0.061864,0.48768
-0.23337,0.18173,0.48768
-0.20614,-0.071089,0.11162
-0.18715,-0.27169,0.4882
-0.18715,-0.31032,0.6223
-0.2098,-0.061914,0.48768
-0.21881,0.063538,0.48768
-0.21824,0.18927,0.48768
-0.20296,0.077858,0.063379
-0.17864,-0.26206,0.48775
-0.1928,-0.1598,0.48768
-0.1998,-0.06187,0.48768
-0.20448,0.060031,0.48768
-0.21836,0.19966,0.48768
-0.21667,0.23047,0.5594
-0.18836,-0.058988,0.11316
-0.17342,-0.27169,0.47238
-0.1741,-0.19488,0.48768
-0.1758,-0.27076,0.65997
-0.19237,0.039467,0.48768
-0.20293,0.16412,0.48768
-0.20454,0.23047,0.53919
-0.20408,0.26944,0.62289
-0.18182,0.062499,0.083921
-0.16469,-0.2661,0.48768
-0.17376,-0.16996,0.48768
-0.16082,-0.26824,0.6713
-0.18717,0.054768,0.48768
-0.19453,0.19562,0.48768
-0.19045,0.23047,0.61092
-0.16463,-0.10215,0.11272
-0.17235,0.055622,0.10289
-0.15467,-0.26054,0.48768
-0.16174,-0.14929,0.48768
-0.1572,-0.26862,0.67372
-0.17387,0.078389,0.48768
-0.17747,0.21082,0.48768
-0.15017,-0.095198,0.090339
-0.163,0.04883,0.069231
-0.14169,-0.27169,0.46892
-0.1543,-0.18696,0.48768
-0.13991,-0.31032,0.68093
-0.15976,0.041861,0.48768
-0.16524,0.16082,0.48768
-0.16953,0.25195,0.66547
-0.1485,-0.060464,0.1154
-0.1337,-0.25237,0.41141
-0.13517,-0.2384,0.48768
-0.14763,-0.13899,0.48768
-0.14959,-0.019885,0.48768
-0.15627,0.094467,0.48768
-0.16323,0.23773,0.48768
-0.13379,-0.083297,0.090762
-0.13709,0.03,0.087879
-0.13094,-0.27169,0.46814
-0.1265,-0.1946,0.48768
-0.12488,-0.31032,0.67279
-0.14507,0.034596,0.48768
-0.14979,0.15228,0.48768
-0.14754,0.24589,0.67864
-0.12742,-0.057604,0.11674
-0.12685,0.042034,0.11803
-0.11699,-0.24191,0.48768
-0.11939,-0.14414,0.48768
-0.12002,-0.26895,0.68779
-0.1372,0.08955,0.48768
-0.13683,0.22644,0.48768
-0.11491,-0.06958,0.088689
-0.11659,-0.0024126,0.11968
-0.1095,-0.27169,0.47362
-0.11111,-0.18537,0.48768
-0.10713,-0.31032,0.68477
-0.11874,0.039754,0.48768
-0.12205,0.17461,0.48768
-0.12524,0.26293,0.68675
-0.10937,-0.039858,0.11853
-0.11572,0.056014,0.11809
-0.1022,-0.23314,0.48768
-0.10851,-0.12077,0.48768
-0.10055,-0.25482,0.69017
-0.11268,0.1176,0.48768
-0.11635,0.23047,0.67094
-0.10282,-0.0608,0.11533
-0.094936,-0.0042398,0.15968
-0.088407,-0.26107,0.48768
-0.095948,-0.14894,0.48768
-0.093875,-0.28249,0.69047
-0.098402,0.070688,0.48768
-0.10975,0.20545,0.48768
-0.088707,-0.050545,0.084422
-0.085024,-0.020789,0.15614
-0.085452,-0.27169,0.48296
-0.089018,-0.17907,0.48768
-0.085082,-0.30369,0.69047
-0.094997,0.056376,0.48768
-0.093421,0.18262,0.48768
-0.080039,-0.044247,0.085514
-0.074329,-0.028004,0.16354
-0.071848,-0.27169,0.48256
-0.071837,-0.16401,0.48768
-0.070455,-0.2928,0.69047
-0.078818,0.064896,0.48768
-0.085969,0.19233,0.48768
-0.087782,0.28757,0.69047
-0.073894,-0.028184,0.13577
-0.067322,-0.27169,0.46494
-0.067002,-0.19632,0.48768
-0.067364,-0.31032,0.67172
-0.072741,0.028786,0.48768
-0.072393,0.15395,0.48768
-0.077864,0.24554,0.69047
-0.06124,-0.059463,0.11905
-0.054934,-0.031777,0.19088
-0.050451,-0.24638,0.48768
-0.055365,-0.1454,0.48768
-0.050638,-0.27152,0.69047
-0.061254,0.085314,0.48768
-0.062908,0.22948,0.48768
-0.050511,-0.10602,0.11191
-0.046121,-0.030289,0.13573
-0.048423,-0.27169,0.4708
-0.050093,-0.19726,0.48768
-0.047238,-0.31032,0.67688
-0.048135,0.023719,0.48768
-0.056904,0.15279,0.48768
-0.048737,0.24501,0.69047
-0.035734,-0.069161,0.11783
-0.044234,-0.029507,0.17672
-0.034674,-0.2575,0.48768
-0.035959,-0.15676,0.48768
-0.040648,-0.281,0.69047
-0.043934,0.077836,0.48768
-0.047755,0.19863,0.48768
-0.03041,-0.12858,0.11368
-0.032758,-0.036761,0.11997
-0.026639,-0.25237,0.42181
-0.023552,-0.21723,0.48768
-0.027728,-0.11621,0.48768
-0.033699,0.011388,0.48768
-0.03638,0.12927,0.48768
-0.033914,0.23047,0.6865
-0.024021,-0.074865,0.11719
-0.02453,-0.01392,0.15056
-0.022741,-0.26454,0.48768
-0.014787,-0.16805,0.48768
-0.022389,-0.29182,0.69047
-0.020947,0.063707,0.48768
-0.020547,0.19342,0.48768
-0.014305,-0.12467,0.11359
-0.013151,-0.021147,0.1043
-0.0051931,-0.25237,0.42151
-0.011034,-0.21824,0.48768
-0.01304,-0.11362,0.48768
-0.012081,0.0060225,0.48768
-0.011053,0.12069,0.48768
-0.012078,0.23047,0.67149
-0.00071378,-0.089119,0.1157
0.0020116,0.011778,0.11925
-0.0021514,-0.25647,0.48768
-0.00052956,-0.15284,0.48768
-0.0031337,-0.28314,0.69047
0.0037446,0.072176,0.48768
0.0029299,0.20751,0.48768
0.010768,-0.11657,0.11359
0.010476,0.01704,0.11865
0.012133,-0.25505,0.48768
0.0092872,-0.15783,0.48768
0.011539,-0.28748,0.69047
0.010749,0.074045,0.48768
0.0055104,0.21275,0.48768
0.0093549,0.28726,0.69047
0.021076,0.026426,0.11789
0.021679,-0.25724,0.48768
0.023629,-0.15598,0.48768
0.016631,-0.28037,0.69047
0.018068,0.071915,0.48768
0.016577,0.21878,0.48768
0.031255,-0.021147,0.081976
0.030459,-0.25237,0.41161
0.024419,-0.23978,0.48768
0.027883,-0.13522,0.48768
0.026138,-0.26174,0.69047
0.03284,0.094716,0.48768
0.033479,0.23471,0.48768
0.035494,-0.021147,0.080973
0.037415,-0.25237,0.41571
0.037592,-0.226,0.48768
0.036878,-0.12896,0.48768
0.039472,-0.25961,0.69047
0.037477,0.10959,0.48768
0.0468,0.23965,0.48768
0.048915,-0.021147,0.10821
0.04671,-0.27169,0.45612
0.042937,-0.19037,0.48768
0.04199,-0.31032,0.67511
0.047039,0.026189,0.48768
0.04779,0.15368,0.48768
0.050324,0.24832,0.69047
0.063091,-0.0050177,0.11489
0.056024,-0.27169,0.47923
0.053582,-0.1731,0.48768
0.051169,-0.30153,0.69047
0.060828,0.053823,0.48768
0.066662,0.17679,0.48768
0.06974,0.2832,0.69047
0.074903,0.016822,0.11405
0.061288,-0.24001,0.48768
0.070888,-0.12726,0.48768
0.060298,-0.25786,0.69047
0.070056,0.098407,0.48768
0.075828,0.23388,0.48768
0.079711,-0.021147,0.095154
0.07236,-0.27169,0.45016
0.073259,-0.22054,0.48768
0.078289,-0.10958,0.48768
0.081575,0.0024088,0.48768
0.086212,0.12875,0.48768
0.081088,0.23047,0.68953
0.093488,-0.0115,0.11272
0.083088,-0.27169,0.47342
0.081542,-0.19244,0.48768
0.078365,-0.31032,0.68759
0.08948,0.035598,0.48768
0.096342,0.16419,0.48768
0.09948,0.26632,0.69047
0.097593,0.016455,0.11243
0.095061,-0.24948,0.48768
0.0961,-0.1392,0.48768
0.089201,-0.27356,0.69047
0.10188,0.091664,0.48768
0.1057,0.22047,0.48768
0.11105,-0.021147,0.10304
0.099283,-0.27169,0.47361
0.10535,-0.1965,0.48768
0.098851,-0.31032,0.68758
0.10717,0.044116,0.48768
0.1152,0.16445,0.48768
0.12178,0.26659,0.69047
0.11652,0.025033,0.11107
0.1143,-0.25481,0.48751
0.11579,-0.1596,0.48768
0.11156,-0.28663,0.69047
0.12317,0.078436,0.48768
0.12644,0.20253,0.48768
0.12427,0.23047,0.69028
0.12887,-0.021147,0.10099
0.11795,-0.27169,0.47573
0.12099,-0.18146,0.48768
0.11765,-0.30689,0.69047
0.13233,0.047673,0.48768
0.13744,0.1755,0.48768
0.14102,0.23047,0.56081
0.13993,0.23047,0.66177
0.13843,-0.021147,0.096694
0.12459,-0.27169,0.45394
0.13058,-0.19933,0.48768
0.12426,-0.31032,0.68325
0.14058,0.015808,0.49747
0.14421,0.0022502,0.60392
0.14909,0.086204,0.65093
0.14941,0.22125,0.65366
0.15258,-0.021147,0.087531
0.13795,-0.25237,0.42451
0.13221,-0.27169,0.5334
0.1393,-0.27169,0.63363
0.14149,-0.079615,0.56059
0.14852,-0.077163,0.64594
0.15179,0.032863,0.67063
0.15276,0.15255,0.67689
0.16462,0.21082,0.74264
0.15631,0.029679,0.10823
0.14512,-0.27169,0.52441
0.14638,-0.27169,0.62277
0.15072,-0.21617,0.66377
0.15662,-0.15145,0.70169
0.15522,-0.017409,0.6927
0.16607,0.040771,0.7492
0.16563,0.18115,0.74734
0.17336,-0.007591,0.10701
0.153,-0.27169,0.50929
0.15388,-0.27169,0.59458
0.15516,-0.26475,0.69047
0.15953,-0.19161,0.71673
0.16047,-0.087044,0.72154
0.16779,-0.0034682,0.75645
0.17991,0.083193,0.80434
0.18465,0.20467,0.82123
0.18252,0.019766,0.10636
0.16661,-0.27169,0.54928
0.16239,-0.27169,0.63284
0.16928,-0.25237,0.70937
0.17124,-0.21377,0.77094
0.17143,-0.093744,0.77172
0.18071,-0.0043945,0.8072
0.19025,0.085586,0.83959
0.19439,0.22152,0.85239
0.19454,0.019598,0.1055
0.17372,-0.25237,0.56178
0.17538,-0.25237,0.64218
0.16962,-0.25237,0.73692
0.17864,-0.21293,0.7998
0.17999,-0.10045,0.80461
0.19063,-0.018647,0.84076
0.1966,0.10685,0.85921
0.20307,0.22946,0.87811
0.18362,-0.25237,0.48316
0.18627,-0.25237,0.58072
0.18097,-0.25237,0.66886
0.18217,-0.25237,0.76147
0.18819,-0.22636,0.83321
0.19438,-0.13127,0.85235
0.19797,-0.027176,0.86345
0.20408,0.1032,0.88085
0.21214,0.22872,0.90275
0.21057,0.027067,0.10436
0.19365,-0.25237,0.55294
0.19401,-0.25237,0.63911
0.19118,-0.25237,0.73561
0.19179,-0.25237,0.83216
0.19811,-0.17592,0.86386
0.20118,-0.061724,0.87296
0.21014,0.054221,0.8973
0.21994,0.16953,0.92247
0.22244,-0.017579,0.04897
0.22408,0.031679,0.10339
0.19786,-0.25237,0.57044
0.19969,-0.25237,0.64989
0.20481,-0.25237,0.74955
0.19898,-0.25237,0.83833
0.2064,-0.19387,0.88715
0.21129,-0.078437,0.90043
0.22265,0.025446,0.92902
0.23286,0.12861,0.95339
0.22769,-0.020285,0.042695
0.23235,0.011797,0.1028
0.21042,-0.25237,0.55473
0.21346,-0.25237,0.6472
0.20743,-0.25237,0.7348
0.21016,-0.25237,0.8314
0.21204,-0.22534,0.90248
0.21758,-0.12052,0.91677
0.22691,-0.005021,0.93933
0.24012,0.085829,0.96915
0.24144,-0.020285,0.012576
0.23753,-0.012626,0.10243
0.21595,-0.25237,0.5814
0.21762,-0.25237,0.67382
0.21681,-0.25237,0.75872
0.22009,-0.25237,0.85302
0.22144,-0.22086,0.9261
0.23399,-0.12972,0.95585
0.2374,-0.0029794,0.96323
0.24619,0.11776,0.98231
0.25275,-0.020285,0.039917
0.22869,-0.25237,0.66647
0.22726,-0.25237,0.75019
0.22562,-0.25237,0.84125
0.22499,-0.25132,0.93469
0.23867,-0.15869,0.96599
0.25045,-0.055933,0.99156
0.25357,0.069989,0.99831
0.25713,-0.020285,0.031371
0.24052,-0.25237,0.73141
0.23373,-0.25237,0.83016
0.24097,-0.25237,0.9212
0.24161,-0.19633,0.97238
0.25193,-0.087618,0.99477
0.26418,0.048671,0.99463
0.26357,-0.020285,0.018095
0.25101,-0.25237,0.81198
0.24303,-0.25237,0.89961
0.24991,-0.24864,0.99007
0.26177,-0.1167,0.99414
0.26931,0.018815,0.99285
0.29417,0.20824,0.97141
0.25811,-0.25237,0.87488
0.25883,-0.25237,0.96537
0.261,-0.1594,0.9922
0.27994,-0.010367,0.9882
0.29397,0.15716,0.97572
0.26786,-0.25237,0.87841
0.26264,-0.25237,0.96723
0.27576,-0.14233,0.98642
0.28612,-0.0152,0.98532
0.3071,0.18486,0.96755
0.27617,-0.25237,0.90797
0.27731,-0.22235,0.97991
0.29154,-0.090711,0.98151
0.31027,0.083281,0.97227
0.28574,-0.25237,0.90481
0.28349,-0.22783,0.97655
0.29749,-0.094084,0.97864
0.31565,0.058457,0.97066
0.29613,-0.25237,0.96627
0.30663,-0.13944,0.97236
0.32262,0.016577,0.9683
0.31167,-0.19561,0.9663
0.31941,-0.050587,0.96967
0.31582,-0.1775,0.96577
0.3123,0.2114,0.96276
0.29801,0.21804,0.96872
0.30677,0.19712,0.96664
0.31087,0.16613,0.93816
0.27173,0.22094,0.98056
0.28898,0.1814,0.88739
0.28534,0.18304,0.97772
0.2499,0.21759,0.76791
0.30817,0.1489,0.93231
0.2674,0.18608,0.98575
0.23604,0.21703,0.70562
0.27382,0.16537,0.8468
0.30438,0.13348,0.97245
0.21775,0.22321,0.50764
0.22175,0.22001,0.60559
0.24149,0.1961,0.73257
0.28847,0.13582,0.88617
0.2826,0.13836,0.9822
0.21777,0.2116,0.53204
0.22572,0.19702,0.64147
0.25631,0.15511,0.79079
0.31788,0.085565,0.95329
0.26387,0.15087,0.99008
0.21956,0.18604,0.57594
0.23226,0.17137,0.68565
0.26307,0.14164,0.81381
0.31226,0.081114,0.97145
0.21778,0.17101,0.50285
0.22149,0.17385,0.60199
0.23959,0.1447,0.72373
0.28179,0.093312,0.86839
0.29402,0.079207,0.97994
0.21765,0.14909,0.52571
0.22333,0.1562,0.62054
0.24241,0.13356,0.73646
0.29082,0.072532,0.89182
0.28675,0.070776,0.98365
0.2181,0.14462,0.54185
0.2272,0.13103,0.65297
0.25624,0.08865,0.79052
0.32045,0.016412,0.95887
0.26681,0.083399,0.9923
0.21769,0.13346,0.52989
0.22456,0.12711,0.63128
0.25022,0.088332,0.76909
0.30237,0.030013,0.91966
0.278,0.063927,0.98787
0.21772,0.10695,0.5129
0.22168,0.10767,0.6046
0.24081,0.080144,0.72973
0.28465,0.037365,0.87616
0.29429,0.020052,0.98133
0.058979,0.27727,0.052093
0.21779,0.10535,0.5023
0.22258,0.084246,0.61403
0.23933,0.072645,0.72241
0.2818,0.018701,0.86842
0.29933,0.010114,0.97909
0.069444,0.26337,0.037601
0.031031,0.29509,0.10199
0.21899,0.083695,0.56809
0.23229,0.064217,0.68583
0.26659,0.021254,0.82466
0.31847,-0.033526,0.97025
0.25423,0.042565,0.99937
0.050679,0.25569,0.10424
0.21805,0.073776,0.54039
0.22648,0.062438,0.64808
0.25279,0.024715,0.77824
0.30849,-0.036975,0.933
0.27621,-0.0035207,0.98986
0.050288,0.24702,0.072827
0.21772,0.052344,0.51363
0.22259,0.052874,0.61405
0.24191,0.028885,0.73436
0.28304,-0.022586,0.87178
0.29101,-0.035881,0.98289
0.036489,0.24669,0.035529
0.0046328,0.27353,0.10404
0.21913,0.037621,0.5702
0.23043,0.029128,0.67382
0.26334,-0.012174,0.81466
0.32279,-0.076267,0.96747
0.26029,-0.0099669,0.99725
0.016758,0.25842,0.1048
0.21991,0.019955,0.58073
0.23216,0.015725,0.68499
0.26495,-0.028216,0.81963
0.31429,-0.091029,0.97101
0.25766,-0.019098,0.9984
-0.0016676,0.25701,0.1053
0.22092,0.0048648,0.59436
0.23528,-0.012418,0.70175
0.26926,-0.0468,0.8329
0.3114,-0.088436,0.97241
0.1904,0.03535,0.1058
0.21785,-0.0069004,0.49179
0.2196,0.0037879,0.57647
0.23367,-0.012058,0.69353
0.26683,-0.055315,0.82542
0.30924,-0.099639,0.97299
0.25592,-0.049368,0.99895
0.026107,0.19147,0.10914
0.21807,-0.011972,0.54086
0.22571,-0.020068,0.64133
0.25049,-0.047302,0.77004
0.30208,-0.10718,0.91897
0.27983,-0.081972,0.98713
0.16502,0.028438,0.10761
-0.0073624,0.21009,0.10862
0.21974,-0.035295,0.57839
0.23159,-0.050899,0.68134
0.26159,-0.076723,0.80925
0.32051,-0.14221,0.9658
0.26207,-0.074174,0.99551
0.022003,0.15997,0.075648
0.21784,-0.045078,0.49248
0.22147,-0.052977,0.60174
0.23503,-0.061171,0.70047
0.27325,-0.10526,0.8452
0.3088,-0.1384,0.97143
-0.041104,0.23047,0.68636
0.14017,0.024046,0.10939
-0.0083123,0.18749,0.11017
0.21943,-0.069068,0.57422
0.23112,-0.076031,0.67829
0.26105,-0.10277,0.80758
0.31937,-0.16932,0.96471
0.26707,-0.10803,0.99206
0.15403,-0.0041162,0.1084
0.016273,0.14234,0.10394
0.21776,-0.066676,0.50623
0.22155,-0.076612,0.6028
0.24263,-0.10478,0.73735
0.28255,-0.1399,0.87047
0.29899,-0.15946,0.97469
-0.067629,0.23047,0.68263
0.13152,0.0055075,0.11
0.0026382,0.14502,0.11282
0.21767,-0.090713,0.52236
0.22278,-0.088698,0.61577
0.24052,-0.10786,0.72846
0.28146,-0.1527,0.86751
0.29152,-0.16569,0.97776
-0.087675,0.24015,0.69047
0.10837,0.010755,0.11166
-0.015769,0.14485,0.11323
0.21816,-0.10168,0.54349
0.22658,-0.10731,0.64896
0.25075,-0.13503,0.77098
0.30267,-0.1905,0.92037
0.28126,-0.16211,0.98271
-0.14214,0.28265,0.68129
0.083917,0.032586,0.1134
-0.030496,0.15087,0.11315
0.21931,-0.11223,0.57259
0.23011,-0.11953,0.67177
0.25909,-0.15607,0.80071
0.32028,-0.22451,0.9585
0.26606,-0.16537,0.98952
0.11836,-0.01942,0.11094
0.002528,0.10003,0.074983
0.21779,-0.13481,0.5015
0.22038,-0.13207,0.58707
0.2345,-0.14454,0.69775
0.26442,-0.17101,0.81797
0.31175,-0.22432,0.96385
0.25468,-0.16975,0.9945
0.096157,-0.015307,0.11253
-0.0014367,0.087832,0.099442
0.2177,-0.1348,0.5161
0.22259,-0.14253,0.61405
0.24189,-0.16769,0.73424
0.28505,-0.21558,0.87725
0.29588,-0.21643,0.9719
-0.13447,0.23047,0.66718
0.06838,-0.002752,0.11451
-0.0057393,0.07459,0.11111
0.21777,-0.14614,0.5053
0.22174,-0.15846,0.60541
0.23787,-0.16927,0.71495
0.27565,-0.20891,0.85175
0.30222,-0.23774,0.96699
-0.19738,0.27224,0.54718
0.077027,-0.021147,0.079608
0.035693,0.016102,0.11685
-0.038729,0.10328,0.11656
0.21917,-0.16186,0.57078
0.23085,-0.17841,0.67652
0.25956,-0.20671,0.80235
0.29614,-0.25237,0.93388
0.25999,-0.21861,0.98824
-0.17177,0.23438,0.63673
0.046016,-0.0033282,0.11611
-0.017591,0.063219,0.11882
0.2181,-0.1776,0.54196
0.22576,-0.18412,0.64177
0.24668,-0.20663,0.75438
0.28707,-0.25237,0.89692
0.282,-0.24189,0.97592
-0.19738,0.23744,0.56065
0.044483,-0.021147,0.089983
-0.0034546,0.026129,0.11964
0.21773,-0.195,0.51191
0.22137,-0.19777,0.60045
0.23678,-0.20851,0.70937
0.27118,-0.25204,0.83883
0.28424,-0.25237,0.94031
0.25443,-0.22487,0.99022
-0.19093,0.23047,0.62772
0.0071392,0.006984,0.11889
0.21784,-0.20604,0.49395
0.22045,-0.20235,0.58796
0.23435,-0.22019,0.697
0.25642,-0.25237,0.81673
0.2647,-0.25237,0.91557
0.25258,-0.24395,0.98928
0.020835,-0.021147,0.10284
-0.019052,0.0143,0.15961
0.21866,-0.22194,0.55822
0.23027,-0.2353,0.67281
0.25359,-0.2512,0.7811
0.25464,-0.25237,0.87623
0.25013,-0.25237,0.95267
0.0088762,-0.021147,0.11705
0.21784,-0.23483,0.49386
0.21984,-0.23257,0.57972
0.23218,-0.2453,0.68515
0.23873,-0.25237,0.78641
0.24057,-0.25237,0.86847
0.23954,-0.25237,0.95251
-0.0097045,-0.021147,0.10347
0.21779,-0.23667,0.50245
0.22118,-0.24118,0.59781
0.23236,-0.25237,0.69512
0.2219,-0.25237,0.77764
0.2303,-0.25237,0.87748
-0.20585,0.17686,0.48768
-0.019638,-0.028156,0.12026
0.21773,-0.2496,0.5121
0.22198,-0.25163,0.60866
0.21672,-0.25237,0.69396
0.21713,-0.25237,0.78414
0.21386,-0.25237,0.87812
-0.23226,0.18197,0.48768
-0.022396,-0.039916,0.11953
0.19838,-0.25237,0.50249
0.20086,-0.25237,0.60075
0.19872,-0.25237,0.68197
0.20362,-0.25237,0.77714
0.20223,-0.25237,0.86788
-0.24118,0.17912,0.48768
-0.019114,-0.060517,0.11805
0.19072,-0.25237,0.48662
0.18447,-0.25237,0.56753
0.18786,-0.25237,0.66347
0.19239,-0.25237,0.74971
-0.12751,0.055392,0.48768
-0.2261,0.1391,0.48768
0.0019695,-0.083848,0.10119
-0.059115,-0.031894,0.12157
0.17123,-0.25237,0.51518
0.17613,-0.25237,0.60398
0.17637,-0.25237,0.69978
-0.08821,-0.0010442,0.48768
-0.18826,0.092909,0.48768
0.0097187,-0.1077,0.079757
-0.026792,-0.070108,0.11757
0.16993,-0.26206,0.48242
0.16959,-0.25958,0.56805
0.16959,-0.25867,0.65204
0.16651,-0.25237,0.74145
-0.14026,0.036788,0.48768
-0.24849,0.1405,0.48768
-0.008251,-0.099638,0.11516
0.14165,-0.24425,0.41256
0.16959,-0.26946,0.53712
0.16959,-0.26831,0.61944
-0.023329,-0.084124,0.48768
-0.11728,-0.0007455,0.48768
-0.20913,0.087034,0.48768
0.013173,-0.14015,0.11193
-0.052872,-0.068827,0.11823
0.15697,-0.27169,0.50036
0.15842,-0.27169,0.5874
0.16959,-0.27874,0.68689
-0.079982,-0.050705,0.48768
-0.16757,0.035009,0.48768
-0.27965,0.1439,0.48768
-0.040589,-0.097539,0.11601
0.143,-0.27169,0.45787
0.1459,-0.27169,0.54122
0.16959,-0.29924,0.67223
-0.062155,-0.078522,0.48768
-0.15471,0.0068121,0.48768
-0.25574,0.099873,0.48768
-0.033877,-0.12095,0.11427
0.11372,-0.25237,0.41157
0.13173,-0.27169,0.5143
0.13229,-0.27169,0.60705
0.11918,-0.2581,0.69047
-0.13678,-0.015834,0.48768
-0.23524,0.068859,0.48768
-0.027636,-0.13716,0.11303
-0.12321,-0.047964,0.11739
0.09235,-0.25114,0.48768
0.013491,-0.17642,0.48768
0.1048,-0.26352,0.69047
-0.16277,-0.01874,0.48768
-0.25566,0.074862,0.48768
-0.11442,-0.069224,0.062888
-0.14842,-0.041363,0.11621
0.06706,-0.23809,0.48768
0.14924,-0.31032,0.67365
-0.094343,-0.082354,0.48768
-0.19149,-0.0065517,0.48768
-0.2902,0.086113,0.48768
-0.13376,-0.072826,0.11573
0.088022,-0.27169,0.48363
0.023134,-0.20306,0.48768
0.11594,-0.29326,0.69047
-0.16066,-0.048441,0.48768
-0.252,0.040198,0.48768
-0.13078,-0.081113,0.099166
0.079934,-0.27169,0.47035
0.0182,-0.2123,0.48768
0.11447,-0.30644,0.69047
-0.15286,-0.062262,0.48768
-0.25519,0.029414,0.48768
-0.13933,-0.087328,0.094668
0.064689,-0.27169,0.45593
0.0046663,-0.22186,0.48768
0.10253,-0.31032,0.68702
-0.15608,-0.070772,0.48768
-0.25201,0.014685,0.48768
-0.15079,-0.095651,0.10728
0.052747,-0.27169,0.47733
-0.022435,-0.21265,0.48768
0.069432,-0.29325,0.69047
-0.19485,-0.052474,0.48768
-0.29176,0.032812,0.48768
-0.19343,-0.066932,0.11253
0.016425,-0.25168,0.48768
-0.071206,-0.17899,0.48768
0.027913,-0.26027,0.69047
-0.254,-0.013626,0.48768
-0.16774,-0.10797,0.10664
0.025045,-0.27169,0.48744
-0.049705,-0.20706,0.48768
0.033885,-0.28114,0.69047
-0.24532,-0.042344,0.48768
-0.17154,-0.11073,0.1014
0.011303,-0.27169,0.47385
-0.059123,-0.21372,0.48768
0.037492,-0.29786,0.69047
-0.23892,-0.059315,0.48768
-0.18582,-0.12076,0.11071
-0.011996,-0.27169,0.47823
-0.082493,-0.20929,0.48768
0.022736,-0.29368,0.69047
-0.2697,-0.040854,0.48768
-0.20375,-0.11701,0.10983
-0.036278,-0.26316,0.48768
-0.11691,-0.18542,0.48768
-0.024074,-0.26685,0.69047
-0.19731,-0.12945,0.062972
-0.056511,-0.25237,0.41891
-0.075158,-0.2353,0.48768
0.0080542,-0.31032,0.68387
-0.2652,-0.076891,0.48768
-0.2136,-0.13594,0.10847
-0.059714,-0.2576,0.48768
-0.14688,-0.18969,0.48768
-0.051675,-0.26942,0.69047
-0.21859,-0.14491,0.094387
-0.071772,-0.27169,0.46332
-0.1326,-0.21103,0.48768
-0.034499,-0.29728,0.69047
-0.22016,-0.14605,0.064218
-0.10629,-0.25237,0.42215
-0.13005,-0.23335,0.48768
-0.040534,-0.30179,0.69047
-0.24576,-0.15077,0.04227
-0.27477,-0.12035,0.10559
-0.1299,-0.24799,0.48768
-0.048068,-0.31032,0.67871
-0.24377,-0.15987,0.037479
-0.27001,-0.143,0.10491
-0.1294,-0.25447,0.48768
-0.21656,-0.1811,0.48768
-0.1236,-0.26343,0.68708
-0.25138,-0.16873,0.10367
-0.12423,-0.27169,0.47289
-0.19784,-0.21701,0.48768
-0.099442,-0.29167,0.69025
-0.26309,-0.17778,0.056645
-0.13499,-0.27169,0.44942
-0.18546,-0.23029,0.48768
-0.091353,-0.31032,0.68255
-0.25476,-0.18718,0.0462
-0.29687,-0.14971,0.10308
-0.19031,-0.24669,0.48768
-0.27685,-0.17185,0.48768
-0.27256,-0.18718,0.050794
-0.31811,-0.15266,0.10173
-0.20527,-0.23957,0.48768
-0.11217,-0.31032,0.68546
-0.27995,-0.18949,0.07819
-0.18705,-0.27169,0.48879
-0.19684,-0.26606,0.57732
-0.2285,-0.25237,0.42882
-0.19738,-0.27377,0.55538
-0.2416,-0.25237,0.43044
-0.19716,-0.28529,0.5724
-0.25067,-0.25237,0.44487
-0.18989,-0.30822,0.60776
-0.20232,-0.31032,0.60755
0.048988,0.29712,0.057012
0.16959,0.28531,0.68428
0.062077,0.28331,0.10058
0.14454,0.27604,0.69047
0.019379,0.28579,0.69047
0.033841,0.28051,0.10292
0.12321,0.26672,0.69047
0.0078489,0.2795,0.69047
0.054691,0.26058,0.071457
-0.00027524,0.26848,0.10449
0.078915,0.25823,0.69047
-0.046219,0.27132,0.69047
0.053349,0.25644,0.064968
0.16217,0.24947,0.46132
0.16959,0.24943,0.57063
0.16959,0.24499,0.67165
0.0846,0.25578,0.69047
-0.043328,0.26375,0.69047
0.048588,0.24179,0.068207
0.21782,0.23033,0.49644
0.16959,0.24027,0.54505
0.23531,0.23033,0.70188
0.26427,0.22538,0.81752
0.31231,0.22343,0.94126
0.2557,0.2284,0.98725
-0.0054165,0.23639,0.10679
0.21919,0.22701,0.57103
0.22929,0.225,0.66646
0.25383,0.22422,0.78195
0.30308,0.21167,0.92132
0.27623,0.21936,0.97863
1.953e-005,0.23263,0.10692
0.21841,0.21433,0.55108
0.22562,0.21733,0.64055
0.24657,0.21374,0.75391
0.28541,0.20662,0.87822
0.29078,0.20794,0.973
0.040233,0.21608,0.10431
0.21768,0.20145,0.52028
0.22285,0.20227,0.61635
0.24115,0.19903,0.73113
0.27748,0.19486,0.85673
0.31495,0.19518,0.96306
0.038471,0.21065,0.087206
0.21785,0.19642,0.49169
0.22072,0.19831,0.5916
0.23445,0.19244,0.69754
0.26244,0.19037,0.81188
0.31282,0.19037,0.94236
0.26123,0.19547,0.98778
-0.01519,0.20491,0.10914
0.21851,0.18898,0.55389
0.2264,0.18435,0.64743
0.24867,0.18142,0.76276
0.28846,0.17656,0.88614
0.28755,0.17943,0.97697
0.031327,0.18867,0.096106
0.2178,0.17388,0.50023
0.22112,0.17623,0.59709
0.23326,0.17807,0.69146
0.26375,0.16883,0.81593
0.30893,0.17391,0.93395
0.26394,0.17007,0.98857
-0.0051268,0.17621,0.11087
0.21765,0.16934,0.52581
0.22316,0.17016,0.61905
0.24053,0.16435,0.7285
0.27297,0.16297,0.84435
0.30847,0.15857,0.96893
0.024677,0.1682,0.083307
-0.24261,0.1839,0.027159
0.21824,0.15447,0.54584
0.22668,0.15857,0.64963
0.24441,0.15461,0.74486
0.28112,0.15162,0.86659
0.29385,0.15147,0.97621
0.023235,0.16377,0.099726
-0.24756,0.17148,0.04517
0.21851,0.14692,0.55394
0.22827,0.14986,0.65991
0.25026,0.14728,0.76922
0.29297,0.14539,0.89701
0.28673,0.14682,0.97979
0.0078162,0.15024,0.11235
-0.22222,0.16201,0.076623
0.21898,0.1361,0.56762
0.23062,0.14027,0.67503
0.25557,0.14025,0.78815
0.29772,0.13848,0.90844
0.27727,0.13599,0.9848
0.010949,0.14372,0.11272
0.14355,0.13323,0.41651
0.22041,0.12502,0.58748
0.23258,0.13097,0.68768
0.25877,0.12728,0.79954
0.30473,0.12117,0.92487
0.26845,0.13001,0.98922
-0.006902,0.12922,0.1141
0.14487,0.12036,0.41995
0.21973,0.12178,0.57828
0.23241,0.12247,0.68661
0.25668,0.11768,0.7921
0.30534,0.11572,0.92619
0.26991,0.12068,0.9891
-0.014545,0.12038,0.11487
0.14467,0.11285,0.41942
0.21967,0.11534,0.57749
0.23245,0.11389,0.68685
0.25589,0.11299,0.78928
0.30467,0.1098,0.92474
0.2677,0.1064,0.99091
-0.018116,0.11541,0.11529
0.14379,0.10174,0.41713
0.22006,0.10571,0.58278
0.23171,0.099566,0.68208
0.257,0.10459,0.79326
0.30758,0.10106,0.93104
0.27054,0.10342,0.98973
-0.036366,0.10459,0.11642
-0.18804,0.11166,0.11157
0.21885,0.095645,0.56391
0.2312,0.096751,0.67881
0.25537,0.092457,0.78744
0.29954,0.093108,0.91283
0.28255,0.091718,0.98469
-0.011388,0.091068,0.11679
-0.13798,0.090658,0.11535
0.2177,0.086683,0.53012
0.22359,0.086141,0.62282
0.24271,0.084244,0.73769
0.27436,0.07964,0.84826
0.30753,0.081875,0.9736
-0.0042902,0.07905,0.087943
-0.11196,0.081905,0.090912
0.21784,0.073498,0.49393
0.2212,0.077186,0.59818
0.23538,0.077459,0.70227
0.26198,0.077024,0.81045
0.31299,0.069426,0.94273
0.26558,0.069929,0.99344
-0.042846,0.07615,0.1185
-0.15575,0.070084,0.11518
0.21849,0.066964,0.55325
0.22804,0.068669,0.65842
0.24988,0.064059,0.76781
0.28633,0.061159,0.88071
0.29227,0.063448,0.98131
-0.010318,0.060499,0.10795
-0.11174,0.064752,0.11795
0.21776,0.057334,0.50758
0.22166,0.053829,0.60436
0.23787,0.058046,0.71493
0.27043,0.054844,0.83652
0.32173,0.053322,0.96163
-0.012467,0.053885,0.063419
-0.070572,0.049141,0.12071
-0.050791,0.045699,0.23683
0.21981,0.050599,0.57941
0.23211,0.050516,0.68469
0.25828,0.044092,0.79781
0.30558,0.040469,0.92671
0.27417,0.04322,0.99017
-0.01671,0.040825,0.10797
-0.033268,0.037834,0.18995
0.21773,0.035498,0.5119
0.22237,0.035145,0.61217
0.23977,0.032136,0.72464
0.27145,0.040261,0.83965
0.32139,0.037158,0.96856
0.12585,0.029992,0.11041
0.029471,0.026187,0.11729
-0.023965,0.027652,0.16483
0.21787,0.032127,0.48809
0.2195,0.02857,0.57516
0.23175,0.024267,0.68233
0.25815,0.030152,0.79736
0.30737,0.022964,0.93058
0.27338,0.029771,0.99087
0.052771,0.024556,0.11563
-0.020024,0.018773,0.14408
-0.020863,0.020797,0.24683
0.21848,0.018706,0.55312
0.22731,0.020317,0.65372
0.24762,0.015387,0.75835
0.28579,0.022349,0.87924
0.29383,0.017235,0.98156
0.077113,0.0070283,0.11389
-0.0077441,0.0098256,0.11995
-0.018315,0.0086959,0.20933
0.21767,0.01218,0.52185
0.2243,0.013842,0.62903
0.2395,0.0088439,0.72328
0.27543,0.0056487,0.85115
0.31588,0.010884,0.97145
0.11468,-0.0030448,0.11121
0.022911,0.0036004,0.11776
-0.01883,0.0018569,0.18403
0.21781,0.00043369,0.49892
0.22095,-0.0032695,0.59475
0.23412,-0.0031739,0.69583
0.2602,-0.00038881,0.80463
0.3135,0.0041234,0.94385
0.26341,0.0041269,0.99569
0.047286,-0.0048531,0.11602
-0.023976,-0.013198,0.14269
-0.022123,-0.009371,0.257
0.21881,-0.006206,0.56268
0.22811,-0.010566,0.65887
0.25093,-0.0051492,0.77161
0.29549,-0.004885,0.90308
0.28721,-0.0065246,0.98481
0.039713,-0.020901,0.11656
-0.025958,-0.015781,0.16355
-0.031315,-0.021868,0.24699
0.21944,-0.02309,0.57438
0.22983,-0.016752,0.66994
0.25679,-0.015571,0.79248
0.29941,-0.019491,0.91254
0.28477,-0.021992,0.98588
-0.019262,-0.026185,0.12039
-0.03599,-0.025456,0.2062
0.21821,-0.031371,0.54516
0.22583,-0.027558,0.64243
0.24469,-0.027129,0.74603
0.28159,-0.026601,0.86787
0.30766,-0.026817,0.97529
-0.017521,-0.036455,0.11965
-0.11718,-0.043647,0.11792
0.21774,-0.039699,0.53134
0.22282,-0.040641,0.61607
0.24234,-0.032265,0.73616
0.2764,-0.035122,0.8538
0.31446,-0.037067,0.97207
-0.010346,-0.045946,0.077697
-0.066339,-0.049752,0.11983
0.1426,-0.05184,0.41453
0.2199,-0.04828,0.58063
0.23105,-0.042794,0.67783
0.25828,-0.041583,0.79779
0.30045,-0.0408,0.91503
0.27816,-0.043061,0.98875
-0.017303,-0.05629,0.1183
-0.13207,-0.061171,0.11632
0.21772,-0.053536,0.53066
0.22498,-0.054063,0.63502
0.24265,-0.057202,0.73747
0.27648,-0.051521,0.85401
0.30793,-0.058158,0.97478
-0.0018846,-0.071986,0.099829
-0.12344,-0.075778,0.081826
0.21783,-0.069335,0.49421
0.22074,-0.065408,0.59194
0.23355,-0.062748,0.69294
0.26041,-0.059559,0.80538
0.30916,-0.065678,0.93446
0.26094,-0.059726,0.9964
-0.051003,-0.077506,0.1176
-0.18817,-0.083321,0.11215
0.21933,-0.076813,0.57295
0.23134,-0.072185,0.6797
0.25535,-0.077687,0.78738
0.30058,-0.067607,0.91535
0.27401,-0.076757,0.98994
-0.019825,-0.094387,0.11577
-0.17523,-0.095428,0.11239
0.2185,-0.082813,0.5537
0.23017,-0.086487,0.67213
0.25085,-0.08088,0.77131
0.29272,-0.085661,0.89641
0.29016,-0.078202,0.98246
0.0060219,-0.09632,0.11292
-0.16887,-0.10795,0.11223
0.21839,-0.089773,0.55044
0.22768,-0.094508,0.65611
0.25025,-0.090597,0.7692
0.285,-0.094233,0.8771
0.29465,-0.09192,0.98004
0.010252,-0.10934,0.10919
-0.17755,-0.1151,0.1034
0.2187,-0.1012,0.55945
0.22987,-0.10493,0.67024
0.25158,-0.098312,0.77394
0.29416,-0.10117,0.89988
0.28345,-0.10055,0.98483
0.012541,-0.11638,0.10924
-0.18928,-0.12362,0.10959
0.21908,-0.10862,0.56946
0.23027,-0.11205,0.67283
0.25464,-0.10553,0.78482
0.30053,-0.1058,0.91524
0.27609,-0.11267,0.98771
-0.013333,-0.13229,0.11305
0.21773,-0.12201,0.51117
0.22244,-0.12451,0.61276
0.23839,-0.11909,0.71758
0.26994,-0.12199,0.83499
0.32236,-0.11246,0.96301
0.018868,-0.13586,0.063345
-0.029447,-0.13629,0.11313
0.21768,-0.12541,0.52002
0.22216,-0.13207,0.61028
0.23761,-0.12871,0.71362
0.26942,-0.12924,0.8334
0.32277,-0.12653,0.96561
0.024323,-0.15264,0.067502
-0.025252,-0.15537,0.11175
0.21773,-0.14295,0.51231
0.22156,-0.13464,0.60306
0.23919,-0.14108,0.72167
0.27126,-0.1401,0.83907
0.32339,-0.1293,0.96523
0.027247,-0.16165,0.064253
-0.24296,-0.17004,0.024489
0.21834,-0.14367,0.54895
0.225,-0.15203,0.63512
0.24416,-0.14556,0.74382
0.28427,-0.1482,0.87513
0.29435,-0.14764,0.97754
0.030908,-0.17291,0.10494
-0.24478,-0.18083,0.039903
0.21889,-0.15502,0.56499
0.22847,-0.15574,0.66122
0.2533,-0.15191,0.78007
0.29722,-0.15632,0.90726
0.28216,-0.15537,0.98269
0.014479,-0.17939,0.10924
0.21801,-0.1658,0.53925
0.22443,-0.17064,0.63018
0.24535,-0.1657,0.74878
0.28091,-0.16022,0.86601
0.30296,-0.16466,0.97255
0.036861,-0.19123,0.10289
0.21776,-0.18049,0.50715
0.22142,-0.17419,0.60106
0.23589,-0.17844,0.70484
0.26668,-0.17318,0.82494
0.31631,-0.1726,0.9499
0.038991,-0.19779,0.075584
0.21783,-0.18087,0.49485
0.22069,-0.18908,0.59121
0.2358,-0.18808,0.70441
0.26445,-0.18153,0.81808
0.31255,-0.17798,0.94178
0.25594,-0.18257,0.99298
-0.0070847,-0.21491,0.1073
0.21907,-0.19117,0.5694
0.22819,-0.19752,0.65937
0.25393,-0.19586,0.78231
0.29158,-0.1891,0.89365
0.28748,-0.18606,0.97817
0.029661,-0.21588,0.10642
0.21769,-0.20125,0.51782
0.22202,-0.20184,0.60914
0.23808,-0.20476,0.716
0.26857,-0.19644,0.83079
0.31841,-0.19293,0.96339
0.053661,-0.23104,0.053292
0.0047931,-0.23123,0.10593
0.21922,-0.21028,0.57143
0.23116,-0.21167,0.67852
0.25608,-0.21426,0.78997
0.29632,-0.20341,0.90508
0.27972,-0.2043,0.98035
0.042749,-0.23272,0.10499
0.21766,-0.22447,0.52425
0.22298,-0.21812,0.61745
0.24025,-0.22397,0.72706
0.27394,-0.2218,0.84712
0.3139,-0.21649,0.9636
0.052021,-0.24391,0.054325
-0.0024692,-0.24768,0.10497
0.219,-0.22959,0.56837
0.23005,-0.23158,0.67139
0.25333,-0.22739,0.78016
0.29813,-0.22486,0.90943
0.27249,-0.22969,0.98144
0.046995,-0.256,0.10331
0.21773,-0.23663,0.53095
0.22463,-0.24005,0.63189
0.24308,-0.24305,0.73927
0.27905,-0.23888,0.86098
0.29732,-0.23391,0.9696
0.060077,-0.26269,0.080088
0.21775,-0.24704,0.50892
0.16959,-0.25867,0.57118
0.23797,-0.24922,0.71544
0.27207,-0.24545,0.84158
0.31814,-0.24027,0.95941
0.063048,-0.27183,0.064609
0.16207,-0.26207,0.46121
0.16959,-0.26329,0.56969
0.16959,-0.26755,0.659
0.27066,-0.2514,0.83724
0.3171,-0.25081,0.9589
0.031722,-0.28917,0.07785
0.16959,-0.27003,0.54689
0.12561,-0.27394,0.69047
-0.0060937,-0.29213,0.69047
0.016476,-0.29412,0.07503
0.087376,-0.29551,0.69047
-0.047259,-0.30151,0.69047
0.12768,-0.30022,0.69047
-0.01155,-0.30685,0.69047
0.099466,-0.30631,0.69047
-0.19474,0.28153,0.5917
-0.28169,0.20522,0.062804
-0.25588,0.23047,0.43376
-0.19294,0.27991,0.59875
-0.27446,0.20476,0.057531
-0.23444,0.23047,0.41952
-0.19738,0.25701,0.55428
-0.25202,0.20531,0.0096133
-0.26814,0.19538,0.091586
-0.19284,0.24979,0.48062
-0.19655,0.25209,0.58179
-0.25071,0.19209,0.049271
-0.29028,0.16059,0.10361
-0.19679,0.23951,0.50342
-0.14191,0.28842,0.66646
-0.24948,0.18182,0.069384
-0.16679,0.24979,0.44909
-0.22189,0.20888,0.48768
-0.17393,0.23955,0.66161
-0.2547,0.16968,0.10528
-0.15654,0.24979,0.48389
-0.24518,0.16641,0.48768
-0.15189,0.24972,0.67649
-0.2519,0.15038,0.10626
-0.13867,0.24778,0.48768
-0.23945,0.15749,0.48768
-0.1495,0.24002,0.67767
-0.2476,0.14206,0.10685
-0.13283,0.23672,0.48768
-0.22134,0.16786,0.48768
-0.12615,0.24133,0.68657
-0.24534,0.13238,0.10739
-0.12641,0.23613,0.48768
-0.21731,0.15459,0.48768
-0.12482,0.23675,0.68684
-0.24791,0.11648,0.10791
-0.12665,0.22781,0.48768
-0.21111,0.14938,0.48768
-0.19844,0.14474,0.064657
-0.098533,0.23047,0.41045
-0.12028,0.20881,0.48768
-0.0349,0.28842,0.67887
-0.18787,0.13706,0.067981
-0.23189,0.10446,0.10934
-0.090061,0.22536,0.48768
-0.01786,0.28842,0.67349
-0.2834,0.054455,0.48768
-0.20423,0.10964,0.11072
-0.065239,0.22682,0.48768
-0.15392,0.15459,0.48768
-0.061452,0.23419,0.69047
-0.17264,0.126,0.11049
-0.039505,0.24979,0.47929
-0.11658,0.1737,0.48768
-0.026253,0.25966,0.69047
-0.16849,0.12298,0.064608
-0.20611,0.081606,0.11179
-0.04501,0.22237,0.48768
-0.13631,0.14655,0.48768
-0.040887,0.23088,0.69047
-0.15345,0.11205,0.076651
-0.0084954,0.24979,0.45156
-0.061559,0.20051,0.48768
0.04134,0.28842,0.68941
-0.23261,0.041556,0.48768
-0.1505,0.10991,0.08739
0.012132,0.24979,0.46536
-0.055508,0.18959,0.48768
0.052405,0.28278,0.69047
-0.23924,0.027508,0.48768
-0.13928,0.10176,0.098921
0.0027758,0.23047,0.42117
-0.027735,0.20676,0.48768
0.064608,0.28821,0.69047
-0.20629,0.038681,0.48768
-0.13242,0.096773,0.086934
0.041111,0.24979,0.45318
-0.0088238,0.20678,0.48768
0.082548,0.28842,0.6817
-0.1774,0.051361,0.48768
-0.28213,-0.031038,0.48768
-0.12663,0.090336,0.11602
0.049804,0.24979,0.484
-0.026888,0.17739,0.48768
0.075403,0.2683,0.69047
-0.20908,0.017976,0.48768
-0.012138,0.18375,0.11051
-0.11758,0.081584,0.11691
0.067837,0.24979,0.48646
-0.0099333,0.18276,0.48768
0.082664,0.27212,0.69047
-0.17746,0.020518,0.48768
-0.28326,-0.068863,0.48768
-0.10335,0.075649,0.091015
0.076064,0.24979,0.4589
0.034333,0.20562,0.48768
0.12594,0.28618,0.69047
-0.14047,0.044833,0.48768
-0.23659,-0.034084,0.48768
-0.024279,0.13674,0.11397
-0.10179,0.0742,0.11813
0.094614,0.24979,0.47178
0.029308,0.18851,0.48768
0.12907,0.28059,0.69047
-0.14003,0.028549,0.48768
-0.23839,-0.062258,0.48768
-0.023419,0.13694,0.11394
-0.088256,0.064685,0.10682
0.11017,0.24979,0.48359
0.036149,0.18716,0.48768
0.13019,0.27519,0.69047
-0.13002,0.027844,0.48768
-0.23098,-0.066087,0.48768
-0.005071,0.13332,0.11378
-0.083504,0.061232,0.11363
0.12355,0.24979,0.46372
0.062225,0.1938,0.48768
0.1596,0.28379,0.69047
-0.10163,0.039291,0.48768
-0.18957,-0.039357,0.48768
-0.2839,-0.13191,0.48768
-0.034118,0.091076,0.11729
0.11633,0.23047,0.41228
0.13742,0.24979,0.52232
0.13716,0.24979,0.61929
0.12028,0.23833,0.69047
-0.14176,-0.015889,0.48768
-0.25251,-0.10495,0.48768
-0.0085556,0.10188,0.11599
-0.070003,0.044263,0.13819
0.14218,0.24979,0.50753
0.14835,0.24979,0.59971
0.15673,0.25335,0.69047
-0.11641,0.0067867,0.48768
-0.20955,-0.086747,0.48768
0.0045224,0.10617,0.082105
-0.03785,0.060718,0.11944
0.15429,0.24979,0.46481
0.15799,0.24979,0.56655
0.16102,0.24979,0.64576
-0.063622,0.036965,0.48768
-0.1535,-0.044296,0.48768
-0.25266,-0.13834,0.48768
-0.0072718,0.069874,0.10793
-0.036766,0.040518,0.17083
0.16959,0.23902,0.5336
0.16959,0.24434,0.63097
-0.033197,0.055297,0.48768
-0.1174,-0.025098,0.48768
-0.22079,-0.1215,0.48768
-0.014114,0.048815,0.089989
-0.036622,0.040408,0.16547
0.16959,0.23184,0.52062
0.16959,0.23353,0.61132
0.16112,0.23047,0.69439
-0.1017,-0.033459,0.48768
-0.19323,-0.11572,0.48768
-0.015365,0.035615,0.073037
-0.027979,0.032882,0.16217
0.18112,0.23047,0.52177
0.18166,0.23047,0.6181
0.18327,0.23047,0.70545
0.1846,0.23047,0.80036
-0.18755,-0.13422,0.48768
-0.0074911,0.035615,0.068126
-0.019843,0.018336,0.15045
0.1901,0.23047,0.5243
0.19693,0.23047,0.61897
0.19239,0.23047,0.70518
0.2005,0.23047,0.80263
-0.17236,-0.1247,0.48768
0.0070445,0.035615,0.067679
-0.018365,0.0090809,0.12604
0.2049,0.23047,0.52516
0.2017,0.23047,0.60836
0.20379,0.23047,0.70474
0.20112,0.23047,0.79031
0.2091,0.23047,0.88181
-0.25435,-0.22148,0.48768
0.01268,0.022062,0.11849
0.21229,0.23047,0.49676
0.21443,0.23047,0.58279
0.21386,0.23047,0.67262
0.21946,0.23047,0.75972
0.21681,0.23047,0.85003
-0.20636,-0.18447,0.48768
0.033549,0.035551,0.117
-0.039028,-0.034011,0.12029
0.21834,0.21185,0.54886
0.22699,0.22691,0.65166
0.22792,0.23047,0.74454
0.23238,0.23047,0.83912
0.23032,0.23047,0.92207
0.057296,0.035615,0.080402
0.0016709,-0.0090732,0.11928
0.21786,0.19759,0.49036
0.22081,0.2111,0.5929
0.23569,0.22797,0.70384
0.23942,0.23047,0.78991
0.24171,0.23047,0.88821
0.24727,0.23047,0.97288
0.053913,0.035615,0.11222
-0.01243,-0.03953,0.11461
0.21763,0.18948,0.52799
0.22439,0.2066,0.62978
0.24467,0.22404,0.74596
0.25881,0.23047,0.8437
0.25588,0.23047,0.9232
0.076803,0.035615,0.07732
0.032722,-0.0052596,0.11706
-0.041014,-0.079928,0.11722
0.21887,0.17974,0.56438
0.2289,0.18855,0.66398
0.25256,0.21182,0.77742
0.25968,0.23047,0.88395
0.27206,0.22798,0.97975
-0.21154,-0.25237,0.57441
0.079156,0.031788,0.11374
-0.0046523,-0.063468,0.094809
0.21771,0.16805,0.5148
0.22254,0.16582,0.61361
0.23828,0.18745,0.71702
0.2779,0.22524,0.85787
0.27804,0.23047,0.94879
-0.19738,-0.25895,0.52531
-0.18689,-0.25237,0.64871
0.057467,-0.0076331,0.11529
-0.01302,-0.09173,0.1158
0.21836,0.15739,0.54961
0.22646,0.16748,0.64796
0.24939,0.18426,0.76576
0.29216,0.23047,0.90269
0.27661,0.21408,0.97896
-0.19724,-0.27143,0.57125
0.1061,0.024275,0.11182
0.00084334,-0.080382,0.099797
0.21775,0.14456,0.50825
0.22133,0.14076,0.59988
0.23968,0.16453,0.72416
0.28019,0.21148,0.86406
0.29823,0.22495,0.96797
-0.19738,-0.29412,0.55238
0.1286,0.035227,0.11021
0.007615,-0.10122,0.081854
0.21786,0.12639,0.49016
0.22006,0.12733,0.58277
0.23264,0.14165,0.68807
0.26239,0.17368,0.81172
0.30688,0.21796,0.96464
0.25296,0.16539,0.99399
0.12306,0.0054907,0.11061
0.0073637,-0.10188,0.11466
0.21807,0.12018,0.54106
0.22609,0.12379,0.64465
0.24689,0.1391,0.75528
0.29663,0.19401,0.90582
0.28437,0.185,0.97801
0.13727,0.017487,0.10959
0.010085,-0.11513,0.1137
0.21768,0.10478,0.52098
0.22381,0.10954,0.62479
0.24218,0.12872,0.7355
0.28605,0.17566,0.87993
0.29336,0.17801,0.9744
-0.12948,-0.26763,0.68559
0.01566,-0.12598,0.071673
0.21786,0.086642,0.4903
0.22017,0.082788,0.58419
0.23569,0.1115,0.70384
0.27288,0.15064,0.84407
0.30682,0.18751,0.96747
0.25356,0.12607,0.99632
0.021203,-0.14304,0.067236
0.21783,0.078014,0.49502
0.2213,0.076083,0.59946
0.23753,0.10161,0.71322
0.27075,0.13398,0.83752
0.30614,0.16999,0.96913
0.25521,0.11586,0.99616
0.023709,-0.15076,0.067264
0.21786,0.053149,0.49069
0.22057,0.062718,0.58969
0.23711,0.082134,0.71106
0.2674,0.10661,0.82717
0.30899,0.1549,0.96897
0.25386,0.092452,0.99788
0.026401,-0.15904,0.083002
0.21773,0.049419,0.51158
0.22102,0.041143,0.59569
0.23754,0.060091,0.71325
0.2797,0.11387,0.86274
0.30131,0.13214,0.97395
-0.057373,-0.25237,0.67453
0.03186,-0.17584,0.089416
0.21774,0.033511,0.51072
0.22293,0.039631,0.61707
0.24131,0.065343,0.73182
0.28369,0.1066,0.87355
0.29806,0.11087,0.97671
-0.065779,-0.27684,0.69047
0.026466,-0.19667,0.1078
0.21802,0.021407,0.53951
0.22579,0.024224,0.64207
0.24868,0.058443,0.7628
0.29701,0.10017,0.90674
0.28338,0.087967,0.98447
-0.076745,-0.30885,0.69047
0.011011,-0.21889,0.10663
0.21849,0.0012201,0.55341
0.22904,0.0097459,0.66485
0.25317,0.037128,0.77959
0.31802,0.1141,0.9536
0.27013,0.069173,0.99137
0.027785,-0.22448,0.036815
0.0035062,-0.26017,0.10399
0.21905,-0.016728,0.56917
0.23346,0.0067419,0.69248
0.26558,0.037691,0.82155
0.31777,0.098538,0.96817
0.25626,0.030732,0.99874
0.04417,-0.21373,0.097764
0.21771,-0.030708,0.51586
0.22368,-0.01803,0.62357
0.23994,-0.0069776,0.7255
0.29056,0.059624,0.89121
0.29565,0.058856,0.97987
0.0564,-0.22448,0.035031
0.030075,-0.25277,0.10391
0.21849,-0.031599,0.55339
0.2275,-0.034418,0.65495
0.25465,0.0075759,0.78485
0.31715,0.077956,0.95172
0.27372,0.028808,0.99073
0.050732,-0.23392,0.071286
0.21785,-0.049491,0.4908
0.22105,-0.048276,0.59615
0.23659,-0.033975,0.70843
0.26821,-0.0010049,0.82966
0.30543,0.046721,0.97567
0.065686,-0.2448,0.037608
0.039417,-0.27551,0.10216
0.21893,-0.068827,0.56619
0.23092,-0.056522,0.677
0.26593,-0.008641,0.82264
0.3144,0.040257,0.9717
0.26012,-0.022748,0.99724
0.055703,-0.26458,0.10254
0.21901,-0.076628,0.56856
0.22877,-0.073293,0.66313
0.25762,-0.037041,0.79546
0.32261,0.034979,0.96805
0.26283,-0.033428,0.9959
0.21766,-0.10599,0.5288
0.22577,-0.083804,0.64192
0.24894,-0.062776,0.76389
0.29957,-0.0093388,0.91291
0.28424,-0.0233,0.98612
0.21782,-0.12191,0.53363
0.22624,-0.11103,0.64599
0.25135,-0.080572,0.7731
0.31463,0.0061575,0.94628
0.27209,-0.052688,0.99144
0.21847,-0.12415,0.55281
0.22842,-0.11584,0.66085
0.25816,-0.087392,0.79738
0.32305,-0.0074745,0.9645
0.26766,-0.067225,0.99311
0.21889,-0.14344,0.56504
0.23053,-0.13144,0.67445
0.26339,-0.084104,0.8148
0.31495,-0.021859,0.97198
0.25718,-0.094813,0.99719
0.21965,-0.15876,0.57722
0.23412,-0.14311,0.69585
0.2647,-0.1079,0.81886
0.30973,-0.045464,0.97418
0.21785,-0.17106,0.49105
0.21992,-0.17831,0.58082
0.23432,-0.1564,0.69688
0.27434,-0.10689,0.84821
0.3074,-0.068852,0.97475
0.21777,-0.18924,0.5049
0.22198,-0.18295,0.60873
0.24229,-0.15084,0.73594
0.28674,-0.11311,0.8818
0.28783,-0.10164,0.98277
0.21765,-0.21397,0.52458
0.22425,-0.20548,0.62862
0.25191,-0.15741,0.7751
0.30019,-0.11077,0.91441
0.274,-0.14002,0.98737
0.21842,-0.22373,0.55137
0.22671,-0.21549,0.64983
0.2575,-0.17254,0.79502
0.32232,-0.091401,0.9673
0.25716,-0.1733,0.99313
0.21946,-0.23973,0.57469
0.23403,-0.21413,0.69536
0.27475,-0.16381,0.84931
0.30289,-0.1308,0.97459
0.21779,-0.25027,0.50214
0.2283,-0.24375,0.66008
0.26273,-0.19017,0.81277
0.31629,-0.13162,0.96837
0.25657,-0.20623,0.99088
0.26109,-0.21139,0.80771
0.31841,-0.14387,0.96667
0.24089,-0.24747,0.73004
0.29367,-0.18168,0.8987
0.28229,-0.20522,0.9791
0.27432,-0.22209,0.84816
0.29883,-0.19786,0.97204
0.29627,-0.22022,0.90497
0.27888,-0.24877,0.86052
0.29591,-0.23863,0.96981
0.30747,-0.24908,0.9308
-0.31449,-0.15271,0.10193
-0.28667,0.13027,0.48768
-0.29393,0.010396,0.48768
-0.26735,0.22215,0.43379
-0.26873,0.17641,0.48768
-0.28767,0.0713,0.48768
-0.29635,-0.043887,0.48768
-0.25944,0.23047,0.41253
-0.25614,0.22696,0.48768
-0.27396,0.11049,0.48768
-0.28466,-0.0069392,0.48768
-0.28182,-0.12924,0.0046683
-0.24966,0.23047,0.44206
-0.256,0.1736,0.48768
-0.26144,0.065412,0.48768
-0.278,-0.048593,0.48768
-0.24879,0.11761,0.10781
-0.24018,0.23047,0.4516
-0.24104,0.18027,0.48768
-0.25645,0.066617,0.48768
-0.2612,-0.045339,0.48768
-0.27345,-0.17559,0.48768
-0.26106,-0.10561,0.076943
-0.23363,0.22686,0.48768
-0.23542,0.12464,0.48768
-0.25129,0.010907,0.48768
-0.25583,-0.11378,0.48768
-0.22805,0.10957,0.10935
-0.2189,0.23047,0.42968
-0.21405,0.28842,0.58164
-0.22981,0.070509,0.48768
-0.23907,-0.044295,0.48768
-0.25857,-0.16633,0.48768
-0.22067,0.092667,0.11048
-0.21105,0.24979,0.48093
-0.20777,0.28842,0.59882
-0.2259,0.049873,0.48768
-0.23543,-0.078271,0.48768
-0.25079,-0.20857,0.48768
-0.229,-0.082311,0.079339
-0.19961,0.24979,0.48783
-0.19932,0.28842,0.6102
-0.21837,0.025722,0.48768
-0.22843,-0.080273,0.48768
-0.23903,-0.2159,0.48768
-0.2153,-0.072356,0.082094
-0.1943,0.24979,0.47951
-0.19665,0.14784,0.48768
-0.19014,0.2349,0.64507
-0.21856,-0.086157,0.48768
-0.22557,-0.20581,0.48768
-0.20663,-0.066062,0.083486
-0.182,0.24979,0.46555
-0.18453,0.16989,0.48768
-0.18509,0.24171,0.65083
-0.20191,-0.063627,0.48768
-0.21453,-0.20169,0.48768
-0.18025,0.093248,0.1128
-0.2008,-0.084897,0.11135
-0.17567,0.20929,0.48768
-0.17509,0.28842,0.64952
-0.19101,-0.022871,0.48768
-0.20042,-0.14807,0.48768
-0.21017,-0.25237,0.50479
-0.20626,-0.25237,0.6131
-0.17941,0.064708,0.11404
-0.16709,0.23047,0.41579
-0.1673,0.20747,0.48768
-0.16287,0.28842,0.65006
-0.17802,-0.0073027,0.48768
-0.18968,-0.14465,0.48768
-0.19202,-0.26562,0.49443
-0.16115,0.11602,0.11294
-0.17519,-0.043217,0.09611
-0.15768,0.24979,0.47397
-0.16122,0.16025,0.48768
-0.15583,0.26806,0.67455
-0.17263,-0.060706,0.48768
-0.18307,-0.1934,0.48768
-0.1804,-0.26089,0.65594
-0.15696,0.063993,0.11537
-0.16027,-0.073331,0.11418
-0.14976,0.23083,0.48768
-0.1578,0.12591,0.48768
-0.14838,0.23052,0.67822
-0.16654,-0.11872,0.48768
-0.17464,-0.24284,0.48768
-0.1487,0.1086,0.11294
-0.15177,-0.0262,0.086172
-0.13811,0.23047,0.42459
-0.14265,0.19494,0.48768
-0.14332,0.098096,0.48768
-0.1551,-0.02834,0.48768
-0.15388,-0.15342,0.48768
-0.15917,-0.25237,0.65715
-0.13995,0.082301,0.11558
-0.14277,-0.019662,0.10592
-0.12518,0.24979,0.46356
-0.13322,0.17192,0.48768
-0.13076,0.28842,0.67947
-0.1426,-0.058733,0.48768
-0.14928,-0.1837,0.48768
-0.15008,-0.26339,0.67738
-0.12916,0.05905,0.11718
-0.13516,-0.044844,0.11683
-0.11565,0.24545,0.48768
-0.12543,0.14077,0.48768
-0.11804,0.26175,0.68819
-0.13073,-0.087815,0.48768
-0.14459,-0.22336,0.48768
-0.12,0.087746,0.090987
-0.11586,0.018852,0.11964
-0.1067,0.23047,0.42426
-0.11526,0.19635,0.48768
-0.11676,0.091427,0.48768
-0.12603,-0.019276,0.48768
-0.13061,-0.14745,0.48768
-0.1283,-0.25237,0.67544
-0.10394,0.065925,0.11835
-0.11512,-0.027519,0.11871
-0.099194,0.24322,0.48768
-0.10183,0.13075,0.48768
-0.098386,0.2647,0.69032
-0.11682,-0.11055,0.48768
-0.1218,-0.23774,0.48768
-0.093312,0.068358,0.093075
-0.095378,0.017639,0.13737
-0.092063,0.24979,0.46497
-0.090247,0.17875,0.48768
-0.087294,0.28842,0.67691
-0.10558,-0.057555,0.48768
-0.10948,-0.1727,0.48768
-0.11283,-0.29542,0.68922
-0.087628,0.036311,0.12054
-0.089958,0.028967,0.20646
-0.082055,0.2274,0.48768
-0.084338,0.1324,0.48768
-0.086867,0.2451,0.69047
-0.094018,-0.10762,0.48768
-0.10147,-0.2493,0.48768
-0.07978,0.058527,0.098487
-0.081373,0.038058,0.17608
-0.071725,0.24979,0.46881
-0.071162,0.16123,0.48768
-0.075404,0.28842,0.68642
-0.084883,-0.065032,0.48768
-0.083052,-0.18496,0.48768
-0.088404,-0.27213,0.69047
-0.069346,0.046075,0.12071
-0.064252,0.045685,0.22172
-0.063123,0.22584,0.48768
-0.065895,0.12368,0.48768
-0.059787,0.25133,0.69047
-0.072571,-0.11023,0.48768
-0.075045,-0.24558,0.48768
-0.056189,0.10301,0.11626
-0.055851,0.046365,0.15266
-0.055236,0.23047,0.42373
-0.056708,0.19681,0.48768
-0.061601,0.081366,0.48768
-0.064921,-0.025445,0.48768
-0.062342,-0.14544,0.48768
-0.061846,-0.25237,0.68572
-0.047125,0.075235,0.11865
-0.046874,0.045068,0.18368
-0.045149,0.24979,0.46562
-0.046159,0.17266,0.48768
-0.040985,0.28842,0.68044
-0.046568,-0.06059,0.48768
-0.04906,-0.18662,0.48768
-0.053154,-0.29396,0.69047
-0.03708,0.040759,0.12192
-0.043172,0.043535,0.21928
-0.038857,0.23697,0.48768
-0.037472,0.125,0.48768
-0.038685,0.24808,0.69047
-0.04248,-0.11326,0.48768
-0.046597,-0.25896,0.48768
-0.027781,0.11868,0.11528
-0.032352,0.037131,0.13295
-0.029617,0.23047,0.42032
-0.029861,0.2117,0.48768
-0.027654,0.10065,0.48768
-0.027479,-0.016944,0.48768
-0.030204,-0.14496,0.48768
-0.032179,-0.2694,0.48768
-0.022901,0.083915,0.11753
-0.023264,0.026594,0.16182
-0.014679,0.24979,0.46023
-0.014804,0.17516,0.48768
-0.021005,0.28842,0.67676
-0.023752,-0.05281,0.48768
-0.022333,-0.17829,0.48768
-0.01732,-0.29265,0.69047
-0.0093214,0.035615,0.099642
-0.0065268,-0.057699,0.10673
-0.0084644,0.24979,0.48691
-0.011911,0.14795,0.48768
-0.011071,0.27561,0.69047
-0.0068761,-0.098257,0.48768
-0.015289,-0.21438,0.48768
-0.0037092,0.11761,0.11482
-0.0027599,0.021464,0.11959
0.0026639,0.23047,0.41872
-0.0010813,0.19844,0.48768
-0.00081151,0.085653,0.48768
-0.0019811,-0.024907,0.48768
-0.00057484,-0.14602,0.48768
-0.00034786,-0.25237,0.68934
0.010681,0.02279,0.11863
0.008954,0.24979,0.45049
0.0097645,0.18675,0.48768
0.013092,0.28842,0.67347
0.0071326,-0.03483,0.48768
0.0053262,-0.16651,0.48768
0.0056415,-0.26867,0.69047
0.020503,0.0091635,0.11793
0.019167,0.2482,0.48768
0.015807,0.14591,0.48768
0.016726,0.27532,0.69047
0.025763,-0.092564,0.48768
0.026351,-0.22415,0.48768
0.029385,0.035615,0.064036
0.027094,-0.013525,0.11746
0.028748,0.2235,0.48768
0.028951,0.11883,0.48768
0.028102,0.24186,0.69047
0.027503,-0.12622,0.48768
0.03577,-0.25421,0.48768
0.035379,0.035615,0.091228
0.033516,0.23047,0.42296
0.0358,0.19343,0.48768
0.034419,0.090058,0.48768
0.035346,-0.027009,0.48768
0.047483,-0.15529,0.48768
0.045309,-0.25287,0.69047
0.047913,0.035615,0.1137
0.045661,0.24979,0.48129
0.042743,0.16339,0.48768
0.040828,0.27882,0.69047
0.05026,-0.078174,0.48768
0.055896,-0.2155,0.48768
0.055975,0.035615,0.07308
0.058411,-0.018273,0.11523
0.056093,0.2171,0.48768
0.056165,0.11959,0.48768
0.056001,-0.013358,0.48768
0.060053,-0.12056,0.48768
0.067678,-0.26549,0.48768
0.072473,0.035615,0.10181
0.06076,0.24979,0.46031
0.062994,0.17353,0.48768
0.060121,0.28842,0.67502
0.075673,-0.051017,0.48768
0.07236,-0.18523,0.48768
0.070752,-0.26201,0.69047
0.078801,0.0067104,0.11377
0.070183,0.22964,0.48768
0.076801,0.12481,0.48768
0.071758,0.24933,0.69047
0.087829,-0.11835,0.48768
0.088353,-0.25017,0.48768
0.094062,0.035615,0.10045
0.086565,0.24979,0.4606
0.079966,0.17294,0.48768
0.085037,0.28842,0.67222
0.087633,-0.059538,0.48768
0.10019,-0.18452,0.48768
0.10001,-0.28529,0.69047
0.10521,-0.0057424,0.11188
0.096156,0.24141,0.48768
0.09703,0.13216,0.48768
0.086803,0.26308,0.69047
0.098883,-0.097963,0.48768
0.10645,-0.23092,0.48768
0.10861,0.035615,0.081576
0.10506,0.23047,0.41142
0.10355,0.20917,0.48768
0.10326,0.091264,0.48768
0.10648,-0.020843,0.48768
0.11771,-0.1374,0.48768
0.11472,-0.25237,0.67261
0.12183,0.035615,0.10773
0.11045,0.24979,0.46186
0.11274,0.17695,0.48768
0.10895,0.28842,0.67676
0.12648,-0.048466,0.48768
0.12198,-0.18288,0.48768
0.13473,-0.25237,0.55562
0.12792,-0.27188,0.69047
0.13287,0.0015063,0.10991
0.11741,0.23584,0.48787
0.12904,0.13129,0.48768
0.1177,0.25754,0.69047
0.13011,-0.094397,0.48768
0.13892,-0.24257,0.48768
0.14309,-0.23414,0.58904
0.13629,-0.26186,0.69047
0.14269,0.021211,0.10921
0.13053,0.24979,0.47923
0.13436,0.15228,0.48768
0.12761,0.27786,0.69047
0.14071,-0.012543,0.53873
0.14243,-0.091495,0.58035
0.14884,-0.13572,0.6487
0.15463,-0.22434,0.68892
0.14986,0.02975,0.10869
0.13959,0.24979,0.48365
0.14036,0.24979,0.57047
0.13703,0.28597,0.69047
0.14503,0.075827,0.6149
0.15233,0.036836,0.67412
0.15355,-0.086326,0.68198
0.15617,-0.21129,0.69882
0.16326,0.035615,0.088046
0.14848,0.24979,0.46188
0.14447,0.24979,0.55207
0.14511,0.28842,0.67962
0.15075,0.16315,0.66397
0.15458,0.07265,0.68862
0.15985,-0.019286,0.71838
0.16595,-0.11577,0.74872
0.17498,-0.21062,0.78663
0.17164,0.00060949,0.10714
0.15358,0.24979,0.51884
0.15533,0.24979,0.61476
0.1576,0.23047,0.69567
0.16358,0.17365,0.73738
0.16924,0.074513,0.76252
0.17435,-0.023111,0.78398
0.17813,-0.14943,0.79798
0.17551,0.035615,0.075499
0.16094,0.24979,0.46631
0.16029,0.24979,0.56604
0.16453,0.28842,0.68778
0.1698,0.23047,0.72704
0.16971,0.15221,0.7645
0.17404,0.061109,0.78268
0.17957,-0.056127,0.80311
0.18913,-0.15161,0.83611
0.18455,0.035615,0.071905
0.16955,0.24979,0.50471
0.18002,0.23047,0.56467
0.17758,0.23047,0.66052
0.1781,0.23047,0.75923
0.17779,0.15577,0.79677
0.18491,0.069857,0.82218
0.19447,-0.021549,0.85263
0.20271,-0.13637,0.87713
0.19479,0.035615,0.082328
0.18611,0.23047,0.50178
0.1812,0.23047,0.58354
0.18581,0.23047,0.68213
0.18324,0.23047,0.77421
0.18976,0.18533,0.83805
0.19644,0.10377,0.85872
0.19998,-0.031621,0.86966
0.20697,-0.14805,0.8887
0.20579,0.035615,0.086269
0.19223,0.23047,0.51026
0.19309,0.23047,0.60557
0.19827,0.23047,0.68948
0.19155,0.23047,0.78573
0.19655,0.21484,0.85904
0.19877,0.092658,0.86591
0.20931,-0.0044627,0.89506
0.2203,-0.10747,0.92334
0.21884,0.037656,0.028673
0.21426,0.010778,0.10409
0.20424,0.23047,0.54111
0.20109,0.23047,0.63686
0.2016,0.23047,0.72302
0.20059,0.23047,0.81656
0.20545,0.19502,0.88457
0.21739,0.096999,0.9163
0.21782,-0.035913,0.91735
0.2301,-0.14522,0.94703
0.22797,0.037656,0.037854
0.23386,0.0045523,0.10269
0.20863,0.23047,0.54985
0.2125,0.23047,0.64443
0.20805,0.23047,0.73911
0.21568,0.23047,0.83287
0.21692,0.21979,0.91518
0.22064,0.11104,0.92418
0.234,0.014182,0.95586
0.23666,-0.12533,0.96163
0.23525,0.037656,0.030468
0.24349,0.012186,0.10201
0.22035,0.23047,0.67426
0.22507,0.23047,0.77027
0.22168,0.23047,0.85381
0.2243,0.2027,0.93302
0.23407,0.10881,0.95602
0.23768,-0.027263,0.96384
0.25236,-0.12552,0.9957
0.24587,0.035615,0.069015
0.23419,0.23047,0.69758
0.23258,0.23047,0.78947
0.23161,0.23047,0.8875
0.23596,0.20812,0.96012
0.24389,0.093132,0.97732
0.25414,-0.022514,0.99956
0.26084,-0.1908,0.99009
0.26064,-0.0080293,0.051874
0.24082,0.23047,0.80542
0.24326,0.23047,0.89226
0.24496,0.22615,0.97965
0.25016,0.11233,0.99092
0.26753,-0.044041,0.99364
0.27674,-0.21444,0.98091
0.2458,0.23047,0.77209
0.2514,0.23047,0.86734
0.254,0.23047,0.95375
0.25275,0.15612,0.9948
0.26635,0.0078376,0.99431
0.28195,-0.15789,0.98264
0.25879,0.23047,0.83681
0.26009,0.23047,0.92717
0.26818,0.17927,0.98591
0.27159,0.041647,0.9914
0.28619,-0.10921,0.9832
0.26656,0.23047,0.84928
0.27206,0.23047,0.93891
0.27331,0.16605,0.98456
0.28608,0.022128,0.98509
0.30262,-0.14597,0.97383
0.27627,0.23047,0.89338
0.28218,0.21871,0.97595
0.29229,0.082304,0.9806
0.30637,-0.06997,0.9752
0.28898,0.23047,0.91505
0.28902,0.19734,0.9748
0.30214,0.060669,0.97683
0.3212,-0.12231,0.96651
0.30072,0.21404,0.96785
0.31261,0.088401,0.97098
0.30831,0.23047,0.94463
0.31219,0.1376,0.96861
0.31978,0.21855,0.95864
-0.26717,-0.24466,0.41967
-0.21491,-0.30684,0.58929
-0.27684,-0.21022,0.45822
-0.21669,-0.28954,0.55339
-0.30227,-0.16238,0.10223
-0.28272,-0.18476,0.47474
-0.21669,-0.26713,0.5223
-0.20957,-0.27523,0.60987
-0.2955,-0.15388,0.10298
-0.28469,-0.17626,0.47293
-0.22394,-0.24788,0.48768
-0.21574,-0.25467,0.58432
-0.18545,-0.29684,0.65043
-0.29066,-0.1437,0.43423
-0.25804,-0.18204,0.48768
-0.2046,-0.25237,0.51333
-0.20358,-0.25237,0.61104
-0.1681,-0.30074,0.66644
-0.29318,-0.12817,0.43421
-0.26118,-0.17074,0.48768
-0.18528,-0.25875,0.48948
-0.17246,-0.27766,0.6629
-0.25475,-0.16534,0.10486
-0.28762,-0.11361,0.48768
-0.21791,-0.20525,0.48768
-0.17975,-0.25237,0.65377
-0.26756,-0.13019,0.10559
-0.29756,-0.093657,0.44877
-0.26258,-0.13605,0.48768
-0.18229,-0.23438,0.48768
-0.14657,-0.27118,0.67911
-0.2443,-0.14498,0.10632
-0.27802,-0.096283,0.48768
-0.21562,-0.17456,0.48768
-0.1471,-0.25237,0.66199
-0.25342,-0.1128,0.10714
-0.3003,-0.058333,0.4629
-0.24442,-0.12978,0.48768
-0.17274,-0.2066,0.48768
-0.12214,-0.27394,0.68737
-0.22486,-0.12589,0.10824
-0.29958,-0.054583,0.48768
-0.23167,-0.12601,0.48768
-0.1593,-0.21448,0.48768
-0.094448,-0.28782,0.69047
-0.3015,-0.023688,0.42541
-0.28135,-0.047132,0.48768
-0.21343,-0.13983,0.48768
-0.14087,-0.22173,0.48768
-0.081763,-0.29632,0.69047
-0.3017,-0.016014,0.42277
-0.28463,-0.042017,0.48768
-0.2095,-0.11961,0.48768
-0.13443,-0.21437,0.48768
-0.06834,-0.27935,0.69047
-0.19576,-0.12475,0.10997
-0.28958,-0.012577,0.48768
-0.21823,-0.087812,0.48768
-0.14615,-0.18714,0.48768
-0.082651,-0.25237,0.67368
-0.22155,-0.076896,0.10982
-0.30141,0.0056754,0.45364
-0.26468,-0.029429,0.48768
-0.17819,-0.12883,0.48768
-0.10399,-0.20742,0.48768
-0.037131,-0.29224,0.69047
-0.30105,0.019558,0.41662
-0.2857,0.0077292,0.48768
-0.2121,-0.075288,0.48768
-0.14472,-0.15158,0.48768
-0.057816,-0.2579,0.48768
-0.20719,-0.066465,0.10578
-0.2997,0.044316,0.4547
-0.25864,-0.0060575,0.48768
-0.18507,-0.083979,0.48768
-0.10493,-0.17999,0.48768
-0.038447,-0.25237,0.67328
-0.18811,-0.071752,0.11264
-0.29859,0.05899,0.47772
-0.23862,-0.015239,0.48768
-0.17518,-0.084848,0.48768
-0.087963,-0.18423,0.48768
-0.035006,-0.25237,0.67971
-0.18479,-0.059516,0.11334
-0.29872,0.057281,0.44866
-0.25696,0.01693,0.48768
-0.19031,-0.05531,0.48768
-0.1025,-0.15427,0.48768
-0.025564,-0.24787,0.48768
0.031287,-0.30394,0.69047
-0.29583,0.085405,0.4154
-0.28783,0.063397,0.48768
-0.21867,-0.014466,0.48768
-0.13885,-0.10064,0.48768
-0.061455,-0.1946,0.48768
-0.0038361,-0.25237,0.68944
-0.1683,-0.049896,0.1147
-0.29516,0.090679,0.46166
-0.24711,0.036725,0.48768
-0.18475,-0.033477,0.48768
-0.10515,-0.11972,0.48768
-0.022963,-0.21795,0.48768
0.031758,-0.28055,0.69047
-0.1438,-0.061224,0.11564
-0.29348,0.10387,0.48467
-0.23081,0.026763,0.48768
-0.1626,-0.04818,0.48768
-0.082851,-0.14124,0.48768
0.0054524,-0.22711,0.48768
0.067268,-0.30877,0.69047
-0.12295,-0.070385,0.11646
-0.28643,0.10885,0.48768
-0.21531,0.033035,0.48768
-0.14606,-0.045471,0.48768
-0.061741,-0.14304,0.48768
0.023627,-0.22903,0.48768
0.080705,-0.29331,0.69047
-0.28899,0.13115,0.41329
-0.27692,0.10767,0.48768
-0.21521,0.034804,0.48768
-0.13363,-0.041397,0.48768
-0.055981,-0.1272,0.48768
0.038568,-0.22708,0.48768
-0.1448,-0.021137,0.081739
-0.046739,-0.11762,0.069045
-0.2816,0.12336,0.48768
-0.21379,0.05558,0.48768
-0.13349,-0.033637,0.48768
-0.050988,-0.11852,0.48768
0.026429,-0.20414,0.48768
0.092634,-0.27246,0.69047
-0.13433,-0.024797,0.11772
-0.28651,0.14502,0.44531
-0.25455,0.1139,0.48768
-0.18698,0.041645,0.48768
-0.11327,-0.046872,0.48768
-0.024628,-0.13431,0.48768
0.065159,-0.23222,0.48768
0.12839,-0.29447,0.69047
-0.098377,-0.042027,0.11907
-0.28269,0.16299,0.48101
-0.23028,0.091709,0.48768
-0.155,0.018795,0.48768
-0.072982,-0.067253,0.48768
-0.00093625,-0.15503,0.48768
0.10701,-0.25177,0.48768
-0.1235,-0.0056597,0.084126
-0.083943,-0.041443,0.11993
-0.2782,0.1571,0.48768
-0.20291,0.088215,0.48768
-0.13293,0.0050542,0.48768
-0.054209,-0.070949,0.48768
0.031218,-0.15953,0.48768
0.12356,-0.26712,0.49044
0.12342,-0.26642,0.69047
-0.11217,-0.0015654,0.11997
-0.2778,0.18418,0.45542
-0.24317,0.13784,0.48768
-0.1708,0.066341,0.48768
-0.10051,-0.018624,0.48768
-0.013381,-0.10918,0.48768
0.074662,-0.19096,0.48768
0.13096,-0.25679,0.53932
0.13534,-0.25237,0.63671
-0.12098,0.028236,0.11895
-0.27703,0.18751,0.42652
-0.25526,0.16652,0.48768
-0.18596,0.092772,0.48768
-0.11134,0.020539,0.48768
-0.030913,-0.07146,0.48768
0.053994,-0.15904,0.48768
0.14056,-0.24327,0.50069
0.1388,-0.25237,0.60644
0.16929,-0.27761,0.69047
-0.27376,0.19964,0.41043
-0.26766,0.19145,0.48768
-0.20854,0.12367,0.48768
-0.1316,0.054086,0.48768
-0.043455,-0.039284,0.48768
0.039559,-0.13378,0.48768
0.12572,-0.21497,0.48768
0.14192,-0.24107,0.57282
0.15422,-0.23976,0.68625
-0.094155,0.020591,0.12955
-0.27162,0.20717,0.48058
-0.21453,0.15519,0.48768
-0.13834,0.077706,0.48768
-0.065859,6.3916e-005,0.48768
0.013798,-0.084606,0.48768
0.1106,-0.18953,0.48768
0.14144,-0.22513,0.55939
0.14997,-0.22469,0.65857
0.16657,-0.24977,0.7513
-0.08711,0.032678,0.14309
-0.26825,0.21379,0.48768
-0.19886,0.14948,0.48768
-0.13443,0.074151,0.48768
-0.05604,-0.0017569,0.48768
0.032124,-0.090854,0.48768
0.12161,-0.18668,0.48768
0.14231,-0.19953,0.57866
0.15214,-0.2155,0.6729
0.17066,-0.2287,0.76848
-0.10588,0.065466,0.11826
-0.26644,0.22532,0.4377
-0.23575,0.19515,0.48768
-0.16277,0.11959,0.48768
-0.091147,0.049174,0.48768
-0.012688,-0.035029,0.48768
0.067865,-0.11894,0.48768
0.14048,-0.18417,0.51978
0.14677,-0.19283,0.63079
0.15977,-0.21303,0.71798
0.17992,-0.23386,0.80436
-0.082535,0.060528,0.099531
-0.25501,0.23047,0.43781
-0.23091,0.20408,0.48768
-0.16712,0.13186,0.48768
-0.088974,0.056814,0.48768
-0.0095471,-0.02367,0.48768
0.081976,-0.10901,0.48768
0.14045,-0.17163,0.5266
0.14781,-0.17779,0.63984
0.16146,-0.18693,0.72656
0.18136,-0.21109,0.8095
0.21105,-0.24362,0.89978
-0.06359,0.045772,0.12731
-0.23854,0.23047,0.46858
-0.18824,0.18136,0.48768
-0.11515,0.10287,0.48768
-0.040069,0.029624,0.48768
0.048011,-0.063769,0.48768
0.13318,-0.15389,0.48768
0.14289,-0.16084,0.58643
0.15532,-0.17188,0.69336
0.17155,-0.19275,0.77222
0.19915,-0.21611,0.86708
0.22747,-0.23589,0.94069
-0.052217,0.05203,0.12034
-0.23784,0.23047,0.46224
-0.18564,0.18537,0.48768
-0.10824,0.11076,0.48768
-0.025827,0.029872,0.48768
0.053106,-0.058072,0.48768
0.14057,-0.13788,0.49877
0.14421,-0.14384,0.60394
0.15534,-0.16007,0.6935
0.17376,-0.16901,0.78153
0.1996,-0.19617,0.86846
0.22975,-0.23147,0.9462
-0.054873,0.064627,0.11955
-0.22047,0.23047,0.44517
-0.18586,0.1941,0.48768
-0.1086,0.12244,0.48768
-0.031045,0.04267,0.48768
0.053312,-0.046241,0.48768
0.14058,-0.12408,0.49608
0.14371,-0.12574,0.59725
0.15567,-0.13554,0.6956
0.17275,-0.14954,0.77728
0.19755,-0.1776,0.86213
0.23022,-0.20891,0.94732
-0.050882,0.072648,0.11891
-0.21043,0.23047,0.42905
-0.21669,0.23887,0.52683
-0.20977,0.23417,0.60929
-0.027816,0.06332,0.48768
0.050006,-0.0274,0.48768
0.1406,-0.11198,0.49098
0.14332,-0.11732,0.59208
0.15386,-0.12013,0.68395
0.17324,-0.14649,0.77932
0.1972,-0.17464,0.86107
0.22816,-0.19419,0.94234
-0.048236,0.09297,0.11747
0.019981,0.023017,0.11797
-0.21669,0.2572,0.52697
-0.20968,0.24441,0.60955
-0.034701,0.078363,0.48768
0.050098,-0.0060385,0.48768
0.1336,-0.09699,0.48768
0.14312,-0.10503,0.58944
0.1548,-0.10367,0.69003
0.17222,-0.12664,0.77504
0.19531,-0.14685,0.85523
0.22609,-0.18328,0.93733
-0.050092,0.10442,0.11674
0.024079,0.034547,0.11768
-0.2036,0.24979,0.50675
-0.20844,0.26725,0.6132
-0.042161,0.094811,0.48768
0.050634,0.0060371,0.48768
0.13246,-0.081135,0.48768
0.14304,-0.084545,0.58842
0.15336,-0.097868,0.68075
0.17026,-0.11237,0.76681
0.19472,-0.1403,0.85341
0.22634,-0.16837,0.93796
-0.044777,0.11217,0.11609
0.03534,0.035615,0.10729
-0.19072,0.24979,0.4915
-0.20881,0.27808,0.6121
-0.17952,0.23967,0.65671
0.042682,0.024458,0.48768
0.13958,-0.061142,0.48768
0.14308,-0.071833,0.58886
0.15235,-0.07774,0.67426
0.1701,-0.10091,0.76616
0.19523,-0.11463,0.85497
0.22512,-0.15293,0.935
-0.048518,0.12463,0.11533
0.053739,0.035615,0.1046
-0.17044,0.24837,0.48768
-0.20752,0.27772,0.6159
-0.17115,0.25048,0.66405
0.060877,0.022613,0.48768
0.14056,-0.048035,0.50066
0.144,-0.058304,0.6011
0.15545,-0.070395,0.69418
0.17451,-0.074957,0.78467
0.19807,-0.10727,0.86376
0.22969,-0.13502,0.94604
-0.038242,0.13336,0.11451
0.069621,0.026958,0.11442
-0.14188,0.23423,0.48768
-0.19246,0.28409,0.64218
-0.15101,0.23507,0.67693
0.097015,0.01158,0.48768
0.14082,-0.040324,0.5417
0.14795,-0.034627,0.64099
0.16135,-0.061307,0.726
0.18191,-0.078086,0.81146
0.20809,-0.10285,0.89173
0.24132,-0.13948,0.97175
-0.0086446,0.11694,0.11497
0.10988,0.013362,0.11155
-0.11045,0.21107,0.48768
-0.17461,0.27961,0.66101
0.048058,0.064756,0.48768
0.14003,-0.015716,0.48768
0.14322,-0.030181,0.59081
0.15282,-0.031081,0.67729
0.17247,-0.046862,0.77609
0.19323,-0.079114,0.84879
0.22376,-0.10311,0.93172
-0.02353,0.14806,0.11319
0.10221,0.030709,0.1121
-0.11521,0.23288,0.48768
-0.17172,0.28842,0.648
-0.13336,0.24553,0.68428
0.13624,-0.0011149,0.48768
0.14181,-0.015539,0.56961
0.15143,-0.027237,0.66837
0.1679,-0.034651,0.7569
0.19171,-0.056533,0.8441
0.21877,-0.081888,0.91964
0.25738,-0.11427,0.99627
0.11165,0.035615,0.08602
-0.11581,0.24979,0.47095
-0.066076,0.19696,0.48768
-0.144,0.2691,0.68038
0.10287,0.042018,0.48768
0.14104,0.002196,0.5481
0.14893,-0.0049684,0.6495
0.16365,-0.020368,0.7377
0.18537,-0.028315,0.82381
0.21244,-0.063054,0.90356
0.24369,-0.0995,0.9769
0.12129,0.035615,0.086375
-0.10484,0.24979,0.47308
-0.039452,0.18872,0.48768
-0.13,0.27168,0.68542
0.1294,0.031624,0.48768
0.14193,0.017132,0.57309
0.15045,0.012721,0.66206
0.16719,-0.007601,0.75391
0.18867,-0.032362,0.8347
0.21742,-0.048696,0.91638
0.25107,-0.083714,0.99291
0.13763,0.035615,0.10113
-0.084096,0.24345,0.48768
-0.0078463,0.17113,0.48768
-0.10588,0.26832,0.68982
0.14054,0.029714,0.50553
0.14432,0.035281,0.60541
0.15598,0.023798,0.69757
0.17582,0.0051263,0.78973
0.19953,-0.021788,0.86827
0.22792,-0.048991,0.94178
0.00080544,0.177,0.11068
0.17222,0.022398,0.1071
-0.06378,0.22995,0.48768
0.023685,0.15718,0.48768
-0.075593,0.24475,0.69047
0.14083,0.043821,0.54196
0.14784,0.034035,0.64003
0.16177,0.021508,0.72816
0.18249,0.011163,0.81352
0.20857,-0.012373,0.89304
0.24062,-0.044489,0.97022
0.16566,0.035615,0.084922
-0.065421,0.24979,0.47935
0.001121,0.19051,0.48768
-0.095486,0.27442,0.69047
0.14046,0.064683,0.52603
0.14575,0.048617,0.62194
0.15736,0.044661,0.70569
0.17711,0.029389,0.79436
0.20369,0.0044029,0.87978
0.23288,-0.020983,0.95344
0.024216,0.17878,0.11005
-0.031889,0.23047,0.41737
-0.0080689,0.21328,0.48768
-0.10302,0.28842,0.68437
0.14051,0.078902,0.51347
0.14459,0.070258,0.60901
0.15649,0.055836,0.70089
0.17478,0.049087,0.78582
0.19728,0.018385,0.86132
0.22871,-0.0070954,0.94367
0.3182,-0.086747,0.96932
0.20555,0.033474,0.10472
-0.025388,0.23054,0.48768
0.048832,0.1683,0.48768
-0.033879,0.24966,0.69047
0.1435,0.089767,0.59446
0.15208,0.077757,0.67253
0.16973,0.063587,0.76458
0.19224,0.04195,0.84574
0.21948,0.018876,0.92136
0.25337,-0.015932,0.99788
0.21851,0.035615,0.087756
-0.023994,0.24979,0.48095
0.053087,0.18495,0.48768
-0.03837,0.26469,0.69047
0.14252,0.098819,0.58143
0.15269,0.097013,0.67647
0.16759,0.075922,0.75558
0.19035,0.058865,0.8399
0.21978,0.029566,0.9221
0.25323,0.0019866,0.99758
0.22256,0.035615,0.082825
-0.0097809,0.24979,0.47586
0.065937,0.18556,0.48768
-0.03642,0.27336,0.69047
0.14348,0.11825,0.59425
0.15301,0.10511,0.67848
0.17094,0.096027,0.76967
0.19388,0.070549,0.85081
0.2225,0.048996,0.92866
0.28031,-0.0033034,0.98797
0.24754,0.035615,0.073973
0.019185,0.24118,0.48768
0.10573,0.1565,0.48768
0.0072311,0.2455,0.69047
0.14779,0.1225,0.63966
0.16117,0.11401,0.72512
0.1798,0.09548,0.80393
0.20625,0.071784,0.88674
0.23794,0.039573,0.96441
0.26006,0.037656,0.044518
0.050239,0.21902,0.48768
-0.024663,0.28842,0.67298
0.14275,0.14101,0.58451
0.15077,0.13397,0.66408
0.16733,0.11193,0.75449
0.18912,0.1028,0.83609
0.21619,0.080203,0.9134
0.24701,0.043007,0.98409
0.033356,0.24979,0.47768
0.11547,0.17771,0.48768
0.017906,0.25684,0.69047
0.14849,0.14515,0.64571
0.16244,0.13799,0.73154
0.18394,0.11578,0.81873
0.20941,0.099995,0.89532
0.24124,0.071212,0.97157
0.043083,0.24979,0.47617
0.11624,0.18989,0.48768
0.02537,0.26245,0.69047
0.15001,0.15817,0.65885
0.16366,0.15334,0.73777
0.18692,0.13653,0.8293
0.21114,0.11008,0.90002
0.24199,0.082897,0.9732
0.05579,0.24979,0.47523
0.1406,0.18094,0.49101
0.038849,0.2668,0.69047
0.15111,0.17265,0.66632
0.16818,0.16153,0.75806
0.1869,0.14139,0.82922
0.21349,0.11824,0.90642
0.24687,0.085825,0.98379
0.083616,0.24979,0.48458
0.14053,0.18633,0.50953
0.059054,0.26309,0.69047
0.15617,0.17997,0.69878
0.17105,0.15994,0.77012
0.19577,0.14152,0.85664
0.22215,0.12307,0.92783
0.28774,0.065112,0.98335
0.1087,0.22962,0.48768
0.14159,0.21254,0.56344
0.14922,0.19639,0.65204
0.16271,0.18847,0.73292
0.18215,0.17626,0.81234
0.20879,0.15244,0.89364
0.23893,0.12546,0.96655
0.10466,0.24979,0.4675
0.13096,0.23304,0.53281
0.063606,0.28367,0.69047
0.15647,0.21138,0.7007
0.17303,0.19109,0.77845
0.19628,0.16731,0.85821
0.22469,0.15004,0.93396
0.30754,0.089024,0.97329
0.13073,0.24466,0.50108
0.13096,0.23998,0.60803
0.15297,0.21512,0.67826
0.16877,0.20731,0.76057
0.19007,0.19766,0.83902
0.21934,0.17328,0.92103
0.25025,0.14648,0.99112
0.13112,0.24867,0.50453
0.13453,0.24979,0.61191
0.1552,0.23315,0.69047
0.17068,0.22504,0.76857
0.19178,0.20352,0.8443
0.22017,0.18449,0.92303
0.25108,0.14846,0.99293
0.14903,0.24979,0.51974
0.10461,0.28842,0.67258
0.16885,0.23335,0.69047
0.17521,0.22695,0.78756
0.20022,0.21078,0.87036
0.22729,0.18298,0.94024
0.302,0.11896,0.97441
0.16943,0.24979,0.55648
0.13308,0.27413,0.69047
0.1954,0.23047,0.72306
0.19684,0.23047,0.82527
0.21346,0.21343,0.90633
0.24493,0.18304,0.97958
0.19889,0.23047,0.53826
0.15269,0.27039,0.69047
0.21414,0.23047,0.72853
0.20573,0.23047,0.83829
0.22031,0.22188,0.92338
0.2602,0.19294,0.9885
0.21771,0.23047,0.58075
0.22361,0.23047,0.70052
0.21877,0.23047,0.78921
0.21982,0.23047,0.89317
0.24341,0.21953,0.97627
0.23222,0.23047,0.75522
0.23586,0.23047,0.85859
0.24041,0.23047,0.95475
0.25134,0.23047,0.82898
0.25335,0.23047,0.9331
0.26878,0.23047,0.83638
0.26812,0.23047,0.93607
0.2875,0.23047,0.90114
0.30172,0.23047,0.93272
-0.19616,0.28765,0.63664
-0.21669,0.27477,0.55487
-0.19609,0.27839,0.63675
-0.13551,0.28811,0.68355
0.0046378,0.29021,0.088809
-0.21669,0.27163,0.56801
-0.18936,0.26968,0.64597
-0.13662,0.2792,0.68317
-0.0043506,0.28647,0.69047
0.0040411,0.27662,0.10384
-0.21547,0.26221,0.58646
-0.18313,0.2587,0.65307
-0.10662,0.27228,0.68978
0.0084968,0.2765,0.69047
-0.0012178,0.27219,0.078922
-0.21669,0.24779,0.49655
-0.21432,0.25326,0.59222
-0.18027,0.25787,0.65605
-0.10347,0.25645,0.68998
0.033484,0.2692,0.69047
0.013112,0.26294,0.030133
0.040567,0.26722,0.10368
-0.21669,0.24588,0.53377
-0.2046,0.24524,0.62184
-0.1567,0.24854,0.67406
-0.04561,0.25186,0.69047
0.073445,0.26447,0.69047
-0.008428,0.25,0.076318
-0.26538,0.22907,0.41951
-0.22201,0.22884,0.48768
-0.11375,0.23588,0.48768
-0.19109,0.23896,0.64399
-0.11861,0.23664,0.68807
0.0041192,0.24842,0.69047
0.1366,0.26063,0.69047
0.03097,0.23904,0.1058
-0.26932,0.21522,0.47359
-0.17643,0.22778,0.48768
-0.070511,0.23603,0.48768
0.055296,0.24472,0.48768
-0.063041,0.23047,0.6852
0.053207,0.24917,0.69047
-0.014363,0.23174,0.084667
-0.26982,0.21346,0.42708
-0.24001,0.21595,0.48768
-0.13694,0.21933,0.48768
-0.022763,0.22945,0.48768
0.092832,0.24223,0.48768
-0.016329,0.23047,0.67723
0.10966,0.23495,0.69047
-0.010513,0.21516,0.10834
-0.27257,0.20381,0.44261
-0.21825,0.20864,0.48768
-0.10851,0.21486,0.48768
-0.0003324,0.21671,0.48768
0.12752,0.22512,0.48768
0.142,0.22852,0.57454
0.15254,0.22812,0.67547
-0.017905,0.20622,0.10911
-0.27596,0.19194,0.44796
-0.22145,0.19388,0.48768
-0.11402,0.20288,0.48768
0.0068253,0.21502,0.48768
0.12378,0.22003,0.48768
0.14242,0.21889,0.58009
0.15358,0.22578,0.68213
0.17032,0.21746,0.76708
0.19471,0.22847,0.85335
0.22836,0.22366,0.94282
-0.025398,0.19777,0.10046
-0.27739,0.18595,0.43935
-0.23083,0.18483,0.48768
-0.12264,0.19614,0.48768
-0.014349,0.19985,0.48768
0.10654,0.20506,0.48768
0.14192,0.20877,0.5728
0.15128,0.20919,0.66738
0.17004,0.2125,0.76588
0.19383,0.21322,0.85063
0.22498,0.21488,0.93467
-0.027142,0.19241,0.083102
-0.28137,0.16872,0.41985
-0.25332,0.17104,0.48768
-0.15752,0.18032,0.48768
-0.040725,0.18945,0.48768
0.07328,0.19342,0.48768
0.14076,0.19965,0.54008
0.14772,0.20472,0.63899
0.16309,0.19567,0.73488
0.18594,0.20337,0.82585
0.21406,0.20453,0.90797
0.30059,0.21156,0.96814
0.012158,0.18456,0.10992
-0.28162,0.16762,0.48349
-0.18992,0.17151,0.48768
-0.077148,0.17627,0.48768
0.039492,0.18,0.48768
0.1405,0.18964,0.51559
0.14433,0.18852,0.60551
0.15839,0.18634,0.71094
0.17667,0.1874,0.79277
0.20589,0.19563,0.88577
0.23979,0.19233,0.96842
-0.031622,0.16647,0.11211
-0.2843,0.15604,0.44651
-0.23247,0.16159,0.48768
-0.12395,0.15956,0.48768
-0.0074577,0.1691,0.48768
0.11152,0.17647,0.48768
0.14188,0.17993,0.57157
0.15158,0.17824,0.66931
0.16889,0.17626,0.76104
0.19179,0.18012,0.84435
0.22491,0.18322,0.93448
-0.038384,0.15781,0.090517
-0.28598,0.14803,0.41417
-0.26474,0.1461,0.48768
-0.16183,0.15299,0.48768
-0.039962,0.16213,0.48768
0.076681,0.16557,0.48768
0.14059,0.16672,0.53543
0.14729,0.16748,0.63526
0.16276,0.16454,0.73318
0.185,0.16553,0.82248
0.21739,0.17683,0.9163
0.27789,0.17067,0.9821
-0.0065824,0.15016,0.11267
-0.28772,0.13826,0.47654
-0.19598,0.13739,0.48768
-0.091853,0.1458,0.48768
0.023699,0.15092,0.48768
0.1406,0.15668,0.49083
0.14441,0.15804,0.60664
0.15607,0.15465,0.69815
0.17532,0.15648,0.78795
0.20029,0.16184,0.87054
0.23461,0.16116,0.95719
-0.044407,0.13628,0.11445
-0.28948,0.12839,0.43799
-0.23715,0.1258,0.48768
-0.13103,0.13527,0.48768
-0.0146,0.13469,0.48768
0.10501,0.14183,0.48768
0.14146,0.14605,0.55971
0.15011,0.14223,0.65979
0.16631,0.14511,0.75023
0.19111,0.1448,0.84223
0.22046,0.14725,0.92374
-0.048233,0.12749,0.063096
0.0072857,0.13122,0.11365
-0.27547,0.11386,0.48768
-0.17537,0.11908,0.48768
-0.062467,0.12381,0.48768
0.058421,0.13132,0.48768
0.14047,0.13957,0.52342
0.14501,0.13646,0.61464
0.15923,0.13329,0.71524
0.18149,0.13598,0.80999
0.2085,0.14347,0.89287
0.24274,0.14346,0.97483
-0.031153,0.12223,0.11511
-0.29339,0.1046,0.4646
-0.22444,0.10923,0.48768
-0.11318,0.11223,0.48768
-0.0053722,0.11766,0.48768
0.12172,0.12421,0.48768
0.14226,0.12094,0.57803
0.15253,0.1306,0.6754
0.17028,0.12231,0.7669
0.19789,0.12714,0.8632
0.22832,0.13425,0.94273
-0.05495,0.10682,0.088563
-0.29426,0.097726,0.41597
-0.26586,0.097899,0.48768
-0.17226,0.10233,0.48768
-0.054095,0.10507,0.48768
0.056439,0.11113,0.48768
0.14045,0.11819,0.52741
0.14649,0.12051,0.62832
0.16018,0.11579,0.72004
0.18231,0.1215,0.81288
0.21087,0.11887,0.89931
0.24869,0.11928,0.98774
-0.03725,0.10036,0.11673
-0.29539,0.088889,0.47333
-0.21109,0.096256,0.48768
-0.10292,0.098757,0.48768
0.0086254,0.10523,0.48768
0.14041,0.10102,0.48768
0.14326,0.10812,0.59126
0.15342,0.10278,0.68112
0.17307,0.10145,0.7786
0.1971,0.10481,0.86076
0.23073,0.11147,0.94857
-0.060948,0.088363,0.079495
-0.29616,0.082775,0.41452
-0.2784,0.084997,0.48768
-0.18179,0.080504,0.48768
-0.07169,0.086004,0.48768
0.051392,0.092611,0.48768
0.14048,0.095082,0.52022
0.14571,0.090498,0.62161
0.15919,0.095993,0.71502
0.18089,0.09269,0.80782
0.20857,0.10146,0.89305
0.24503,0.095414,0.97979
-0.063507,0.080484,0.10714
-0.29763,0.071232,0.43778
-0.25108,0.073331,0.48768
-0.14205,0.072756,0.48768
-0.034757,0.076906,0.48768
0.082967,0.087464,0.48768
0.14129,0.079821,0.55492
0.14859,0.08663,0.6466
0.16336,0.083532,0.73622
0.18766,0.081958,0.83159
0.21828,0.087378,0.91846
-0.12576,0.066307,0.11708
-0.026899,0.067925,0.1187
-0.29813,0.065056,0.48031
-0.21151,0.06639,0.48768
-0.10139,0.070512,0.48768
0.012498,0.072328,0.48768
0.1406,0.074856,0.49073
0.14342,0.078127,0.59348
0.15362,0.073403,0.68239
0.17193,0.068997,0.77383
0.19935,0.078097,0.86769
0.2347,0.073404,0.95739
-0.095779,0.061856,0.119
-0.29904,0.052979,0.41291
-0.27507,0.058633,0.48768
-0.17558,0.056593,0.48768
-0.07295,0.061076,0.48768
0.042186,0.05907,0.48768
0.14048,0.068027,0.52066
0.14514,0.060966,0.61628
0.1592,0.066571,0.71506
0.1817,0.06816,0.81073
0.20754,0.066711,0.89025
0.24362,0.062607,0.97673
-0.072972,0.048469,0.12071
-0.29993,0.041228,0.45086
-0.25293,0.043315,0.48768
-0.14342,0.044523,0.48768
-0.03769,0.049324,0.48768
0.088734,0.054491,0.48768
0.14138,0.053496,0.55758
0.14879,0.053804,0.64828
0.16495,0.048259,0.74436
0.18878,0.052684,0.83502
0.21788,0.056626,0.9175
0.31536,0.050662,0.97099
-0.080305,0.038878,0.15385
-0.30014,0.038449,0.46176
-0.23292,0.035031,0.48768
-0.11943,0.04252,0.48768
-0.013923,0.042178,0.48768
0.11034,0.037994,0.48768
0.14185,0.038995,0.57078
0.15013,0.042101,0.6599
0.16952,0.042933,0.76371
0.19343,0.040879,0.8494
0.22363,0.039969,0.93139
-0.1208,0.027792,0.11898
-0.092436,0.024743,0.19718
-0.3008,0.029825,0.47393
-0.21095,0.030759,0.48768
-0.10343,0.031506,0.48768
0.022624,0.026069,0.48768
0.1406,0.034549,0.49251
0.14346,0.035133,0.59395
0.15432,0.028573,0.6869
0.17279,0.027953,0.77744
0.20018,0.03196,0.87023
0.23452,0.027374,0.95699
-0.1056,0.017938,0.12027
-0.30099,0.022107,0.41042
-0.28511,0.017827,0.48768
-0.18852,0.015347,0.48768
-0.076362,0.018409,0.48768
0.042297,0.018761,0.48768
0.14055,0.025362,0.50358
0.1447,0.015703,0.61041
0.15694,0.021626,0.70358
0.1789,0.024682,0.80072
0.20533,0.021,0.88425
0.2419,0.019369,0.97301
-0.096692,0.0063288,0.13862
-0.30128,0.010454,0.42754
-0.27041,0.0094208,0.48768
-0.16975,0.0061316,0.48768
-0.056744,0.014335,0.48768
0.056259,0.010791,0.48768
0.14057,0.0053017,0.53463
0.14682,0.009101,0.6312
0.16055,0.0086248,0.72196
0.18311,0.012114,0.81576
0.2118,0.0083408,0.90182
0.2505,0.015802,0.99165
-0.096285,0.0032396,0.15069
-0.30163,-0.0032427,0.44787
-0.24575,-0.004342,0.48768
-0.14632,0.00052427,0.48768
-0.037188,0.0014733,0.48768
0.084531,0.0037919,0.48768
0.14094,-0.0052268,0.5451
0.14911,0.0041097,0.65112
0.16513,-0.0030219,0.74527
0.18721,-0.0022166,0.8302
0.21783,0.0041545,0.91737
0.2774,-0.0010175,0.98929
-0.094157,-0.0061189,0.16274
-0.30182,-0.011199,0.46433
-0.23051,-0.0067226,0.48768
-0.12224,-0.010046,0.48768
-0.0051683,-0.0083096,0.48768
0.11824,-0.0084266,0.48768
0.14193,-0.0062321,0.57304
0.15058,-0.0088798,0.66288
0.16998,-0.011162,0.76562
0.19158,-0.011854,0.8437
0.22634,-0.0060719,0.93796
-0.12457,-0.018833,0.11853
-0.088891,-0.01589,0.17806
-0.30163,-0.018659,0.48705
-0.21763,-0.018341,0.48768
-0.097594,-0.021841,0.48768
0.0079986,-0.022093,0.48768
0.1306,-0.016661,0.48768
0.14279,-0.019191,0.58501
0.15364,-0.018652,0.68255
0.1728,-0.021801,0.77749
0.1997,-0.025052,0.86877
0.23435,-0.023959,0.95662
-0.1124,-0.030954,0.11872
-0.069808,-0.029876,0.17822
-0.30141,-0.02753,0.48646
-0.20072,-0.032449,0.48768
-0.095155,-0.031224,0.48768
0.029081,-0.027006,0.48768
0.14059,-0.026392,0.49356
0.14436,-0.029762,0.60588
0.15642,-0.034952,0.7004
0.17489,-0.030674,0.78627
0.2008,-0.028487,0.87193
0.23544,-0.03702,0.95898
-0.09135,-0.038346,0.11963
-0.30117,-0.03679,0.43931
-0.2639,-0.040249,0.48768
-0.14615,-0.035765,0.48768
-0.047873,-0.044145,0.48768
0.074263,-0.042943,0.48768
0.14086,-0.040386,0.54289
0.14804,-0.043034,0.64175
0.16225,-0.042498,0.73059
0.18453,-0.047705,0.8208
0.21402,-0.043302,0.90786
0.25358,-0.044201,0.99835
-0.050742,-0.046177,0.11973
-0.30101,-0.043427,0.46071
-0.23357,-0.042479,0.48768
-0.12823,-0.048702,0.48768
-0.0072735,-0.050239,0.48768
0.10634,-0.053548,0.48768
0.14167,-0.047498,0.56589
0.15196,-0.05068,0.67176
0.16919,-0.052446,0.76232
0.19399,-0.057789,0.85114
0.2246,-0.053903,0.93373
-0.11368,-0.0551,0.11764
-0.01652,-0.061689,0.11792
-0.30071,-0.052843,0.47476
-0.21517,-0.060396,0.48768
-0.096534,-0.05895,0.48768
0.015013,-0.056163,0.48768
0.14061,-0.060516,0.49049
0.1427,-0.060278,0.58386
0.15484,-0.064777,0.69024
0.17367,-0.058243,0.78112
0.19988,-0.059853,0.86933
0.23101,-0.065078,0.94923
-0.061902,-0.070959,0.083121
-0.29975,-0.065586,0.41826
-0.27745,-0.064665,0.48768
-0.17731,-0.064116,0.48768
-0.064478,-0.066841,0.48768
0.045767,-0.069255,0.48768
0.1405,-0.075233,0.5144
0.14579,-0.076005,0.62224
0.15843,-0.073681,0.71116
0.17909,-0.073112,0.80141
0.20926,-0.073064,0.89492
0.24344,-0.080187,0.97634
-0.044158,-0.079881,0.11729
-0.29926,-0.072038,0.45687
-0.24418,-0.077838,0.48768
-0.13309,-0.073324,0.48768
-0.020241,-0.077482,0.48768
0.095777,-0.080471,0.48768
0.14135,-0.080599,0.55677
0.15083,-0.080425,0.66451
0.16539,-0.086746,0.74633
0.19062,-0.082297,0.84071
0.22342,-0.085391,0.9309
-0.05629,-0.08823,0.065569
-0.0083837,-0.094694,0.11549
-0.28646,-0.085452,0.48768
-0.18281,-0.082177,0.48768
-0.080579,-0.085235,0.48768
0.04006,-0.095353,0.48768
0.14055,-0.098155,0.50467
0.14475,-0.099002,0.61108
0.15773,-0.092743,0.7076
0.17754,-0.093926,0.79588
0.20683,-0.10078,0.88832
0.24033,-0.0978,0.9696
-0.052833,-0.098869,0.11052
-0.29767,-0.09278,0.45656
-0.23868,-0.090655,0.48768
-0.13311,-0.09091,0.48768
-0.018077,-0.10257,0.48768
0.10655,-0.10357,0.48768
0.14143,-0.10087,0.55897
0.14984,-0.10867,0.65743
0.16586,-0.10083,0.74834
0.19174,-0.10662,0.84417
0.21957,-0.10893,0.92159
-0.048624,-0.11182,0.073107
0.0092252,-0.11063,0.11402
-0.27925,-0.10241,0.48768
-0.17584,-0.10748,0.48768
-0.068701,-0.1109,0.48768
0.042313,-0.10709,0.48768
0.14047,-0.11986,0.52353
0.14611,-0.11907,0.62505
0.15943,-0.11878,0.71626
0.18138,-0.11874,0.80959
0.20842,-0.11462,0.89265
0.24526,-0.12311,0.9803
-0.030251,-0.12088,0.1142
-0.29594,-0.10643,0.46116
-0.22597,-0.11455,0.48768
-0.12345,-0.11933,0.48768
-0.0086717,-0.12043,0.48768
0.11419,-0.12758,0.48768
0.1417,-0.12261,0.56674
0.15086,-0.13062,0.66467
0.16815,-0.12508,0.75795
0.19287,-0.1278,0.84767
0.22694,-0.1332,0.93939
-0.043566,-0.12739,0.071306
-0.29494,-0.1143,0.42058
-0.27789,-0.11607,0.48768
-0.17171,-0.12717,0.48768
-0.067578,-0.12879,0.48768
0.048655,-0.13741,0.48768
0.14051,-0.13501,0.51399
0.14531,-0.13254,0.61807
0.15993,-0.13331,0.71878
0.18131,-0.14193,0.80935
0.2088,-0.14295,0.89367
0.24275,-0.1449,0.97484
-0.029056,-0.14107,0.1128
-0.29314,-0.12851,0.45858
-0.21875,-0.12557,0.48768
-0.11432,-0.1342,0.48768
0.0092144,-0.14371,0.48768
0.1339,-0.14311,0.48768
0.14238,-0.15089,0.57962
0.15225,-0.1452,0.6736
0.17009,-0.14349,0.7661
0.19639,-0.14793,0.85857
0.2271,-0.14672,0.93978
-0.037134,-0.14719,0.070249
-0.29209,-0.13572,0.42012
-0.27203,-0.13232,0.48768
-0.1715,-0.14037,0.48768
-0.047832,-0.14923,0.48768
0.069575,-0.14939,0.48768
0.14061,-0.15886,0.53591
0.14657,-0.15956,0.629
0.16151,-0.15926,0.72681
0.1814,-0.16418,0.80966
0.21213,-0.16132,0.90272
0.24595,-0.16177,0.9818
0.009088,-0.15797,0.11081
-0.29023,-0.14611,0.4826
-0.1921,-0.15288,0.48768
-0.085644,-0.15526,0.48768
0.042374,-0.16241,0.48768
0.14051,-0.16641,0.51291
0.14469,-0.16966,0.61029
0.15703,-0.16797,0.70403
0.17757,-0.16457,0.796
0.20627,-0.16968,0.8868
0.24032,-0.17269,0.96956
-0.017787,-0.16568,0.11088
-0.28952,-0.15007,0.46701
-0.21434,-0.16205,0.48768
-0.10492,-0.16449,0.48768
0.014801,-0.17186,0.48768
0.14061,-0.17521,0.48836
0.14338,-0.17598,0.59286
0.15452,-0.18355,0.68819
0.17203,-0.1776,0.77425
0.1995,-0.17951,0.86817
0.2308,-0.18693,0.94874
-0.026479,-0.17998,0.099319
-0.28702,-0.1641,0.43768
-0.24265,-0.16905,0.48768
-0.12991,-0.17097,0.48768
-0.02968,-0.17775,0.48768
0.10611,-0.18331,0.48768
0.14144,-0.18666,0.55921
0.15068,-0.18881,0.66354
0.16727,-0.19056,0.75427
0.18902,-0.18835,0.83578
0.22282,-0.19626,0.92943
-0.024249,-0.18684,0.069303
-0.28517,-0.17419,0.41875
-0.25938,-0.17689,0.48768
-0.14737,-0.18091,0.48768
-0.041954,-0.19084,0.48768
0.074694,-0.19816,0.48768
0.14071,-0.20282,0.53862
0.14728,-0.19997,0.63523
0.16276,-0.20492,0.73319
0.18731,-0.20239,0.83049
0.21602,-0.20865,0.913
0.29859,-0.21317,0.97096
-0.2844,-0.17752,0.41542
-0.26982,-0.18631,0.48768
-0.17568,-0.18747,0.48768
-0.053934,-0.19208,0.48768
0.069335,-0.20527,0.48768
0.14044,-0.21022,0.52912
0.14643,-0.215,0.62785
0.16097,-0.20642,0.7241
0.18233,-0.21497,0.81297
0.21074,-0.20905,0.89895
0.24593,-0.21501,0.98174
0.016023,-0.20742,0.1073
-0.28095,-0.19244,0.47922
-0.18944,-0.19641,0.48768
-0.077795,-0.20591,0.48768
0.033664,-0.2127,0.48768
0.1405,-0.21606,0.51626
0.14474,-0.22152,0.61096
0.15619,-0.22216,0.69893
0.17581,-0.22625,0.78972
0.20618,-0.22354,0.88654
0.23833,-0.22989,0.96525
-0.0074378,-0.21582,0.10725
-0.28027,-0.19536,0.46602
-0.20472,-0.20814,0.48768
-0.10487,-0.21246,0.48768
0.016308,-0.22151,0.48768
0.13394,-0.22881,0.48768
0.14334,-0.23576,0.59236
0.15495,-0.22962,0.69094
0.17202,-0.22862,0.77422
0.19968,-0.23895,0.86873
0.23106,-0.23667,0.94936
-0.010708,-0.22852,0.084394
-0.27629,-0.21259,0.42452
-0.2374,-0.21143,0.48768
-0.13958,-0.22077,0.48768
-0.029091,-0.22501,0.48768
0.097611,-0.23793,0.48768
0.14155,-0.24298,0.56242
0.15057,-0.2404,0.66282
0.1677,-0.23917,0.75605
0.19177,-0.24603,0.84427
0.22395,-0.25055,0.93218
0.009834,-0.24567,0.033764
0.036931,-0.24502,0.10428
-0.27021,-0.21675,0.48768
-0.16095,-0.22628,0.48768
-0.058695,-0.23744,0.48768
0.061538,-0.24264,0.48768
0.13096,-0.25563,0.53996
0.13096,-0.25441,0.64349
0.16504,-0.25233,0.74482
-0.0035802,-0.25045,0.085765
-0.2722,-0.22702,0.42995
-0.23203,-0.23005,0.48768
-0.12275,-0.2393,0.48768
-0.014404,-0.25069,0.48768
0.11338,-0.2594,0.48756
-0.01178,-0.25237,0.68746
0.13228,-0.26306,0.69047
-0.0017507,-0.25608,0.092713
-0.27045,-0.23316,0.44384
-0.22169,-0.24248,0.48768
-0.12193,-0.25028,0.48768
0.0061629,-0.26192,0.48768
0.12201,-0.27083,0.48948
-0.00074189,-0.25956,0.69047
0.13586,-0.27575,0.69047
0.0036999,-0.27286,0.098315
-0.26557,-0.25029,0.44837
-0.21047,-0.25237,0.49489
-0.21568,-0.25357,0.5851
-0.18735,-0.2554,0.64825
-0.11374,-0.25908,0.68904
0.014161,-0.26819,0.69047
0.15393,-0.28623,0.69047
0.02063,-0.27885,0.10234
-0.21669,-0.26086,0.5313
-0.20815,-0.26238,0.61403
-0.16344,-0.26888,0.66955
-0.071349,-0.27387,0.69047
0.068389,-0.28601,0.69047
0.010462,-0.29367,0.095655
-0.21669,-0.26469,0.54984
-0.20239,-0.26645,0.62632
-0.15193,-0.27642,0.67647
-0.047691,-0.28638,0.69047
0.093471,-0.29453,0.69047
-0.21669,-0.28053,0.5581
-0.19618,-0.28332,0.63661
-0.14275,-0.28512,0.681
-0.030308,-0.29892,0.69047
0.13116,-0.3091,0.69047
-0.20659,-0.28567,0.61781
-0.16135,-0.29658,0.67095
-0.059534,-0.29928,0.69047
-0.21669,-0.29619,0.56796
-0.19226,-0.29524,0.64247
-0.12603,-0.30721,0.6866
-0.20189,-0.30452,0.62733
0.30039,-0.25237,0.95679
0.28096,-0.25237,0.96563
0.26908,-0.25237,0.90854
0.25848,-0.25237,0.80287
0.26624,-0.25237,0.88835
0.27796,-0.23159,0.97874
0.24516,-0.25237,0.7841
0.24209,-0.25237,0.89108
0.24876,-0.25237,0.97661
0.22399,-0.25237,0.64546
0.22526,-0.25237,0.75589
0.22857,-0.25237,0.84985
0.2293,-0.24671,0.94511
0.20954,-0.25237,0.49561
0.20744,-0.25237,0.58866
0.20086,-0.25237,0.70007
0.21518,-0.25237,0.79412
0.20845,-0.25161,0.89271
0.23764,-0.23446,0.96376
0.19848,-0.25237,0.51392
0.12104,-0.30769,0.69047
0.19049,-0.25237,0.70951
0.20413,-0.25237,0.80832
0.21046,-0.2407,0.89818
0.24033,-0.21299,0.96959
0.1602,-0.27169,0.47948
0.15796,-0.27169,0.57412
0.13602,-0.28568,0.69047
0.17749,-0.25237,0.74415
0.18981,-0.24833,0.83821
0.21421,-0.22397,0.90838
0.24729,-0.19402,0.9847
0.14085,-0.27169,0.52179
0.14183,-0.27169,0.61218
0.16821,-0.25237,0.69129
0.17234,-0.24202,0.77557
0.19484,-0.22198,0.85377
0.22347,-0.19868,0.931
0.29561,-0.14896,0.97687
0.13096,-0.26355,0.50889
0.13096,-0.26399,0.6041
0.14778,-0.25444,0.69047
0.17064,-0.23853,0.76842
0.19162,-0.2246,0.8438
0.21828,-0.19912,0.91846
0.25198,-0.16292,0.99487
0.12064,-0.26517,0.48888
0.14143,-0.23865,0.55892
0.11424,-0.26893,0.69047
0.16385,-0.22654,0.73872
0.18284,-0.20824,0.81478
0.20704,-0.19021,0.88889
0.23776,-0.16866,0.96402
0.10398,-0.27169,0.4581
0.14052,-0.24068,0.51
0.061064,-0.30392,0.69047
0.15432,-0.22501,0.68694
0.17003,-0.20625,0.76583
0.19351,-0.19016,0.84966
0.21833,-0.16855,0.91859
0.25254,-0.13706,0.99609
0.097306,-0.26294,0.48768
0.14052,-0.22472,0.53334
0.081617,-0.27022,0.69047
0.15819,-0.20763,0.70992
0.17522,-0.1901,0.78759
0.20042,-0.17071,0.87089
0.22625,-0.13936,0.93772
0.31457,-0.072793,0.97135
0.10321,-0.24373,0.48768
0.017397,-0.31032,0.67131
0.14649,-0.20105,0.62835
0.15909,-0.19271,0.71452
0.17833,-0.17859,0.79871
0.20112,-0.15805,0.87281
0.2306,-0.13204,0.94825
0.076638,-0.25237,0.41157
0.092359,-0.23021,0.48768
0.01274,-0.31032,0.67626
0.14624,-0.19214,0.62617
0.15892,-0.18492,0.71362
0.17664,-0.16069,0.79266
0.20211,-0.14121,0.8755
0.23189,-0.12069,0.95129
0.053627,-0.25237,0.41754
0.083721,-0.23338,0.48768
-0.0076311,-0.31032,0.67985
0.14451,-0.17806,0.608
0.15559,-0.16603,0.69509
0.17284,-0.15163,0.77766
0.19763,-0.1312,0.8624
0.22344,-0.10461,0.93094
0.27018,-0.063817,0.99204
0.046809,-0.24472,0.48768
0.13165,-0.17387,0.48768
0.038615,-0.25928,0.69047
0.1502,-0.15497,0.66042
0.16668,-0.14631,0.75178
0.18746,-0.12618,0.83097
0.21465,-0.11023,0.90958
0.24512,-0.070612,0.98
0.0067863,-0.27008,0.48768
0.089398,-0.20229,0.48768
-0.0067691,-0.27896,0.69047
0.14652,-0.15437,0.62858
0.15828,-0.14875,0.71039
0.17606,-0.12687,0.79061
0.20152,-0.10461,0.8739
0.23125,-0.078749,0.94982
0.0059859,-0.25237,0.41116
0.025883,-0.24661,0.48768
-0.052389,-0.31032,0.67511
0.14129,-0.13928,0.55491
0.14772,-0.13075,0.63899
0.16111,-0.12572,0.72477
0.18315,-0.10903,0.81588
0.20722,-0.085706,0.88937
0.2375,-0.051272,0.96345
0.26006,-0.020285,0.04045
0.0098694,-0.2433,0.48768
0.085284,-0.17234,0.48768
-0.0046784,-0.2567,0.69047
0.14589,-0.12854,0.62312
0.15931,-0.11602,0.71566
0.1801,-0.10004,0.80502
0.20231,-0.078041,0.87602
0.23288,-0.051992,0.95344
0.24751,-0.020285,0.025577
-0.035406,-0.27169,0.47113
0.036965,-0.20607,0.48768
-0.060525,-0.29555,0.69047
0.14184,-0.12062,0.57052
0.15001,-0.10961,0.65891
0.16463,-0.086969,0.7427
0.18527,-0.078671,0.82345
0.21134,-0.051646,0.90057
0.24204,-0.016963,0.9733
0.23127,-0.020285,0.039012
-0.049157,-0.27169,0.48304
0.023002,-0.20442,0.48768
-0.067747,-0.2872,0.69047
0.14153,-0.10777,0.56191
0.14878,-0.095777,0.64822
0.16373,-0.077019,0.73815
0.18446,-0.063095,0.82058
0.21043,-0.036585,0.8981
0.24238,-0.018272,0.97404
0.21618,-0.020285,0.026984
-0.061133,-0.27169,0.46669
0.009677,-0.20929,0.48768
-0.092428,-0.29514,0.69047
0.14044,-0.089778,0.52873
0.14525,-0.075953,0.6176
0.15772,-0.071239,0.70753
0.17769,-0.050569,0.7964
0.20347,-0.028314,0.87918
0.23509,-0.0044708,0.95822
0.21478,-0.006921,0.025604
-0.074128,-0.26839,0.48768
-0.0073965,-0.20689,0.48768
-0.091461,-0.28786,0.69047
0.14049,-0.07528,0.51888
0.14525,-0.068669,0.61761
0.15808,-0.060632,0.7094
0.17489,-0.043454,0.78625
0.20234,-0.020772,0.87612
0.23173,0.01118,0.95094
0.019434,-0.17845,0.10919
-0.095301,-0.27169,0.48428
-0.02075,-0.20231,0.48768
-0.10836,-0.29051,0.68966
0.14055,-0.067139,0.5027
0.14462,-0.063671,0.60943
0.15482,-0.048246,0.6901
0.17283,-0.032712,0.7776
0.19858,-0.010279,0.86532
0.22649,0.018497,0.9383
0.00025615,-0.17153,0.11008
-0.10381,-0.27169,0.47423
-0.039938,-0.21247,0.48768
-0.13284,-0.29946,0.68445
0.12992,-0.061703,0.48768
0.14243,-0.043486,0.58027
0.15184,-0.043378,0.67099
0.16896,-0.026186,0.76134
0.19091,-0.00049019,0.84161
0.21735,0.025405,0.91621
0.25081,0.052175,0.99234
-0.11847,-0.27169,0.44956
-0.077939,-0.23625,0.48768
-0.15671,-0.3075,0.67405
0.08586,-0.082655,0.48768
0.14047,-0.026864,0.52319
0.14696,-0.028986,0.63246
0.15875,-0.015987,0.71277
0.17918,0.002134,0.80174
0.20226,0.029588,0.87591
0.23745,0.053788,0.96334
0.00052548,-0.14546,0.11185
-0.12297,-0.26592,0.48768
-0.045846,-0.19842,0.48768
-0.14028,-0.28129,0.68193
0.11032,-0.038038,0.48768
0.14171,-0.018842,0.56681
0.1501,-0.010593,0.65965
0.1641,0.0072854,0.74
0.18568,0.027031,0.82492
0.21473,0.046704,0.9098
0.24688,0.082976,0.98381
0.11997,-0.021147,0.07017
-0.1286,-0.2513,0.48768
-0.17979,-0.31032,0.64574
-0.13805,-0.26458,0.68268
0.114,-0.02344,0.48768
0.14179,-0.0010185,0.56907
0.15063,0.0044798,0.66319
0.16521,0.016311,0.74559
0.18584,0.037981,0.82548
0.21618,0.065732,0.91338
0.24797,0.091814,0.98618
0.11175,-0.021147,0.067992
-0.14309,-0.25972,0.48768
-0.19302,-0.30748,0.64133
-0.1449,-0.26534,0.67994
0.10042,-0.030166,0.48768
0.14083,0.015991,0.54201
0.14859,0.012381,0.64658
0.16302,0.032676,0.7345
0.18222,0.051531,0.81257
0.20998,0.077836,0.89687
0.244,0.10429,0.97755
0.008101,-0.1056,0.11439
-0.16322,-0.25935,0.48768
-0.20048,-0.30268,0.63018
-0.16381,-0.26864,0.66931
0.073678,-0.040647,0.48768
0.14046,0.02124,0.52514
0.14527,0.029017,0.61771
0.15676,0.046039,0.70261
0.17623,0.061592,0.79121
0.20284,0.075946,0.87746
0.23267,0.11119,0.95297
-0.019671,-0.11505,0.11436
-0.18264,-0.27169,0.46596
-0.21507,-0.30102,0.58849
-0.18773,-0.27295,0.64783
0.025588,-0.067668,0.48768
0.10836,0.0064749,0.48768
0.1412,0.042586,0.55253
0.1497,0.04811,0.65617
0.16375,0.059828,0.73825
0.18684,0.087332,0.82903
0.21557,0.11254,0.91191
0.24896,0.14853,0.98833
-0.0011608,-0.078115,0.11646
-0.2011,-0.27169,0.49864
-0.2115,-0.28406,0.60419
-0.18157,-0.25708,0.65485
0.039275,-0.042306,0.48768
0.13411,0.042219,0.48768
0.14264,0.061941,0.58307
0.15214,0.067426,0.67293
0.17109,0.081961,0.7703
0.19465,0.10073,0.85317
0.22324,0.12473,0.93044
0.30657,0.21998,0.96459
0.050691,-0.021147,0.067828
-0.21669,-0.27766,0.51963
-0.21174,-0.2765,0.60346
-0.046107,-0.1138,0.48768
0.037953,-0.031909,0.48768
0.12144,0.04808,0.48768
0.14216,0.062175,0.57664
0.15202,0.075805,0.67211
0.16833,0.098749,0.75871
0.19085,0.11142,0.84144
0.22074,0.14123,0.92442
0.29772,0.21616,0.96903
0.038096,-0.021147,0.072589
-0.21669,-0.26924,0.50999
-0.21233,-0.26241,0.60173
-0.052642,-0.10531,0.48768
0.030627,-0.030084,0.48768
0.11318,0.059569,0.48768
0.14165,0.08046,0.5652
0.15107,0.09769,0.66603
0.16693,0.11173,0.75283
0.19207,0.12457,0.84521
0.21719,0.16305,0.91583
0.27329,0.20957,0.98091
0.02338,-0.021147,0.077942
-0.21669,-0.25292,0.4893
-0.21632,-0.25643,0.57547
-0.071093,-0.11241,0.48768
0.020679,-0.021755,0.48768
0.10983,0.064863,0.48768
0.14121,0.093093,0.55276
0.14887,0.1055,0.64896
0.1647,0.1244,0.74305
0.18667,0.13169,0.82844
0.21435,0.16641,0.90876
0.24822,0.19595,0.98672
-0.0246,-0.051583,0.11878
-0.22656,-0.25237,0.48415
-0.16213,-0.18488,0.48768
-0.083061,-0.10134,0.48768
0.0022571,-0.025794,0.48768
0.09004,0.063194,0.48768
0.14045,0.11214,0.52776
0.1465,0.1112,0.62847
0.16123,0.13342,0.7254
0.17985,0.15037,0.80414
0.20713,0.17888,0.88914
0.24449,0.21195,0.97862
-0.035349,-0.046793,0.11934
-0.24211,-0.25237,0.48634
-0.16837,-0.18112,0.48768
-0.091175,-0.11083,0.48768
-0.01642,-0.024238,0.48768
0.064681,0.048776,0.48768
0.1405,0.12572,0.51484
0.14488,0.13358,0.61288
0.15829,0.13749,0.71045
0.17692,0.16585,0.79367
0.20266,0.19004,0.87697
0.23564,0.21724,0.95943
-0.044505,-0.046157,0.11959
-0.24346,-0.24666,0.48768
-0.17623,-0.18235,0.48768
-0.10581,-0.10301,0.48768
-0.022727,-0.026934,0.48768
0.069855,0.069892,0.48768
0.14054,0.13816,0.50696
0.14479,0.14324,0.61163
0.15708,0.15694,0.70431
0.17538,0.17759,0.78818
0.20034,0.20916,0.87069
-0.067997,-0.052201,0.077496
-0.26504,-0.25214,0.45606
-0.22338,-0.20983,0.48768
-0.15423,-0.14016,0.48768
-0.081909,-0.069455,0.48768
0.0035497,0.017231,0.48768
0.088247,0.10335,0.48768
0.14108,0.15287,0.54915
0.14831,0.15606,0.64413
0.16209,0.17138,0.72977
0.18267,0.20186,0.81418
0.2112,0.22779,0.90019
-0.26889,-0.23863,0.41129
-0.256,-0.23496,0.48768
-0.1883,-0.16326,0.48768
-0.11324,-0.092253,0.48768
-0.03505,-0.01447,0.48768
0.056967,0.081756,0.48768
0.14059,0.16353,0.49388
0.14335,0.17458,0.59256
0.15488,0.18434,0.69053
0.17311,0.20768,0.77879
-0.10998,-0.063107,0.11751
-0.26954,-0.23637,0.43504
-0.23956,-0.20629,0.48768
-0.17205,-0.13748,0.48768
-0.10275,-0.064839,0.48768
-0.016566,0.021278,0.48768
0.076723,0.11726,0.48768
0.14051,0.18639,0.512
0.14492,0.18287,0.61339
0.15964,0.20263,0.7173
0.17714,0.22379,0.79445
-0.27369,-0.22179,0.41467
-0.25986,-0.21204,0.48768
-0.19516,-0.14799,0.48768
-0.11904,-0.070285,0.48768
-0.03849,0.01873,0.48768
0.037727,0.10074,0.48768
0.13565,0.20553,0.48768
0.14311,0.20491,0.58931
0.15266,0.22432,0.67626
-0.1234,-0.056984,0.117
-0.27556,-0.21523,0.42931
-0.25428,-0.18977,0.48768
-0.1905,-0.12342,0.48768
-0.1139,-0.044162,0.48768
-0.037233,0.038991,0.48768
0.050322,0.13344,0.48768
0.14058,0.22023,0.49599
0.14388,0.2241,0.59959
0.15603,0.22811,0.69788
-0.092069,-0.01116,0.14102
-0.27339,-0.19811,0.48768
-0.20958,-0.13068,0.48768
-0.13267,-0.058528,0.48768
-0.057653,0.029973,0.48768
0.025432,0.12104,0.48768
0.11389,0.20335,0.48768
0.13231,0.23047,0.5819
0.13656,0.23047,0.68158
-0.10226,-0.006717,0.12033
-0.28182,-0.18868,0.45505
-0.23781,-0.15059,0.48768
-0.16639,-0.074666,0.48768
-0.084877,0.014632,0.48768
-0.00787,0.097895,0.48768
0.0838,0.18878,0.48768
0.13096,0.23951,0.54481
0.13096,0.23356,0.65936
-0.12466,-0.013997,0.11873
-0.28201,-0.18785,0.44179
-0.256,-0.15447,0.48768
-0.18727,-0.079584,0.48768
-0.11728,-0.0037233,0.48768
-0.028597,0.091353,0.48768
0.057424,0.18627,0.48768
0.11806,0.23757,0.69047
-0.11502,0.013969,0.10919
-0.28557,-0.17222,0.44571
-0.25004,-0.13258,0.48768
-0.17917,-0.058533,0.48768
-0.10235,0.024017,0.48768
-0.019591,0.11181,0.48768
0.075642,0.21032,0.48768
0.13901,0.27096,0.69047
-0.099285,0.036994,0.11984
-0.28814,-0.15781,0.47908
-0.23279,-0.098385,0.48768
-0.14968,-0.018021,0.48768
-0.072474,0.065621,0.48768
0.011074,0.15663,0.48768
0.079126,0.23047,0.68178
-0.12659,0.022374,0.093529
-0.28862,-0.15512,0.42607
-0.27593,-0.13336,0.48768
-0.20069,-0.062014,0.48768
-0.13748,0.016208,0.48768
-0.054601,0.099534,0.48768
0.04227,0.20415,0.48768
0.087191,0.25565,0.69047
-0.12663,0.039515,0.11815
-0.29228,-0.13464,0.44455
-0.25687,-0.09771,0.48768
-0.18235,-0.014387,0.48768
-0.11191,0.053519,0.48768
-0.023998,0.14871,0.48768
0.067125,0.24941,0.48768
-0.14627,0.036669,0.10975
-0.29335,-0.12687,0.43877
-0.25587,-0.093225,0.48768
-0.19009,-0.020715,0.48768
-0.11436,0.069797,0.48768
-0.032868,0.15865,0.48768
0.033452,0.23047,0.67213
-0.15341,0.041858,0.091849
-0.29475,-0.11583,0.41948
-0.27858,-0.10105,0.48768
-0.21533,-0.02615,0.48768
-0.13939,0.056899,0.48768
-0.055613,0.14376,0.48768
0.034485,0.24518,0.48768
-0.16293,0.048774,0.084104
-0.29676,-0.099954,0.41123
-0.28572,-0.092209,0.48768
-0.2225,-0.023161,0.48768
-0.14384,0.064256,0.48768
-0.068463,0.1462,0.48768
0.014921,0.2475,0.48768
-0.16737,0.052002,0.097819
-0.29711,-0.097166,0.44462
-0.26853,-0.054303,0.48768
-0.1957,0.022683,0.48768
-0.11485,0.10387,0.48768
-0.037146,0.19912,0.48768
0.022928,0.26192,0.69047
-0.15541,0.079238,0.11482
-0.29888,-0.07706,0.47586
-0.23262,-0.0070602,0.48768
-0.16745,0.06808,0.48768
-0.082307,0.15806,0.48768
-0.0033963,0.24699,0.48768
-0.18329,0.063567,0.086279
-0.29935,-0.070821,0.43685
-0.27841,-0.037503,0.48768
-0.2042,0.043173,0.48768
-0.12395,0.12952,0.48768
-0.048063,0.22312,0.48768
0.007572,0.27901,0.69047
-0.16031,0.10208,0.11358
-0.30064,-0.053798,0.48447
-0.23155,0.027751,0.48768
-0.15706,0.11689,0.48768
-0.072864,0.2085,0.48768
-0.017552,0.26751,0.69047
-0.17417,0.10717,0.11256
-0.30116,-0.037355,0.48054
-0.22426,0.045774,0.48768
-0.15556,0.12231,0.48768
-0.079267,0.2187,0.48768
-0.20636,0.08033,0.092557
-0.30138,-0.02844,0.44477
-0.26907,0.0076784,0.48768
-0.20529,0.084291,0.48768
-0.12009,0.18013,0.48768
-0.067747,0.23646,0.69047
-0.20926,0.10014,0.11083
-0.30182,-0.0112,0.45294
-0.26346,0.033887,0.48768
-0.1851,0.12178,0.48768
-0.11066,0.21229,0.48768
-0.043284,0.28121,0.69047
-0.30173,-0.0069989,0.41938
-0.29208,0.014908,0.48768
-0.22486,0.093696,0.48768
-0.14824,0.18425,0.48768
-0.091229,0.24606,0.69047
-0.21125,0.11475,0.1101
-0.30127,0.010948,0.48092
-0.23887,0.088574,0.48768
-0.16004,0.18029,0.48768
-0.10258,0.24637,0.69004
-0.21926,0.12215,0.10933
-0.30084,0.028017,0.48133
-0.24384,0.095659,0.48768
-0.16637,0.19457,0.48768
-0.12388,0.24256,0.68702
-0.23178,0.12544,0.10847
-0.29931,0.049453,0.45631
-0.25142,0.10558,0.48768
-0.17562,0.20163,0.48768
-0.13145,0.24165,0.68492
-0.24351,0.13487,0.10739
-0.29808,0.065643,0.46241
-0.2534,0.12575,0.48768
-0.17808,0.20591,0.48768
-0.13305,0.2551,0.68438
-0.23234,0.15417,0.10723
-0.28713,0.090281,0.48768
-0.21082,0.18296,0.48768
-0.1706,0.24204,0.66454
-0.26411,0.12766,0.10651
-0.29355,0.10333,0.45544
-0.25216,0.14725,0.48768
-0.17332,0.24369,0.48768
-0.14001,0.27728,0.68202
-0.29231,0.11257,0.4118
-0.28317,0.12724,0.48768
-0.20759,0.21739,0.48768
-0.19061,0.23369,0.64454
-0.2881,0.13972,0.10273
-0.28735,0.14031,0.43485
-0.24367,0.19169,0.48768
-0.20447,0.23047,0.53477
-0.19975,0.24566,0.63127
-0.2935,0.14549,0.10406
-0.28583,0.14884,0.45844
-0.23949,0.21157,0.48768
-0.21669,0.23581,0.55972
-0.19763,0.26614,0.63444
-0.26936,0.17867,0.10406
-0.26525,0.18847,0.48768
-0.21542,0.24903,0.58673
-0.18646,0.28763,0.64927
-0.27218,0.20522,0.42763
-0.21669,0.2725,0.5534
-0.3151,0.16285,0.10208
-0.2679,0.22022,0.45139
