0.0059292
0.5772
1
0.56065
0.078382
0.16155
0.32551
0.68134
0.34323
0.73136
1
1
1
1
1
0.84408
1
0.28316
0.075342
0.83565
0.19908
1
0.25268
0.034118
0.37793
0.079533
1
0.40158
0.19204
0.060658
1
0.68701
0.41061
0.79355
0.11409
0.95965
1
0.51678
0.21925
0.7337
0.31956
0.4452
0.17219
1
1
0.7015
1
1
0.14491
0.56788
0.47653
0.3905
0.5493
0.17844
0.40446
0.047451
0.41455
0.62081
0.30936
0.046795
0.16814
0.17079
0.093729
0.16626
0.12722
0.15678
0.02537
0.18579
0.56339
0.44592
0.19695
0.74229
0.11578
0.13145
0.12247
0.16333
0.17176
0.3096
0.16618
0.16393
0.16082
0.11372
0.12983
1
0.18181
0.18126
0.15531
0.090792
0.12011
0.30938
0.17525
0.18262
0.1746
0.1596
0.17091
0.17053
0.021213
0.09265
0.072533
0.11075
0.10319
0.012524
0.063823
0.073146
0.055854
0.21467
1
0.04156
0.040549
0.10341
0.026962
0.16375
0.16037
0.011112
0.029708
0.012628
0.090126
0.12772
0.036348
