0
0
0.1107
0.50824
0.15467
-0.43276
-1.0599
-1.1107
0.77494
0.066109
0.28271
-0.26725
0.1366
-0.069631
-0.38654
-0.17569
0.033164
0
0
0
0
0
-0.096245
1.2406
-0.43478
-0.25149
-0.75463
-0.66867
0.32269
-0.12043
0.19275
-0.1041
0.23491
0.081327
-0.048126
-0.044298
0.011499
0
0
0
0
0
-0.24028
0.41484
-0.35809
-0.34885
-0.49561
-0.82764
0.43525
-0.91855
0.040554
-1.5542
-0.24937
-1.4665
-0.21999
-0.55895
0.085689
-0.03983
0
0
0
0
-0.35519
0.55201
-0.33336
-0.4641
-0.21724
-0.24585
0.30309
-0.48903
-0.44311
-1.2185
-0.16312
-1.0192
0.25601
-1.0063
-0.39903
-0.63501
0
0
0
0
-0.46787
0.28458
-0.28434
0.29119
0.22547
0.045231
0.11006
0.089037
0.030658
-0.76452
0.43407
-0.27872
0.32119
-0.1885
0.12317
-0.053679
0
0
0
0
0.067932
0.82273
-0.3347
0.69481
0.75367
1.1927
0.39399
0.7091
-0.004232
0.67672
0.23662
1.0798
0.32131
0.55096
0.2701
0.30331
0
0
0
0
0.40882
0.42824
0.31097
0.32613
0.41583
0.45735
0.11988
0.46213
0.027476
0.30668
0.19643
0.6231
0.094943
0.18626
0
0
0
0
0
0
0.017418
0.03085
0.0034874
0.027281
0.019886
0.024862
-0.011594
0.024218
0.0049569
0.034781
0.04725
0.20917
0.30028
0.20613
0
0
0
0
0
0
-0.0073364
0.033383
0.018058
0.029483
0.020343
0.025967
-0.010516
0.023635
-0.0094302
0.023105
-0.012434
0.024218
0
0
0
0
0
0
0
0
-0.0015387
0.031621
0.016391
0.03085
-0.0058216
0.027777
-0.01925
0.024532
-0.0069903
0.023635
0.01157
0.025578
0
0
0
0
0
0
